RandomSeed,83147,Population size:128,Bit Length:64,Crossover Rate:0.7,Mutation Rate:0.005
gen,BestFitness,FitnessEval
1,43,5504
2,43,5504
3,42,5376
4,41,5248
5,43,5504
6,43,5504
7,42,5376
8,43,5504
9,43,5504
10,43,5504
11,43,5504
12,44,5632
13,44,5632
14,44,5632
15,44,5632
16,44,5632
17,43,5504
18,46,5888
19,46,5888
20,47,6016
21,47,6016
22,47,6016
23,45,5760
24,48,6144
25,46,5888
26,46,5888
27,47,6016
28,46,5888
29,48,6144
30,45,5760
31,44,5632
32,46,5888
33,47,6016
34,43,5504
35,45,5760
36,45,5760
37,45,5760
38,44,5632
39,45,5760
40,47,6016
41,48,6144
42,46,5888
43,46,5888
44,47,6016
45,47,6016
46,45,5760
47,46,5888
48,45,5760
49,46,5888
50,46,5888
51,46,5888
52,46,5888
53,45,5760
54,47,6016
55,46,5888
56,46,5888
57,46,5888
58,46,5888
59,47,6016
60,47,6016
61,47,6016
62,47,6016
63,47,6016
64,47,6016
65,47,6016
66,47,6016
67,46,5888
68,49,6272
69,46,5888
70,46,5888
71,47,6016
72,47,6016
73,47,6016
74,47,6016
75,47,6016
76,47,6016
77,48,6144
78,48,6144
79,48,6144
80,48,6144
81,49,6272
82,49,6272
83,49,6272
84,49,6272
85,49,6272
86,49,6272
87,49,6272
88,49,6272
89,49,6272
90,48,6144
91,48,6144
92,48,6144
93,47,6016
94,50,6400
95,50,6400
96,50,6400
97,48,6144
98,48,6144
99,48,6144
100,47,6016
101,48,6144
102,48,6144
103,49,6272
104,50,6400
105,48,6144
106,49,6272
107,49,6272
108,51,6528
109,50,6400
110,50,6400
111,50,6400
112,50,6400
113,49,6272
114,49,6272
115,49,6272
116,50,6400
117,48,6144
118,48,6144
119,50,6400
120,50,6400
121,49,6272
122,49,6272
123,49,6272
124,49,6272
125,48,6144
126,49,6272
127,49,6272
128,48,6144
129,50,6400
130,50,6400
131,50,6400
132,51,6528
133,51,6528
134,50,6400
135,50,6400
136,50,6400
137,50,6400
138,51,6528
139,51,6528
140,50,6400
141,52,6656
142,51,6528
143,52,6656
144,55,7040
145,55,7040
146,54,6912
147,55,7040
148,55,7040
149,56,7168
150,56,7168
151,53,6784
152,53,6784
153,54,6912
154,53,6784
155,56,7168
156,55,7040
157,54,6912
158,55,7040
159,54,6912
160,53,6784
161,53,6784
162,55,7040
163,53,6784
164,53,6784
165,52,6656
166,52,6656
167,53,6784
168,52,6656
169,53,6784
170,52,6656
171,51,6528
172,52,6656
173,52,6656
174,52,6656
175,51,6528
176,52,6656
177,52,6656
178,52,6656
179,54,6912
180,55,7040
181,55,7040
182,55,7040
183,55,7040
184,53,6784
185,53,6784
186,55,7040
187,55,7040
188,53,6784
189,53,6784
190,53,6784
191,52,6656
192,54,6912
193,52,6656
194,52,6656
195,52,6656
196,52,6656
197,52,6656
198,54,6912
199,54,6912
200,54,6912
201,54,6912
202,55,7040
203,55,7040
204,53,6784
205,55,7040
206,54,6912
207,54,6912
208,54,6912
209,54,6912
210,55,7040
211,53,6784
212,53,6784
213,56,7168
214,53,6784
215,54,6912
216,53,6784
217,55,7040
218,54,6912
219,54,6912
220,54,6912
221,53,6784
222,53,6784
223,54,6912
224,53,6784
225,53,6784
226,53,6784
227,53,6784
228,53,6784
229,51,6528
230,52,6656
231,51,6528
232,52,6656
233,53,6784
234,53,6784
235,51,6528
236,52,6656
237,52,6656
238,52,6656
239,52,6656
240,51,6528
241,52,6656
242,53,6784
243,51,6528
244,51,6528
245,51,6528
246,52,6656
247,53,6784
248,51,6528
249,51,6528
250,50,6400
251,50,6400
252,48,6144
253,48,6144
254,49,6272
255,49,6272
256,49,6272
257,51,6528
258,52,6656
259,50,6400
260,51,6528
261,50,6400
262,51,6528
263,52,6656
264,52,6656
265,52,6656
266,52,6656
267,52,6656
268,52,6656
269,52,6656
270,52,6656
271,50,6400
272,51,6528
273,50,6400
274,50,6400
275,49,6272
276,49,6272
277,49,6272
278,50,6400
279,50,6400
280,51,6528
281,51,6528
282,50,6400
283,51,6528
284,50,6400
285,50,6400
286,50,6400
287,51,6528
288,49,6272
289,52,6656
290,52,6656
291,53,6784
292,52,6656
293,53,6784
294,52,6656
295,53,6784
296,52,6656
297,53,6784
298,51,6528
299,52,6656
300,49,6272
301,49,6272
302,50,6400
303,51,6528
304,51,6528
305,51,6528
306,51,6528
307,49,6272
308,48,6144
309,49,6272
310,48,6144
311,48,6144
312,50,6400
313,50,6400
314,49,6272
315,50,6400
316,50,6400
317,51,6528
318,50,6400
319,50,6400
320,50,6400
321,50,6400
322,50,6400
323,52,6656
324,52,6656
325,51,6528
326,51,6528
327,52,6656
328,50,6400
329,49,6272
330,51,6528
331,52,6656
332,51,6528
333,52,6656
334,51,6528
335,50,6400
336,50,6400
337,51,6528
338,50,6400
339,50,6400
340,51,6528
341,52,6656
342,50,6400
343,52,6656
344,52,6656
345,50,6400
346,51,6528
347,51,6528
348,51,6528
349,52,6656
350,52,6656
351,52,6656
352,52,6656
353,52,6656
354,52,6656
355,51,6528
356,52,6656
357,51,6528
358,50,6400
359,51,6528
360,51,6528
361,52,6656
362,51,6528
363,51,6528
364,51,6528
365,52,6656
366,51,6528
367,50,6400
368,52,6656
369,51,6528
370,51,6528
371,51,6528
372,51,6528
373,50,6400
374,50,6400
375,49,6272
376,48,6144
377,48,6144
378,50,6400
379,51,6528
380,51,6528
381,51,6528
382,51,6528
383,51,6528
384,49,6272
385,50,6400
386,49,6272
387,50,6400
388,50,6400
389,50,6400
390,48,6144
391,49,6272
392,49,6272
393,49,6272
394,50,6400
395,48,6144
396,48,6144
397,48,6144
398,49,6272
399,49,6272
400,49,6272
401,51,6528
402,52,6656
403,51,6528
404,50,6400
405,49,6272
406,49,6272
407,50,6400
408,50,6400
409,49,6272
410,49,6272
411,50,6400
412,49,6272
413,49,6272
414,49,6272
415,49,6272
416,49,6272
417,48,6144
418,49,6272
419,48,6144
420,46,5888
421,48,6144
422,48,6144
423,48,6144
424,48,6144
425,49,6272
426,51,6528
427,48,6144
428,47,6016
429,47,6016
430,48,6144
431,48,6144
432,50,6400
433,50,6400
434,48,6144
435,47,6016
436,46,5888
437,47,6016
438,47,6016
439,46,5888
440,46,5888
441,47,6016
442,47,6016
443,49,6272
444,48,6144
445,48,6144
446,49,6272
447,48,6144
448,48,6144
449,48,6144
450,49,6272
451,48,6144
452,48,6144
453,48,6144
454,49,6272
455,49,6272
456,50,6400
457,50,6400
458,49,6272
459,49,6272
460,49,6272
461,49,6272
462,49,6272
463,49,6272
464,49,6272
465,49,6272
466,50,6400
467,48,6144
468,49,6272
469,49,6272
470,49,6272
471,48,6144
472,48,6144
473,49,6272
474,48,6144
475,47,6016
476,48,6144
477,47,6016
478,47,6016
479,46,5888
480,46,5888
481,46,5888
482,46,5888
483,47,6016
484,47,6016
485,47,6016
486,47,6016
487,47,6016
488,47,6016
489,47,6016
490,48,6144
491,45,5760
492,46,5888
493,47,6016
494,48,6144
495,46,5888
496,46,5888
497,46,5888
498,47,6016
499,47,6016
500,48,6144
501,47,6016
502,47,6016
503,47,6016
504,49,6272
505,49,6272
506,49,6272
507,49,6272
508,50,6400
509,49,6272
510,51,6528
511,50,6400
512,50,6400
513,50,6400
514,50,6400
515,51,6528
516,48,6144
517,49,6272
518,50,6400
519,51,6528
520,50,6400
521,51,6528
522,50,6400
523,50,6400
524,51,6528
525,52,6656
526,54,6912
527,54,6912
528,53,6784
529,52,6656
530,51,6528
531,50,6400
532,50,6400
533,50,6400
534,50,6400
535,50,6400
536,52,6656
537,50,6400
538,52,6656
539,51,6528
540,49,6272
541,50,6400
542,50,6400
543,50,6400
544,53,6784
545,51,6528
546,52,6656
547,52,6656
548,51,6528
549,52,6656
550,52,6656
551,53,6784
552,50,6400
553,51,6528
554,51,6528
555,50,6400
556,51,6528
557,50,6400
558,50,6400
559,51,6528
560,51,6528
561,51,6528
562,51,6528
563,50,6400
564,51,6528
565,52,6656
566,50,6400
567,53,6784
568,52,6656
569,51,6528
570,52,6656
571,54,6912
572,52,6656
573,52,6656
574,52,6656
575,52,6656
576,52,6656
577,52,6656
578,55,7040
579,55,7040
580,53,6784
581,53,6784
582,53,6784
583,53,6784
584,52,6656
585,54,6912
586,52,6656
587,53,6784
588,52,6656
589,53,6784
590,52,6656
591,52,6656
592,51,6528
593,52,6656
594,50,6400
595,50,6400
596,52,6656
597,53,6784
598,53,6784
599,52,6656
600,52,6656
601,50,6400
602,51,6528
603,50,6400
604,50,6400
605,51,6528
606,50,6400
607,50,6400
608,52,6656
609,52,6656
610,52,6656
611,52,6656
612,52,6656
613,52,6656
614,52,6656
615,52,6656
616,53,6784
617,54,6912
618,52,6656
619,52,6656
620,52,6656
621,52,6656
622,52,6656
623,51,6528
624,51,6528
625,51,6528
626,52,6656
627,51,6528
628,51,6528
629,51,6528
630,51,6528
631,52,6656
632,53,6784
633,53,6784
634,53,6784
635,51,6528
636,50,6400
637,50,6400
638,51,6528
639,51,6528
640,52,6656
641,51,6528
642,50,6400
643,51,6528
644,49,6272
645,50,6400
646,52,6656
647,50,6400
648,49,6272
649,50,6400
650,49,6272
651,49,6272
652,49,6272
653,48,6144
654,48,6144
655,50,6400
656,50,6400
657,51,6528
658,50,6400
659,50,6400
660,50,6400
661,51,6528
662,50,6400
663,51,6528
664,50,6400
665,50,6400
666,51,6528
667,51,6528
668,49,6272
669,50,6400
670,53,6784
671,49,6272
672,49,6272
673,49,6272
674,48,6144
675,49,6272
676,49,6272
677,50,6400
678,49,6272
679,50,6400
680,50,6400
681,50,6400
682,50,6400
683,51,6528
684,50,6400
685,50,6400
686,50,6400
687,50,6400
688,50,6400
689,52,6656
690,51,6528
691,51,6528
692,50,6400
693,51,6528
694,51,6528
695,51,6528
696,52,6656
697,52,6656
698,51,6528
699,51,6528
700,52,6656
701,52,6656
702,53,6784
703,52,6656
704,52,6656
705,52,6656
706,53,6784
707,52,6656
708,52,6656
709,52,6656
710,52,6656
711,52,6656
712,52,6656
713,51,6528
714,51,6528
715,53,6784
716,50,6400
717,51,6528
718,53,6784
719,52,6656
720,54,6912
721,51,6528
722,51,6528
723,52,6656
724,52,6656
725,52,6656
726,53,6784
727,53,6784
728,52,6656
729,52,6656
730,53,6784
731,53,6784
732,53,6784
733,54,6912
734,52,6656
735,53,6784
736,53,6784
737,52,6656
738,53,6784
739,54,6912
740,53,6784
741,52,6656
742,53,6784
743,52,6656
744,51,6528
745,52,6656
746,52,6656
747,51,6528
748,52,6656
749,53,6784
750,52,6656
751,50,6400
752,51,6528
753,50,6400
754,50,6400
755,51,6528
756,51,6528
757,52,6656
758,53,6784
759,52,6656
760,52,6656
761,53,6784
762,52,6656
763,51,6528
764,51,6528
765,51,6528
766,52,6656
767,52,6656
768,51,6528
769,50,6400
770,52,6656
771,51,6528
772,51,6528
773,50,6400
774,50,6400
775,50,6400
776,49,6272
777,50,6400
778,50,6400
779,52,6656
780,50,6400
781,51,6528
782,50,6400
783,50,6400
784,50,6400
785,50,6400
786,51,6528
787,52,6656
788,50,6400
789,50,6400
790,51,6528
791,51,6528
792,50,6400
793,50,6400
794,51,6528
795,51,6528
796,52,6656
797,51,6528
798,51,6528
799,51,6528
800,52,6656
801,52,6656
802,52,6656
803,52,6656
804,51,6528
805,53,6784
806,52,6656
807,53,6784
808,53,6784
809,53,6784
810,52,6656
811,52,6656
812,53,6784
813,53,6784
814,50,6400
815,50,6400
816,51,6528
817,52,6656
818,50,6400
819,51,6528
820,50,6400
821,51,6528
822,50,6400
823,51,6528
824,51,6528
825,51,6528
826,52,6656
827,51,6528
828,50,6400
829,50,6400
830,49,6272
831,51,6528
832,52,6656
833,50,6400
834,50,6400
835,49,6272
836,49,6272
837,49,6272
838,49,6272
839,49,6272
840,51,6528
841,50,6400
842,51,6528
843,51,6528
844,51,6528
845,49,6272
846,49,6272
847,51,6528
848,50,6400
849,52,6656
850,49,6272
851,49,6272
852,49,6272
853,50,6400
854,49,6272
855,49,6272
856,51,6528
857,52,6656
858,51,6528
859,52,6656
860,51,6528
861,51,6528
862,52,6656
863,52,6656
864,52,6656
865,52,6656
866,52,6656
867,52,6656
868,51,6528
869,52,6656
870,52,6656
871,51,6528
872,51,6528
873,52,6656
874,52,6656
875,51,6528
876,52,6656
877,51,6528
878,52,6656
879,52,6656
880,53,6784
881,53,6784
882,52,6656
883,51,6528
884,51,6528
885,52,6656
886,52,6656
887,51,6528
888,51,6528
889,52,6656
890,51,6528
891,53,6784
892,52,6656
893,53,6784
894,53,6784
895,53,6784
896,52,6656
897,53,6784
898,53,6784
899,53,6784
900,52,6656
901,52,6656
902,53,6784
903,54,6912
904,54,6912
905,53,6784
906,54,6912
907,54,6912
908,56,7168
909,53,6784
910,54,6912
911,54,6912
912,54,6912
913,56,7168
914,55,7040
915,56,7168
916,57,7296
917,57,7296
918,56,7168
919,56,7168
920,57,7296
921,56,7168
922,55,7040
923,55,7040
924,57,7296
925,56,7168
926,57,7296
927,57,7296
928,57,7296
929,57,7296
930,58,7424
931,58,7424
932,58,7424
933,58,7424
934,58,7424
935,58,7424
936,58,7424
937,60,7680
938,60,7680
939,59,7552
940,58,7424
941,60,7680
942,60,7680
943,60,7680
944,59,7552
945,59,7552
946,59,7552
947,59,7552
948,59,7552
949,58,7424
950,58,7424
951,58,7424
952,59,7552
953,59,7552
954,60,7680
955,60,7680
956,60,7680
957,61,7808
958,61,7808
959,61,7808
960,61,7808
961,60,7680
962,61,7808
963,60,7680
964,60,7680
965,60,7680
966,59,7552
967,58,7424
968,58,7424
969,58,7424
970,57,7296
971,58,7424
972,59,7552
973,57,7296
974,57,7296
975,57,7296
976,57,7296
977,56,7168
978,56,7168
979,57,7296
980,57,7296
981,56,7168
982,56,7168
983,56,7168
984,56,7168
985,56,7168
986,56,7168
987,55,7040
988,57,7296
989,58,7424
990,58,7424
991,57,7296
992,57,7296
993,56,7168
994,56,7168
995,54,6912
996,56,7168
997,55,7040
998,56,7168
999,56,7168
1000,59,7552
1001,56,7168
1002,56,7168
1003,55,7040
1004,56,7168
1005,55,7040
1006,55,7040
1007,55,7040
1008,54,6912
1009,53,6784
1010,53,6784
1011,53,6784
1012,54,6912
1013,54,6912
1014,53,6784
1015,54,6912
1016,53,6784
1017,54,6912
1018,56,7168
1019,54,6912
1020,55,7040
1021,55,7040
1022,55,7040
1023,56,7168
1024,54,6912
1025,54,6912
1026,55,7040
1027,55,7040
1028,55,7040
1029,54,6912
1030,53,6784
1031,53,6784
1032,54,6912
1033,54,6912
1034,53,6784
1035,53,6784
1036,54,6912
1037,54,6912
1038,54,6912
1039,52,6656
1040,53,6784
1041,54,6912
1042,55,7040
1043,54,6912
1044,53,6784
1045,55,7040
1046,57,7296
1047,57,7296
1048,57,7296
1049,56,7168
1050,57,7296
1051,53,6784
1052,54,6912
1053,54,6912
1054,54,6912
1055,54,6912
1056,55,7040
1057,55,7040
1058,55,7040
1059,55,7040
1060,54,6912
1061,54,6912
1062,56,7168
1063,55,7040
1064,54,6912
1065,53,6784
1066,54,6912
1067,55,7040
1068,55,7040
1069,54,6912
1070,54,6912
1071,53,6784
1072,54,6912
1073,53,6784
1074,54,6912
1075,53,6784
1076,55,7040
1077,53,6784
1078,54,6912
1079,55,7040
1080,54,6912
1081,53,6784
1082,53,6784
1083,55,7040
1084,53,6784
1085,53,6784
1086,53,6784
1087,53,6784
1088,52,6656
1089,53,6784
1090,53,6784
1091,52,6656
1092,52,6656
1093,51,6528
1094,52,6656
1095,52,6656
1096,52,6656
1097,52,6656
1098,52,6656
1099,52,6656
1100,49,6272
1101,50,6400
1102,52,6656
1103,51,6528
1104,50,6400
1105,50,6400
1106,50,6400
1107,52,6656
1108,52,6656
1109,49,6272
1110,50,6400
1111,50,6400
1112,50,6400
1113,50,6400
1114,50,6400
1115,51,6528
1116,49,6272
1117,51,6528
1118,50,6400
1119,50,6400
1120,51,6528
1121,50,6400
1122,52,6656
1123,50,6400
1124,49,6272
1125,51,6528
1126,50,6400
1127,50,6400
1128,52,6656
1129,52,6656
1130,52,6656
1131,52,6656
1132,52,6656
1133,52,6656
1134,51,6528
1135,54,6912
1136,51,6528
1137,51,6528
1138,52,6656
1139,51,6528
1140,52,6656
1141,53,6784
1142,53,6784
1143,53,6784
1144,55,7040
1145,54,6912
1146,54,6912
1147,55,7040
1148,53,6784
1149,53,6784
1150,53,6784
1151,52,6656
1152,52,6656
1153,53,6784
1154,52,6656
1155,52,6656
1156,52,6656
1157,52,6656
1158,52,6656
1159,53,6784
1160,53,6784
1161,52,6656
1162,52,6656
1163,52,6656
1164,53,6784
1165,52,6656
1166,52,6656
1167,53,6784
1168,53,6784
1169,51,6528
1170,53,6784
1171,53,6784
1172,53,6784
1173,53,6784
1174,52,6656
1175,51,6528
1176,51,6528
1177,52,6656
1178,51,6528
1179,53,6784
1180,53,6784
1181,52,6656
1182,51,6528
1183,52,6656
1184,53,6784
1185,53,6784
1186,53,6784
1187,52,6656
1188,52,6656
1189,52,6656
1190,53,6784
1191,53,6784
1192,55,7040
1193,55,7040
1194,53,6784
1195,54,6912
1196,52,6656
1197,52,6656
1198,52,6656
1199,50,6400
1200,50,6400
1201,50,6400
1202,50,6400
1203,51,6528
1204,53,6784
1205,54,6912
1206,55,7040
1207,53,6784
1208,53,6784
1209,53,6784
1210,53,6784
1211,54,6912
1212,55,7040
1213,53,6784
1214,54,6912
1215,54,6912
1216,55,7040
1217,55,7040
1218,55,7040
1219,55,7040
1220,55,7040
1221,54,6912
1222,56,7168
1223,56,7168
1224,55,7040
1225,54,6912
1226,53,6784
1227,55,7040
1228,56,7168
1229,54,6912
1230,54,6912
1231,54,6912
1232,54,6912
1233,54,6912
1234,53,6784
1235,54,6912
1236,53,6784
1237,53,6784
1238,54,6912
1239,54,6912
1240,53,6784
1241,54,6912
1242,53,6784
1243,54,6912
1244,55,7040
1245,55,7040
1246,54,6912
1247,54,6912
1248,53,6784
1249,54,6912
1250,54,6912
1251,54,6912
1252,54,6912
1253,53,6784
1254,52,6656
1255,52,6656
1256,53,6784
1257,53,6784
1258,53,6784
1259,53,6784
1260,53,6784
1261,54,6912
1262,54,6912
1263,55,7040
1264,55,7040
1265,55,7040
1266,54,6912
1267,53,6784
1268,52,6656
1269,53,6784
1270,53,6784
1271,53,6784
1272,54,6912
1273,53,6784
1274,52,6656
1275,53,6784
1276,53,6784
1277,53,6784
1278,53,6784
1279,55,7040
1280,53,6784
1281,54,6912
1282,55,7040
1283,54,6912
1284,55,7040
1285,54,6912
1286,54,6912
1287,54,6912
1288,52,6656
1289,53,6784
1290,53,6784
1291,53,6784
1292,54,6912
1293,54,6912
1294,53,6784
1295,54,6912
1296,53,6784
1297,53,6784
1298,53,6784
1299,54,6912
1300,56,7168
1301,56,7168
1302,57,7296
1303,56,7168
1304,54,6912
1305,53,6784
1306,55,7040
1307,53,6784
1308,52,6656
1309,53,6784
1310,53,6784
1311,53,6784
1312,53,6784
1313,54,6912
1314,55,7040
1315,54,6912
1316,56,7168
1317,56,7168
1318,56,7168
1319,56,7168
1320,54,6912
1321,54,6912
1322,54,6912
1323,54,6912
1324,54,6912
1325,53,6784
1326,54,6912
1327,54,6912
1328,54,6912
1329,53,6784
1330,52,6656
1331,52,6656
1332,53,6784
1333,53,6784
1334,52,6656
1335,52,6656
1336,52,6656
1337,53,6784
1338,53,6784
1339,52,6656
1340,50,6400
1341,52,6656
1342,50,6400
1343,50,6400
1344,50,6400
1345,50,6400
1346,50,6400
1347,51,6528
1348,51,6528
1349,52,6656
1350,51,6528
1351,53,6784
1352,56,7168
1353,56,7168
1354,55,7040
1355,55,7040
1356,55,7040
1357,56,7168
1358,56,7168
1359,56,7168
1360,57,7296
1361,54,6912
1362,55,7040
1363,54,6912
1364,53,6784
1365,53,6784
1366,54,6912
1367,52,6656
1368,52,6656
1369,52,6656
1370,52,6656
1371,52,6656
1372,52,6656
1373,52,6656
1374,53,6784
1375,51,6528
1376,51,6528
1377,52,6656
1378,52,6656
1379,52,6656
1380,52,6656
1381,54,6912
1382,54,6912
1383,51,6528
1384,52,6656
1385,51,6528
1386,52,6656
1387,52,6656
1388,51,6528
1389,53,6784
1390,53,6784
1391,53,6784
1392,52,6656
1393,51,6528
1394,52,6656
1395,52,6656
1396,52,6656
1397,52,6656
1398,51,6528
1399,52,6656
1400,52,6656
1401,53,6784
1402,53,6784
1403,52,6656
1404,51,6528
1405,54,6912
1406,52,6656
1407,54,6912
1408,53,6784
1409,53,6784
1410,53,6784
1411,53,6784
1412,53,6784
1413,54,6912
1414,53,6784
1415,53,6784
1416,52,6656
1417,52,6656
1418,52,6656
1419,52,6656
1420,53,6784
1421,53,6784
1422,54,6912
1423,54,6912
1424,54,6912
1425,55,7040
1426,54,6912
1427,54,6912
1428,54,6912
1429,54,6912
1430,55,7040
1431,52,6656
1432,53,6784
1433,53,6784
1434,53,6784
1435,54,6912
1436,54,6912
1437,55,7040
1438,54,6912
1439,54,6912
1440,54,6912
1441,55,7040
1442,53,6784
1443,53,6784
1444,52,6656
1445,52,6656
1446,52,6656
1447,53,6784
1448,53,6784
1449,54,6912
1450,53,6784
1451,52,6656
1452,53,6784
1453,52,6656
1454,54,6912
1455,53,6784
1456,53,6784
1457,52,6656
1458,52,6656
1459,53,6784
1460,52,6656
1461,52,6656
1462,52,6656
1463,52,6656
1464,51,6528
1465,51,6528
1466,53,6784
1467,55,7040
1468,54,6912
1469,53,6784
1470,53,6784
1471,53,6784
1472,53,6784
1473,53,6784
1474,53,6784
1475,52,6656
1476,51,6528
1477,51,6528
1478,51,6528
1479,52,6656
1480,52,6656
1481,50,6400
1482,50,6400
1483,53,6784
1484,53,6784
1485,53,6784
1486,55,7040
1487,55,7040
1488,54,6912
1489,55,7040
1490,55,7040
1491,54,6912
1492,52,6656
1493,52,6656
1494,53,6784
1495,53,6784
1496,53,6784
1497,53,6784
1498,53,6784
1499,53,6784
1500,53,6784
1501,52,6656
1502,52,6656
1503,52,6656
1504,52,6656
1505,53,6784
1506,53,6784
1507,53,6784
1508,54,6912
1509,54,6912
1510,54,6912
1511,54,6912
1512,53,6784
1513,54,6912
1514,55,7040
1515,52,6656
1516,52,6656
1517,53,6784
1518,54,6912
1519,55,7040
1520,54,6912
1521,53,6784
1522,53,6784
1523,54,6912
1524,54,6912
1525,53,6784
1526,53,6784
1527,53,6784
1528,54,6912
1529,53,6784
1530,53,6784
1531,55,7040
1532,53,6784
1533,53,6784
1534,54,6912
1535,55,7040
1536,53,6784
1537,53,6784
1538,54,6912
1539,54,6912
1540,55,7040
1541,54,6912
1542,55,7040
1543,54,6912
1544,55,7040
1545,54,6912
1546,55,7040
1547,54,6912
1548,55,7040
1549,55,7040
1550,55,7040
1551,56,7168
1552,55,7040
1553,55,7040
1554,55,7040
1555,55,7040
1556,55,7040
1557,56,7168
1558,56,7168
1559,55,7040
1560,55,7040
1561,54,6912
1562,55,7040
1563,54,6912
1564,55,7040
1565,53,6784
1566,54,6912
1567,54,6912
1568,55,7040
1569,55,7040
1570,56,7168
1571,54,6912
1572,55,7040
1573,54,6912
1574,55,7040
1575,55,7040
1576,54,6912
1577,55,7040
1578,56,7168
1579,57,7296
1580,56,7168
1581,56,7168
1582,55,7040
1583,56,7168
1584,55,7040
1585,55,7040
1586,56,7168
1587,54,6912
1588,54,6912
1589,56,7168
1590,56,7168
1591,55,7040
1592,55,7040
1593,55,7040
1594,54,6912
1595,54,6912
1596,53,6784
1597,54,6912
1598,54,6912
1599,54,6912
1600,54,6912
1601,55,7040
1602,54,6912
1603,54,6912
1604,55,7040
1605,58,7424
1606,58,7424
1607,58,7424
1608,58,7424
1609,57,7296
1610,57,7296
1611,56,7168
1612,54,6912
1613,55,7040
1614,53,6784
1615,53,6784
1616,54,6912
1617,52,6656
1618,53,6784
1619,53,6784
1620,55,7040
1621,55,7040
1622,56,7168
1623,54,6912
1624,55,7040
1625,55,7040
1626,54,6912
1627,54,6912
1628,54,6912
1629,54,6912
1630,54,6912
1631,54,6912
1632,52,6656
1633,51,6528
1634,52,6656
1635,51,6528
1636,52,6656
1637,52,6656
1638,50,6400
1639,50,6400
1640,50,6400
1641,50,6400
1642,51,6528
1643,52,6656
1644,52,6656
1645,53,6784
1646,53,6784
1647,52,6656
1648,51,6528
1649,52,6656
1650,52,6656
1651,51,6528
1652,52,6656
1653,52,6656
1654,51,6528
1655,52,6656
1656,52,6656
1657,53,6784
1658,52,6656
1659,54,6912
1660,52,6656
1661,52,6656
1662,55,7040
1663,53,6784
1664,53,6784
1665,51,6528
1666,53,6784
1667,54,6912
1668,53,6784
1669,53,6784
1670,54,6912
1671,54,6912
1672,54,6912
1673,53,6784
1674,53,6784
1675,52,6656
1676,51,6528
1677,52,6656
1678,52,6656
1679,53,6784
1680,53,6784
1681,53,6784
1682,53,6784
1683,54,6912
1684,55,7040
1685,54,6912
1686,52,6656
1687,52,6656
1688,52,6656
1689,52,6656
1690,52,6656
1691,51,6528
1692,52,6656
1693,51,6528
1694,52,6656
1695,52,6656
1696,51,6528
1697,52,6656
1698,51,6528
1699,52,6656
1700,50,6400
1701,51,6528
1702,52,6656
1703,53,6784
1704,52,6656
1705,53,6784
1706,52,6656
1707,54,6912
1708,51,6528
1709,53,6784
1710,53,6784
1711,52,6656
1712,52,6656
1713,51,6528
1714,51,6528
1715,50,6400
1716,53,6784
1717,50,6400
1718,49,6272
1719,52,6656
1720,49,6272
1721,51,6528
1722,50,6400
1723,49,6272
1724,50,6400
1725,49,6272
1726,49,6272
1727,52,6656
1728,50,6400
1729,52,6656
1730,50,6400
1731,49,6272
1732,50,6400
1733,50,6400
1734,50,6400
1735,49,6272
1736,50,6400
1737,51,6528
1738,49,6272
1739,50,6400
1740,49,6272
1741,48,6144
1742,49,6272
1743,51,6528
1744,49,6272
1745,49,6272
1746,50,6400
1747,49,6272
1748,48,6144
1749,48,6144
1750,49,6272
1751,48,6144
1752,48,6144
1753,48,6144
1754,47,6016
1755,48,6144
1756,48,6144
1757,49,6272
1758,49,6272
1759,49,6272
1760,49,6272
1761,48,6144
1762,49,6272
1763,49,6272
1764,48,6144
1765,48,6144
1766,49,6272
1767,49,6272
1768,50,6400
1769,49,6272
1770,50,6400
1771,50,6400
1772,51,6528
1773,50,6400
1774,50,6400
1775,50,6400
1776,49,6272
1777,50,6400
1778,49,6272
1779,49,6272
1780,50,6400
1781,50,6400
1782,49,6272
1783,49,6272
1784,51,6528
1785,50,6400
1786,50,6400
1787,52,6656
1788,49,6272
1789,49,6272
1790,52,6656
1791,52,6656
1792,51,6528
1793,51,6528
1794,50,6400
1795,51,6528
1796,51,6528
1797,49,6272
1798,50,6400
1799,51,6528
1800,51,6528
1801,52,6656
1802,51,6528
1803,51,6528
1804,51,6528
1805,51,6528
1806,51,6528
1807,51,6528
1808,52,6656
1809,52,6656
1810,50,6400
1811,50,6400
1812,51,6528
1813,50,6400
1814,52,6656
1815,52,6656
1816,50,6400
1817,50,6400
1818,51,6528
1819,51,6528
1820,49,6272
1821,49,6272
1822,50,6400
1823,49,6272
1824,51,6528
1825,50,6400
1826,50,6400
1827,50,6400
1828,50,6400
1829,50,6400
1830,50,6400
1831,52,6656
1832,51,6528
1833,52,6656
1834,52,6656
1835,51,6528
1836,51,6528
1837,51,6528
1838,50,6400
1839,50,6400
1840,50,6400
1841,50,6400
1842,50,6400
1843,51,6528
1844,51,6528
1845,51,6528
1846,51,6528
1847,51,6528
1848,50,6400
1849,51,6528
1850,51,6528
1851,51,6528
1852,51,6528
1853,52,6656
1854,51,6528
1855,50,6400
1856,52,6656
1857,51,6528
1858,51,6528
1859,51,6528
1860,51,6528
1861,51,6528
1862,51,6528
1863,50,6400
1864,50,6400
1865,51,6528
1866,50,6400
1867,50,6400
1868,51,6528
1869,53,6784
1870,53,6784
1871,53,6784
1872,53,6784
1873,53,6784
1874,53,6784
1875,54,6912
1876,54,6912
1877,53,6784
1878,53,6784
1879,53,6784
1880,53,6784
1881,53,6784
1882,52,6656
1883,52,6656
1884,52,6656
1885,52,6656
1886,52,6656
1887,53,6784
1888,54,6912
1889,51,6528
1890,53,6784
1891,53,6784
1892,51,6528
1893,52,6656
1894,52,6656
1895,51,6528
1896,52,6656
1897,52,6656
1898,53,6784
1899,53,6784
1900,51,6528
1901,51,6528
1902,52,6656
1903,52,6656
1904,50,6400
1905,50,6400
1906,51,6528
1907,52,6656
1908,50,6400
1909,52,6656
1910,50,6400
1911,50,6400
1912,49,6272
1913,49,6272
1914,49,6272
1915,49,6272
1916,51,6528
1917,50,6400
1918,51,6528
1919,51,6528
1920,51,6528
1921,50,6400
1922,51,6528
1923,51,6528
1924,51,6528
1925,49,6272
1926,48,6144
1927,49,6272
1928,50,6400
1929,49,6272
1930,49,6272
1931,48,6144
1932,48,6144
1933,48,6144
1934,48,6144
1935,48,6144
1936,49,6272
1937,49,6272
1938,50,6400
1939,48,6144
1940,48,6144
1941,48,6144
1942,48,6144
1943,47,6016
1944,47,6016
1945,47,6016
1946,47,6016
1947,49,6272
1948,47,6016
1949,47,6016
1950,46,5888
1951,47,6016
1952,48,6144
1953,48,6144
1954,49,6272
1955,50,6400
1956,49,6272
1957,50,6400
1958,49,6272
1959,49,6272
1960,51,6528
1961,48,6144
1962,48,6144
1963,51,6528
1964,50,6400
1965,50,6400
1966,49,6272
1967,50,6400
1968,49,6272
1969,49,6272
1970,49,6272
1971,50,6400
1972,50,6400
1973,50,6400
1974,50,6400
1975,49,6272
1976,50,6400
1977,49,6272
1978,50,6400
1979,50,6400
1980,50,6400
1981,50,6400
1982,49,6272
1983,49,6272
1984,50,6400
1985,50,6400
1986,52,6656
1987,50,6400
1988,50,6400
1989,50,6400
1990,51,6528
1991,52,6656
1992,52,6656
1993,53,6784
1994,52,6656
1995,52,6656
1996,52,6656
1997,54,6912
1998,52,6656
1999,51,6528
2000,51,6528
