RandomSeed,11251,Population size:128,Bit Length:64,Crossover Rate:0.7,Mutation Rate:0.005
gen,BestFitness,FitnessEval
1,9.0,1152
2,33.0,4224
3,33.0,4224
4,33.0,4224
5,33.0,4224
6,33.0,4224
7,33.0,4224
8,33.0,4224
9,33.0,4224
10,33.0,4224
11,41.0,5248
12,41.0,5248
13,41.0,5248
14,41.0,5248
15,41.0,5248
16,41.0,5248
17,41.0,5248
18,41.0,5248
19,41.0,5248
20,41.0,5248
21,41.0,5248
22,41.0,5248
23,41.0,5248
24,41.0,5248
25,41.0,5248
26,41.0,5248
27,41.0,5248
28,41.0,5248
29,41.0,5248
30,41.0,5248
31,41.0,5248
32,41.0,5248
33,41.0,5248
34,41.0,5248
35,41.0,5248
36,41.0,5248
37,41.0,5248
38,41.0,5248
39,41.0,5248
40,41.0,5248
41,41.0,5248
42,41.0,5248
43,41.0,5248
44,41.0,5248
45,41.0,5248
46,41.0,5248
47,41.0,5248
48,41.0,5248
49,41.0,5248
50,41.0,5248
51,41.0,5248
52,41.0,5248
53,41.0,5248
54,41.0,5248
55,41.0,5248
56,41.0,5248
57,41.0,5248
58,41.0,5248
59,41.0,5248
60,41.0,5248
61,41.0,5248
62,41.0,5248
63,41.0,5248
64,41.0,5248
65,41.0,5248
66,41.0,5248
67,41.0,5248
68,41.0,5248
69,41.0,5248
70,41.0,5248
71,41.0,5248
72,41.0,5248
73,41.0,5248
74,41.0,5248
75,41.0,5248
76,41.0,5248
77,41.0,5248
78,41.0,5248
79,41.0,5248
80,41.0,5248
81,41.0,5248
82,41.0,5248
83,41.0,5248
84,41.0,5248
85,41.0,5248
86,41.0,5248
87,41.0,5248
88,41.0,5248
89,41.0,5248
90,41.0,5248
91,41.0,5248
92,41.0,5248
93,41.0,5248
94,49.0,6272
95,41.0,5248
96,41.0,5248
97,49.0,6272
98,41.0,5248
99,41.0,5248
100,41.0,5248
101,41.0,5248
102,41.0,5248
103,41.0,5248
104,41.0,5248
105,41.0,5248
106,41.0,5248
107,41.0,5248
108,41.0,5248
109,41.0,5248
110,49.0,6272
111,41.0,5248
112,41.0,5248
113,41.0,5248
114,41.0,5248
115,41.0,5248
116,41.0,5248
117,41.0,5248
118,41.0,5248
119,41.0,5248
120,41.0,5248
121,41.0,5248
122,41.0,5248
123,41.0,5248
124,41.0,5248
125,41.0,5248
126,41.0,5248
127,41.0,5248
128,41.0,5248
129,41.0,5248
130,41.0,5248
131,41.0,5248
132,41.0,5248
133,41.0,5248
134,41.0,5248
135,41.0,5248
136,49.0,6272
137,49.0,6272
138,49.0,6272
139,49.0,6272
140,49.0,6272
141,49.0,6272
142,49.0,6272
143,49.0,6272
144,49.0,6272
145,49.0,6272
146,49.0,6272
147,49.0,6272
148,49.0,6272
149,49.0,6272
150,49.0,6272
151,49.0,6272
152,49.0,6272
153,49.0,6272
154,57.0,7296
155,49.0,6272
156,49.0,6272
157,49.0,6272
158,49.0,6272
159,49.0,6272
160,49.0,6272
161,49.0,6272
162,49.0,6272
163,49.0,6272
164,49.0,6272
165,49.0,6272
166,49.0,6272
167,49.0,6272
168,49.0,6272
169,49.0,6272
170,49.0,6272
171,49.0,6272
172,49.0,6272
173,49.0,6272
174,49.0,6272
175,49.0,6272
176,49.0,6272
177,49.0,6272
178,49.0,6272
179,57.0,7296
180,57.0,7296
181,49.0,6272
182,49.0,6272
183,57.0,7296
184,57.0,7296
185,57.0,7296
186,57.0,7296
187,57.0,7296
188,57.0,7296
189,57.0,7296
190,57.0,7296
191,57.0,7296
192,57.0,7296
193,57.0,7296
194,57.0,7296
195,57.0,7296
196,57.0,7296
197,57.0,7296
198,57.0,7296
199,57.0,7296
200,57.0,7296
201,57.0,7296
202,57.0,7296
203,57.0,7296
204,57.0,7296
205,57.0,7296
206,57.0,7296
207,57.0,7296
208,57.0,7296
209,57.0,7296
210,57.0,7296
211,57.0,7296
212,57.0,7296
213,57.0,7296
214,57.0,7296
215,57.0,7296
216,57.0,7296
217,57.0,7296
218,57.0,7296
219,57.0,7296
220,57.0,7296
221,57.0,7296
222,57.0,7296
223,57.0,7296
224,57.0,7296
225,57.0,7296
226,57.0,7296
227,57.0,7296
228,57.0,7296
229,57.0,7296
230,57.0,7296
231,57.0,7296
232,57.0,7296
233,57.0,7296
234,57.0,7296
235,57.0,7296
236,57.0,7296
237,57.0,7296
238,57.0,7296
239,57.0,7296
240,57.0,7296
241,57.0,7296
242,57.0,7296
243,57.0,7296
244,57.0,7296
245,57.0,7296
246,57.0,7296
247,57.0,7296
248,57.0,7296
249,57.0,7296
250,57.0,7296
251,57.0,7296
252,57.0,7296
253,57.0,7296
254,57.0,7296
255,57.0,7296
256,57.0,7296
257,57.0,7296
258,57.0,7296
259,57.0,7296
260,57.0,7296
261,57.0,7296
262,57.0,7296
263,57.0,7296
264,57.0,7296
265,57.0,7296
266,57.0,7296
267,57.0,7296
268,57.0,7296
269,57.0,7296
270,57.0,7296
271,57.0,7296
272,57.0,7296
273,57.0,7296
274,57.0,7296
275,57.0,7296
276,57.0,7296
277,57.0,7296
278,57.0,7296
279,57.0,7296
280,57.0,7296
281,57.0,7296
282,57.0,7296
283,57.0,7296
284,57.0,7296
285,57.0,7296
286,57.0,7296
287,57.0,7296
288,57.0,7296
289,57.0,7296
290,57.0,7296
291,57.0,7296
292,81.0,10368
293,81.0,10368
294,81.0,10368
295,81.0,10368
296,81.0,10368
297,81.0,10368
298,81.0,10368
299,81.0,10368
300,81.0,10368
301,81.0,10368
302,81.0,10368
303,81.0,10368
304,81.0,10368
305,81.0,10368
306,81.0,10368
307,81.0,10368
308,81.0,10368
309,81.0,10368
310,81.0,10368
311,81.0,10368
312,81.0,10368
313,81.0,10368
314,81.0,10368
315,81.0,10368
316,81.0,10368
317,81.0,10368
318,81.0,10368
319,81.0,10368
320,81.0,10368
321,81.0,10368
322,81.0,10368
323,81.0,10368
324,81.0,10368
325,81.0,10368
326,81.0,10368
327,81.0,10368
328,81.0,10368
329,81.0,10368
330,81.0,10368
331,81.0,10368
332,81.0,10368
333,81.0,10368
334,81.0,10368
335,73.0,9344
336,73.0,9344
337,73.0,9344
338,73.0,9344
339,73.0,9344
340,73.0,9344
341,73.0,9344
342,73.0,9344
343,73.0,9344
344,73.0,9344
345,73.0,9344
346,73.0,9344
347,73.0,9344
348,73.0,9344
349,73.0,9344
350,73.0,9344
351,73.0,9344
352,73.0,9344
353,73.0,9344
354,73.0,9344
355,73.0,9344
356,73.0,9344
357,73.0,9344
358,73.0,9344
359,73.0,9344
360,73.0,9344
361,73.0,9344
362,73.0,9344
363,73.0,9344
364,73.0,9344
365,73.0,9344
366,73.0,9344
367,73.0,9344
368,73.0,9344
369,73.0,9344
370,73.0,9344
371,73.0,9344
372,73.0,9344
373,73.0,9344
374,73.0,9344
375,73.0,9344
376,73.0,9344
377,73.0,9344
378,73.0,9344
379,73.0,9344
380,73.0,9344
381,73.0,9344
382,73.0,9344
383,73.0,9344
384,73.0,9344
385,73.0,9344
386,73.0,9344
387,73.0,9344
388,73.0,9344
389,73.0,9344
390,73.0,9344
391,73.0,9344
392,73.0,9344
393,73.0,9344
394,73.0,9344
395,73.0,9344
396,73.0,9344
397,73.0,9344
398,73.0,9344
399,73.0,9344
400,73.0,9344
401,73.0,9344
402,73.0,9344
403,73.0,9344
404,73.0,9344
405,73.0,9344
406,73.0,9344
407,73.0,9344
408,73.0,9344
409,73.0,9344
410,73.0,9344
411,73.0,9344
412,73.0,9344
413,73.0,9344
414,73.0,9344
415,73.0,9344
416,73.0,9344
417,73.0,9344
418,73.0,9344
419,73.0,9344
420,73.0,9344
421,73.0,9344
422,73.0,9344
423,73.0,9344
424,73.0,9344
425,73.0,9344
426,73.0,9344
427,73.0,9344
428,73.0,9344
429,73.0,9344
430,73.0,9344
431,73.0,9344
432,73.0,9344
433,73.0,9344
434,73.0,9344
435,73.0,9344
436,73.0,9344
437,73.0,9344
438,73.0,9344
439,73.0,9344
440,73.0,9344
441,73.0,9344
442,73.0,9344
443,73.0,9344
444,73.0,9344
445,73.0,9344
446,73.0,9344
447,73.0,9344
448,73.0,9344
449,73.0,9344
450,73.0,9344
451,73.0,9344
452,73.0,9344
453,73.0,9344
454,73.0,9344
455,73.0,9344
456,73.0,9344
457,73.0,9344
458,73.0,9344
459,73.0,9344
460,73.0,9344
461,73.0,9344
462,73.0,9344
463,73.0,9344
464,73.0,9344
465,73.0,9344
466,73.0,9344
467,73.0,9344
468,73.0,9344
469,73.0,9344
470,73.0,9344
471,73.0,9344
472,73.0,9344
473,73.0,9344
474,73.0,9344
475,73.0,9344
476,73.0,9344
477,73.0,9344
478,73.0,9344
479,73.0,9344
480,73.0,9344
481,73.0,9344
482,73.0,9344
483,73.0,9344
484,73.0,9344
485,73.0,9344
486,73.0,9344
487,73.0,9344
488,73.0,9344
489,73.0,9344
490,73.0,9344
491,73.0,9344
492,73.0,9344
493,73.0,9344
494,73.0,9344
495,73.0,9344
496,73.0,9344
497,73.0,9344
498,73.0,9344
499,73.0,9344
500,73.0,9344
501,73.0,9344
502,73.0,9344
503,73.0,9344
504,73.0,9344
505,73.0,9344
506,73.0,9344
507,73.0,9344
508,73.0,9344
509,73.0,9344
510,73.0,9344
511,73.0,9344
512,73.0,9344
513,73.0,9344
514,73.0,9344
515,73.0,9344
516,73.0,9344
517,73.0,9344
518,73.0,9344
519,73.0,9344
520,73.0,9344
521,73.0,9344
522,73.0,9344
523,73.0,9344
524,73.0,9344
525,73.0,9344
526,73.0,9344
527,73.0,9344
528,73.0,9344
529,73.0,9344
530,73.0,9344
531,73.0,9344
532,73.0,9344
533,73.0,9344
534,73.0,9344
535,73.0,9344
536,73.0,9344
537,73.0,9344
538,73.0,9344
539,73.0,9344
540,73.0,9344
541,73.0,9344
542,73.0,9344
543,73.0,9344
544,73.0,9344
545,73.0,9344
546,73.0,9344
547,73.0,9344
548,73.0,9344
549,73.0,9344
550,73.0,9344
551,73.0,9344
552,73.0,9344
553,73.0,9344
554,73.0,9344
555,73.0,9344
556,73.0,9344
557,73.0,9344
558,73.0,9344
559,73.0,9344
560,73.0,9344
561,73.0,9344
562,73.0,9344
563,73.0,9344
564,73.0,9344
565,73.0,9344
566,73.0,9344
567,73.0,9344
568,73.0,9344
569,73.0,9344
570,73.0,9344
571,73.0,9344
572,73.0,9344
573,73.0,9344
574,73.0,9344
575,73.0,9344
576,73.0,9344
577,73.0,9344
578,73.0,9344
579,73.0,9344
580,73.0,9344
581,73.0,9344
582,73.0,9344
583,73.0,9344
584,73.0,9344
585,73.0,9344
586,73.0,9344
587,73.0,9344
588,73.0,9344
589,73.0,9344
590,73.0,9344
591,73.0,9344
592,73.0,9344
593,73.0,9344
594,73.0,9344
595,73.0,9344
596,73.0,9344
597,73.0,9344
598,73.0,9344
599,73.0,9344
600,73.0,9344
601,73.0,9344
602,73.0,9344
603,73.0,9344
604,73.0,9344
605,73.0,9344
606,73.0,9344
607,73.0,9344
608,73.0,9344
609,73.0,9344
610,73.0,9344
611,73.0,9344
612,73.0,9344
613,73.0,9344
614,73.0,9344
615,73.0,9344
616,73.0,9344
617,73.0,9344
618,73.0,9344
619,73.0,9344
620,73.0,9344
621,73.0,9344
622,73.0,9344
623,73.0,9344
624,73.0,9344
625,73.0,9344
626,73.0,9344
627,73.0,9344
628,73.0,9344
629,73.0,9344
630,73.0,9344
631,73.0,9344
632,73.0,9344
633,73.0,9344
634,73.0,9344
635,73.0,9344
636,73.0,9344
637,73.0,9344
638,73.0,9344
639,73.0,9344
640,73.0,9344
641,73.0,9344
642,73.0,9344
643,73.0,9344
644,73.0,9344
645,73.0,9344
646,73.0,9344
647,73.0,9344
648,73.0,9344
649,73.0,9344
650,73.0,9344
651,73.0,9344
652,73.0,9344
653,73.0,9344
654,73.0,9344
655,73.0,9344
656,73.0,9344
657,73.0,9344
658,73.0,9344
659,73.0,9344
660,73.0,9344
661,73.0,9344
662,73.0,9344
663,73.0,9344
664,73.0,9344
665,73.0,9344
666,73.0,9344
667,73.0,9344
668,73.0,9344
669,73.0,9344
670,73.0,9344
671,73.0,9344
672,73.0,9344
673,73.0,9344
674,73.0,9344
675,73.0,9344
676,73.0,9344
677,73.0,9344
678,73.0,9344
679,73.0,9344
680,73.0,9344
681,73.0,9344
682,73.0,9344
683,73.0,9344
684,73.0,9344
685,73.0,9344
686,73.0,9344
687,73.0,9344
688,73.0,9344
689,73.0,9344
690,73.0,9344
691,73.0,9344
692,73.0,9344
693,73.0,9344
694,73.0,9344
695,73.0,9344
696,73.0,9344
697,73.0,9344
698,73.0,9344
699,73.0,9344
700,73.0,9344
701,73.0,9344
702,73.0,9344
703,73.0,9344
704,73.0,9344
705,73.0,9344
706,73.0,9344
707,73.0,9344
708,73.0,9344
709,73.0,9344
710,73.0,9344
711,73.0,9344
712,73.0,9344
713,73.0,9344
714,73.0,9344
715,73.0,9344
716,73.0,9344
717,73.0,9344
718,73.0,9344
719,73.0,9344
720,73.0,9344
721,73.0,9344
722,73.0,9344
723,73.0,9344
724,73.0,9344
725,73.0,9344
726,73.0,9344
727,73.0,9344
728,73.0,9344
729,73.0,9344
730,73.0,9344
731,73.0,9344
732,73.0,9344
733,73.0,9344
734,73.0,9344
735,73.0,9344
736,73.0,9344
737,73.0,9344
738,73.0,9344
739,73.0,9344
740,73.0,9344
741,73.0,9344
742,73.0,9344
743,73.0,9344
744,73.0,9344
745,73.0,9344
746,73.0,9344
747,73.0,9344
748,73.0,9344
749,73.0,9344
750,73.0,9344
751,73.0,9344
752,73.0,9344
753,73.0,9344
754,73.0,9344
755,73.0,9344
756,73.0,9344
757,73.0,9344
758,73.0,9344
759,73.0,9344
760,73.0,9344
761,73.0,9344
762,73.0,9344
763,73.0,9344
764,73.0,9344
765,73.0,9344
766,73.0,9344
767,73.0,9344
768,73.0,9344
769,73.0,9344
770,73.0,9344
771,73.0,9344
772,73.0,9344
773,73.0,9344
774,73.0,9344
775,73.0,9344
776,73.0,9344
777,73.0,9344
778,73.0,9344
779,73.0,9344
780,73.0,9344
781,73.0,9344
782,73.0,9344
783,73.0,9344
784,73.0,9344
785,73.0,9344
786,73.0,9344
787,73.0,9344
788,73.0,9344
789,73.0,9344
790,73.0,9344
791,73.0,9344
792,73.0,9344
793,73.0,9344
794,73.0,9344
795,73.0,9344
796,73.0,9344
797,73.0,9344
798,73.0,9344
799,73.0,9344
800,73.0,9344
801,73.0,9344
802,73.0,9344
803,73.0,9344
804,73.0,9344
805,73.0,9344
806,73.0,9344
807,73.0,9344
808,73.0,9344
809,73.0,9344
810,73.0,9344
811,73.0,9344
812,73.0,9344
813,73.0,9344
814,73.0,9344
815,73.0,9344
816,73.0,9344
817,73.0,9344
818,73.0,9344
819,73.0,9344
820,73.0,9344
821,73.0,9344
822,73.0,9344
823,73.0,9344
824,73.0,9344
825,73.0,9344
826,73.0,9344
827,105.0,13440
828,129.0,16512
829,129.0,16512
830,129.0,16512
831,129.0,16512
832,129.0,16512
833,129.0,16512
834,129.0,16512
835,129.0,16512
836,129.0,16512
837,129.0,16512
838,129.0,16512
839,129.0,16512
840,129.0,16512
841,129.0,16512
842,129.0,16512
843,129.0,16512
844,129.0,16512
845,129.0,16512
846,129.0,16512
847,129.0,16512
848,129.0,16512
849,129.0,16512
850,129.0,16512
851,129.0,16512
852,129.0,16512
853,129.0,16512
854,129.0,16512
855,129.0,16512
856,129.0,16512
857,129.0,16512
858,129.0,16512
859,129.0,16512
860,129.0,16512
861,129.0,16512
862,129.0,16512
863,129.0,16512
864,129.0,16512
865,129.0,16512
866,129.0,16512
867,129.0,16512
868,129.0,16512
869,129.0,16512
870,129.0,16512
871,129.0,16512
872,129.0,16512
873,129.0,16512
874,129.0,16512
875,129.0,16512
876,129.0,16512
877,129.0,16512
878,129.0,16512
879,129.0,16512
880,129.0,16512
881,129.0,16512
882,129.0,16512
883,129.0,16512
884,129.0,16512
885,129.0,16512
886,129.0,16512
887,129.0,16512
888,129.0,16512
889,129.0,16512
890,129.0,16512
891,129.0,16512
892,129.0,16512
893,129.0,16512
894,129.0,16512
895,129.0,16512
896,129.0,16512
897,129.0,16512
898,129.0,16512
899,129.0,16512
900,129.0,16512
901,129.0,16512
902,129.0,16512
903,129.0,16512
904,129.0,16512
905,129.0,16512
906,129.0,16512
907,129.0,16512
908,129.0,16512
909,129.0,16512
910,129.0,16512
911,129.0,16512
912,129.0,16512
913,129.0,16512
914,129.0,16512
915,129.0,16512
916,129.0,16512
917,129.0,16512
918,129.0,16512
919,129.0,16512
920,129.0,16512
921,129.0,16512
922,129.0,16512
923,129.0,16512
924,129.0,16512
925,129.0,16512
926,129.0,16512
927,129.0,16512
928,129.0,16512
929,129.0,16512
930,129.0,16512
931,129.0,16512
932,129.0,16512
933,129.0,16512
934,129.0,16512
935,129.0,16512
936,129.0,16512
937,129.0,16512
938,129.0,16512
939,129.0,16512
940,129.0,16512
941,129.0,16512
942,129.0,16512
943,129.0,16512
944,129.0,16512
945,129.0,16512
946,129.0,16512
947,129.0,16512
948,129.0,16512
949,129.0,16512
950,129.0,16512
951,129.0,16512
952,129.0,16512
953,129.0,16512
954,129.0,16512
955,129.0,16512
956,129.0,16512
957,129.0,16512
958,129.0,16512
959,129.0,16512
960,129.0,16512
961,129.0,16512
962,129.0,16512
963,129.0,16512
964,129.0,16512
965,129.0,16512
966,129.0,16512
967,129.0,16512
968,129.0,16512
969,129.0,16512
970,129.0,16512
971,129.0,16512
972,129.0,16512
973,129.0,16512
974,129.0,16512
975,129.0,16512
976,129.0,16512
977,129.0,16512
978,129.0,16512
979,129.0,16512
980,129.0,16512
981,129.0,16512
982,129.0,16512
983,129.0,16512
984,129.0,16512
985,129.0,16512
986,129.0,16512
987,129.0,16512
988,129.0,16512
989,129.0,16512
990,129.0,16512
991,129.0,16512
992,129.0,16512
993,129.0,16512
994,129.0,16512
995,129.0,16512
996,129.0,16512
997,129.0,16512
998,129.0,16512
999,129.0,16512
1000,129.0,16512
1001,129.0,16512
1002,129.0,16512
1003,129.0,16512
1004,129.0,16512
1005,129.0,16512
1006,129.0,16512
1007,129.0,16512
1008,129.0,16512
1009,129.0,16512
1010,129.0,16512
1011,129.0,16512
1012,129.0,16512
1013,129.0,16512
1014,129.0,16512
1015,129.0,16512
1016,129.0,16512
1017,129.0,16512
1018,129.0,16512
1019,129.0,16512
1020,129.0,16512
1021,129.0,16512
1022,129.0,16512
1023,129.0,16512
1024,129.0,16512
1025,129.0,16512
1026,129.0,16512
1027,129.0,16512
1028,129.0,16512
1029,129.0,16512
1030,129.0,16512
1031,129.0,16512
1032,129.0,16512
1033,129.0,16512
1034,129.0,16512
1035,129.0,16512
1036,129.0,16512
1037,129.0,16512
1038,129.0,16512
1039,129.0,16512
1040,129.0,16512
1041,129.0,16512
1042,129.0,16512
1043,129.0,16512
1044,129.0,16512
1045,129.0,16512
1046,129.0,16512
1047,129.0,16512
1048,129.0,16512
1049,129.0,16512
1050,129.0,16512
1051,129.0,16512
1052,129.0,16512
1053,129.0,16512
1054,129.0,16512
1055,129.0,16512
1056,129.0,16512
1057,129.0,16512
1058,129.0,16512
1059,129.0,16512
1060,129.0,16512
1061,129.0,16512
1062,129.0,16512
1063,129.0,16512
1064,129.0,16512
1065,129.0,16512
1066,129.0,16512
1067,129.0,16512
1068,129.0,16512
1069,129.0,16512
1070,129.0,16512
1071,129.0,16512
1072,129.0,16512
1073,129.0,16512
1074,129.0,16512
1075,129.0,16512
1076,129.0,16512
1077,129.0,16512
1078,129.0,16512
1079,129.0,16512
1080,129.0,16512
1081,129.0,16512
1082,129.0,16512
1083,129.0,16512
1084,129.0,16512
1085,129.0,16512
1086,129.0,16512
1087,129.0,16512
1088,129.0,16512
1089,129.0,16512
1090,129.0,16512
1091,129.0,16512
1092,129.0,16512
1093,129.0,16512
1094,129.0,16512
1095,129.0,16512
1096,129.0,16512
1097,129.0,16512
1098,129.0,16512
1099,129.0,16512
1100,129.0,16512
1101,129.0,16512
1102,129.0,16512
1103,129.0,16512
1104,129.0,16512
1105,129.0,16512
1106,129.0,16512
1107,129.0,16512
1108,129.0,16512
1109,129.0,16512
1110,129.0,16512
1111,129.0,16512
1112,129.0,16512
1113,129.0,16512
1114,129.0,16512
1115,129.0,16512
1116,129.0,16512
1117,129.0,16512
1118,129.0,16512
1119,129.0,16512
1120,129.0,16512
1121,129.0,16512
1122,129.0,16512
1123,129.0,16512
1124,129.0,16512
1125,129.0,16512
1126,129.0,16512
1127,129.0,16512
1128,129.0,16512
1129,129.0,16512
1130,129.0,16512
1131,129.0,16512
1132,129.0,16512
1133,129.0,16512
1134,129.0,16512
1135,129.0,16512
1136,129.0,16512
1137,129.0,16512
1138,129.0,16512
1139,129.0,16512
1140,129.0,16512
1141,129.0,16512
1142,129.0,16512
1143,129.0,16512
1144,129.0,16512
1145,129.0,16512
1146,129.0,16512
1147,129.0,16512
1148,129.0,16512
1149,129.0,16512
1150,129.0,16512
1151,129.0,16512
1152,129.0,16512
1153,129.0,16512
1154,129.0,16512
1155,129.0,16512
1156,129.0,16512
1157,129.0,16512
1158,129.0,16512
1159,129.0,16512
1160,129.0,16512
1161,129.0,16512
1162,129.0,16512
1163,129.0,16512
1164,129.0,16512
1165,129.0,16512
1166,129.0,16512
1167,129.0,16512
1168,129.0,16512
1169,129.0,16512
1170,129.0,16512
1171,129.0,16512
1172,129.0,16512
1173,129.0,16512
1174,129.0,16512
1175,129.0,16512
1176,129.0,16512
1177,129.0,16512
1178,137.0,17536
1179,129.0,16512
1180,129.0,16512
1181,129.0,16512
1182,129.0,16512
1183,129.0,16512
1184,129.0,16512
1185,129.0,16512
1186,129.0,16512
1187,129.0,16512
1188,129.0,16512
1189,129.0,16512
1190,129.0,16512
1191,129.0,16512
1192,129.0,16512
1193,129.0,16512
1194,137.0,17536
1195,137.0,17536
1196,137.0,17536
1197,137.0,17536
1198,137.0,17536
1199,137.0,17536
1200,137.0,17536
1201,137.0,17536
1202,137.0,17536
1203,137.0,17536
1204,137.0,17536
1205,137.0,17536
1206,137.0,17536
1207,137.0,17536
1208,137.0,17536
1209,137.0,17536
1210,137.0,17536
1211,137.0,17536
1212,137.0,17536
1213,137.0,17536
1214,137.0,17536
1215,137.0,17536
1216,137.0,17536
1217,137.0,17536
1218,137.0,17536
1219,137.0,17536
1220,137.0,17536
1221,137.0,17536
1222,137.0,17536
1223,137.0,17536
1224,137.0,17536
1225,137.0,17536
1226,137.0,17536
1227,137.0,17536
1228,137.0,17536
1229,137.0,17536
1230,137.0,17536
1231,137.0,17536
1232,137.0,17536
1233,137.0,17536
1234,137.0,17536
1235,137.0,17536
1236,137.0,17536
1237,137.0,17536
1238,137.0,17536
1239,137.0,17536
1240,137.0,17536
1241,137.0,17536
1242,137.0,17536
1243,137.0,17536
1244,137.0,17536
1245,137.0,17536
1246,137.0,17536
1247,137.0,17536
1248,137.0,17536
1249,137.0,17536
1250,137.0,17536
1251,137.0,17536
1252,137.0,17536
1253,137.0,17536
1254,137.0,17536
1255,137.0,17536
1256,137.0,17536
1257,137.0,17536
1258,137.0,17536
1259,137.0,17536
1260,137.0,17536
1261,137.0,17536
1262,129.0,16512
1263,129.0,16512
1264,129.0,16512
1265,129.0,16512
1266,137.0,17536
1267,129.0,16512
1268,129.0,16512
1269,137.0,17536
1270,137.0,17536
1271,137.0,17536
1272,129.0,16512
1273,129.0,16512
1274,129.0,16512
1275,129.0,16512
1276,129.0,16512
1277,129.0,16512
1278,129.0,16512
1279,129.0,16512
1280,129.0,16512
1281,129.0,16512
1282,129.0,16512
1283,129.0,16512
1284,129.0,16512
1285,129.0,16512
1286,129.0,16512
1287,129.0,16512
1288,129.0,16512
1289,129.0,16512
1290,129.0,16512
1291,129.0,16512
1292,129.0,16512
1293,129.0,16512
1294,129.0,16512
1295,129.0,16512
1296,129.0,16512
1297,129.0,16512
1298,129.0,16512
1299,129.0,16512
1300,129.0,16512
1301,129.0,16512
1302,129.0,16512
1303,129.0,16512
1304,129.0,16512
1305,129.0,16512
1306,129.0,16512
1307,129.0,16512
1308,129.0,16512
1309,129.0,16512
1310,129.0,16512
1311,129.0,16512
1312,129.0,16512
1313,129.0,16512
1314,129.0,16512
1315,129.0,16512
1316,129.0,16512
1317,129.0,16512
1318,129.0,16512
1319,129.0,16512
1320,129.0,16512
1321,129.0,16512
1322,129.0,16512
1323,129.0,16512
1324,129.0,16512
1325,129.0,16512
1326,129.0,16512
1327,129.0,16512
1328,129.0,16512
1329,129.0,16512
1330,129.0,16512
1331,129.0,16512
1332,129.0,16512
1333,129.0,16512
1334,129.0,16512
1335,129.0,16512
1336,129.0,16512
1337,129.0,16512
1338,129.0,16512
1339,129.0,16512
1340,129.0,16512
1341,129.0,16512
1342,129.0,16512
1343,129.0,16512
1344,129.0,16512
1345,129.0,16512
1346,129.0,16512
1347,129.0,16512
1348,129.0,16512
1349,129.0,16512
1350,129.0,16512
1351,129.0,16512
1352,129.0,16512
1353,129.0,16512
1354,129.0,16512
1355,129.0,16512
1356,129.0,16512
1357,129.0,16512
1358,129.0,16512
1359,129.0,16512
1360,129.0,16512
1361,129.0,16512
1362,129.0,16512
1363,129.0,16512
1364,129.0,16512
1365,129.0,16512
1366,129.0,16512
1367,129.0,16512
1368,129.0,16512
1369,129.0,16512
1370,129.0,16512
1371,129.0,16512
1372,129.0,16512
1373,129.0,16512
1374,129.0,16512
1375,129.0,16512
1376,129.0,16512
1377,129.0,16512
1378,129.0,16512
1379,129.0,16512
1380,129.0,16512
1381,129.0,16512
1382,129.0,16512
1383,129.0,16512
1384,129.0,16512
1385,129.0,16512
1386,129.0,16512
1387,129.0,16512
1388,129.0,16512
1389,129.0,16512
1390,129.0,16512
1391,129.0,16512
1392,129.0,16512
1393,129.0,16512
1394,129.0,16512
1395,129.0,16512
1396,129.0,16512
1397,129.0,16512
1398,129.0,16512
1399,129.0,16512
1400,129.0,16512
1401,129.0,16512
1402,129.0,16512
1403,129.0,16512
1404,129.0,16512
1405,129.0,16512
1406,129.0,16512
1407,129.0,16512
1408,129.0,16512
1409,129.0,16512
1410,129.0,16512
1411,129.0,16512
1412,129.0,16512
1413,129.0,16512
1414,129.0,16512
1415,129.0,16512
1416,129.0,16512
1417,129.0,16512
1418,129.0,16512
1419,129.0,16512
1420,129.0,16512
1421,129.0,16512
1422,129.0,16512
1423,129.0,16512
1424,129.0,16512
1425,129.0,16512
1426,129.0,16512
1427,129.0,16512
1428,129.0,16512
1429,129.0,16512
1430,129.0,16512
1431,129.0,16512
1432,129.0,16512
1433,129.0,16512
1434,129.0,16512
1435,129.0,16512
1436,129.0,16512
1437,129.0,16512
1438,129.0,16512
1439,129.0,16512
1440,129.0,16512
1441,129.0,16512
1442,129.0,16512
1443,129.0,16512
1444,129.0,16512
1445,129.0,16512
1446,129.0,16512
1447,129.0,16512
1448,129.0,16512
1449,129.0,16512
1450,129.0,16512
1451,129.0,16512
1452,129.0,16512
1453,129.0,16512
1454,129.0,16512
1455,129.0,16512
1456,129.0,16512
1457,129.0,16512
1458,129.0,16512
1459,129.0,16512
1460,129.0,16512
1461,129.0,16512
1462,129.0,16512
1463,129.0,16512
1464,129.0,16512
1465,129.0,16512
1466,129.0,16512
1467,129.0,16512
1468,129.0,16512
1469,129.0,16512
1470,129.0,16512
1471,129.0,16512
1472,129.0,16512
1473,129.0,16512
1474,129.0,16512
1475,129.0,16512
1476,129.0,16512
1477,129.0,16512
1478,129.0,16512
1479,129.0,16512
1480,129.0,16512
1481,129.0,16512
1482,129.0,16512
1483,129.0,16512
1484,129.0,16512
1485,129.0,16512
1486,129.0,16512
1487,129.0,16512
1488,129.0,16512
1489,129.0,16512
1490,129.0,16512
1491,129.0,16512
1492,129.0,16512
1493,129.0,16512
1494,129.0,16512
1495,129.0,16512
1496,137.0,17536
1497,137.0,17536
1498,129.0,16512
1499,129.0,16512
1500,129.0,16512
1501,129.0,16512
1502,129.0,16512
1503,129.0,16512
1504,129.0,16512
1505,129.0,16512
1506,129.0,16512
1507,129.0,16512
1508,129.0,16512
1509,129.0,16512
1510,129.0,16512
1511,137.0,17536
1512,129.0,16512
1513,129.0,16512
1514,129.0,16512
1515,129.0,16512
1516,129.0,16512
1517,129.0,16512
1518,129.0,16512
1519,129.0,16512
1520,129.0,16512
1521,129.0,16512
1522,129.0,16512
1523,129.0,16512
1524,129.0,16512
1525,129.0,16512
1526,129.0,16512
1527,129.0,16512
1528,129.0,16512
1529,129.0,16512
1530,129.0,16512
1531,129.0,16512
1532,129.0,16512
1533,129.0,16512
1534,129.0,16512
1535,129.0,16512
1536,129.0,16512
1537,129.0,16512
1538,129.0,16512
1539,129.0,16512
1540,129.0,16512
1541,129.0,16512
1542,129.0,16512
1543,129.0,16512
1544,129.0,16512
1545,129.0,16512
1546,129.0,16512
1547,129.0,16512
1548,129.0,16512
1549,129.0,16512
1550,129.0,16512
1551,129.0,16512
1552,129.0,16512
1553,129.0,16512
1554,129.0,16512
1555,129.0,16512
1556,129.0,16512
1557,129.0,16512
1558,129.0,16512
1559,129.0,16512
1560,129.0,16512
1561,129.0,16512
1562,129.0,16512
1563,129.0,16512
1564,129.0,16512
1565,129.0,16512
1566,129.0,16512
1567,129.0,16512
1568,129.0,16512
1569,129.0,16512
1570,129.0,16512
1571,129.0,16512
1572,129.0,16512
1573,129.0,16512
1574,129.0,16512
1575,129.0,16512
1576,129.0,16512
1577,129.0,16512
1578,129.0,16512
1579,129.0,16512
1580,129.0,16512
1581,129.0,16512
1582,129.0,16512
1583,129.0,16512
1584,129.0,16512
1585,129.0,16512
1586,129.0,16512
1587,129.0,16512
1588,129.0,16512
1589,129.0,16512
1590,129.0,16512
1591,129.0,16512
1592,129.0,16512
1593,129.0,16512
1594,129.0,16512
1595,129.0,16512
1596,129.0,16512
1597,129.0,16512
1598,129.0,16512
1599,129.0,16512
1600,129.0,16512
1601,129.0,16512
1602,129.0,16512
1603,129.0,16512
1604,129.0,16512
1605,129.0,16512
1606,129.0,16512
1607,129.0,16512
1608,129.0,16512
1609,129.0,16512
1610,129.0,16512
1611,129.0,16512
1612,129.0,16512
1613,129.0,16512
1614,129.0,16512
1615,129.0,16512
1616,129.0,16512
1617,129.0,16512
1618,129.0,16512
1619,129.0,16512
1620,129.0,16512
1621,129.0,16512
1622,129.0,16512
1623,129.0,16512
1624,129.0,16512
1625,137.0,17536
1626,137.0,17536
1627,137.0,17536
1628,137.0,17536
1629,137.0,17536
1630,137.0,17536
1631,137.0,17536
1632,137.0,17536
1633,137.0,17536
1634,137.0,17536
1635,137.0,17536
1636,137.0,17536
1637,137.0,17536
1638,137.0,17536
1639,137.0,17536
1640,137.0,17536
1641,137.0,17536
1642,137.0,17536
1643,137.0,17536
1644,137.0,17536
1645,137.0,17536
1646,137.0,17536
1647,137.0,17536
1648,137.0,17536
1649,137.0,17536
1650,137.0,17536
1651,137.0,17536
1652,137.0,17536
1653,137.0,17536
1654,137.0,17536
1655,137.0,17536
1656,129.0,16512
1657,129.0,16512
1658,129.0,16512
1659,129.0,16512
1660,129.0,16512
1661,129.0,16512
1662,129.0,16512
1663,129.0,16512
1664,129.0,16512
1665,129.0,16512
1666,129.0,16512
1667,129.0,16512
1668,129.0,16512
1669,129.0,16512
1670,129.0,16512
1671,129.0,16512
1672,129.0,16512
1673,129.0,16512
1674,129.0,16512
1675,129.0,16512
1676,129.0,16512
1677,129.0,16512
1678,137.0,17536
1679,137.0,17536
1680,137.0,17536
1681,137.0,17536
1682,137.0,17536
1683,137.0,17536
1684,137.0,17536
1685,137.0,17536
1686,137.0,17536
1687,137.0,17536
1688,137.0,17536
1689,137.0,17536
1690,137.0,17536
1691,137.0,17536
1692,137.0,17536
1693,137.0,17536
1694,137.0,17536
1695,137.0,17536
1696,137.0,17536
1697,137.0,17536
1698,137.0,17536
1699,137.0,17536
1700,137.0,17536
1701,137.0,17536
1702,137.0,17536
1703,137.0,17536
1704,137.0,17536
1705,137.0,17536
1706,137.0,17536
1707,137.0,17536
1708,137.0,17536
1709,137.0,17536
1710,137.0,17536
1711,137.0,17536
1712,137.0,17536
1713,137.0,17536
1714,137.0,17536
1715,137.0,17536
1716,137.0,17536
1717,137.0,17536
1718,137.0,17536
1719,137.0,17536
1720,137.0,17536
1721,137.0,17536
1722,137.0,17536
1723,137.0,17536
1724,137.0,17536
1725,137.0,17536
1726,137.0,17536
1727,137.0,17536
1728,137.0,17536
1729,137.0,17536
1730,137.0,17536
1731,137.0,17536
1732,137.0,17536
1733,137.0,17536
1734,137.0,17536
1735,137.0,17536
1736,137.0,17536
1737,137.0,17536
1738,137.0,17536
1739,137.0,17536
1740,137.0,17536
1741,137.0,17536
1742,137.0,17536
1743,137.0,17536
1744,137.0,17536
1745,137.0,17536
1746,137.0,17536
1747,137.0,17536
1748,137.0,17536
1749,137.0,17536
1750,137.0,17536
1751,137.0,17536
1752,137.0,17536
1753,137.0,17536
1754,137.0,17536
1755,137.0,17536
1756,137.0,17536
1757,137.0,17536
1758,137.0,17536
1759,137.0,17536
1760,137.0,17536
1761,137.0,17536
1762,137.0,17536
1763,137.0,17536
1764,137.0,17536
1765,137.0,17536
1766,137.0,17536
1767,137.0,17536
1768,137.0,17536
1769,137.0,17536
1770,137.0,17536
1771,137.0,17536
1772,137.0,17536
1773,137.0,17536
1774,137.0,17536
1775,137.0,17536
1776,137.0,17536
1777,137.0,17536
1778,137.0,17536
1779,137.0,17536
1780,137.0,17536
1781,137.0,17536
1782,137.0,17536
1783,137.0,17536
1784,137.0,17536
1785,137.0,17536
1786,137.0,17536
1787,137.0,17536
1788,137.0,17536
1789,137.0,17536
1790,137.0,17536
1791,137.0,17536
1792,137.0,17536
1793,137.0,17536
1794,137.0,17536
1795,137.0,17536
1796,137.0,17536
1797,137.0,17536
1798,137.0,17536
1799,137.0,17536
1800,137.0,17536
1801,137.0,17536
1802,137.0,17536
1803,137.0,17536
1804,137.0,17536
1805,137.0,17536
1806,137.0,17536
1807,137.0,17536
1808,137.0,17536
1809,137.0,17536
1810,137.0,17536
1811,137.0,17536
1812,137.0,17536
1813,137.0,17536
1814,137.0,17536
1815,129.0,16512
1816,129.0,16512
1817,129.0,16512
1818,129.0,16512
1819,129.0,16512
1820,129.0,16512
1821,129.0,16512
1822,129.0,16512
1823,129.0,16512
1824,129.0,16512
1825,129.0,16512
1826,129.0,16512
1827,137.0,17536
1828,137.0,17536
1829,129.0,16512
1830,129.0,16512
1831,129.0,16512
1832,129.0,16512
1833,129.0,16512
1834,129.0,16512
1835,129.0,16512
1836,129.0,16512
1837,129.0,16512
1838,129.0,16512
1839,129.0,16512
1840,129.0,16512
1841,129.0,16512
1842,129.0,16512
1843,129.0,16512
1844,129.0,16512
1845,129.0,16512
1846,129.0,16512
1847,129.0,16512
1848,129.0,16512
1849,129.0,16512
1850,129.0,16512
1851,129.0,16512
1852,129.0,16512
1853,129.0,16512
1854,129.0,16512
1855,129.0,16512
1856,129.0,16512
1857,129.0,16512
1858,129.0,16512
1859,129.0,16512
1860,129.0,16512
1861,129.0,16512
1862,129.0,16512
1863,129.0,16512
1864,129.0,16512
1865,129.0,16512
1866,129.0,16512
1867,129.0,16512
1868,129.0,16512
1869,129.0,16512
1870,129.0,16512
1871,129.0,16512
1872,129.0,16512
1873,129.0,16512
1874,129.0,16512
1875,129.0,16512
1876,129.0,16512
1877,129.0,16512
1878,129.0,16512
1879,129.0,16512
1880,129.0,16512
1881,129.0,16512
1882,129.0,16512
1883,129.0,16512
1884,129.0,16512
1885,129.0,16512
1886,129.0,16512
1887,129.0,16512
1888,129.0,16512
1889,129.0,16512
1890,129.0,16512
1891,129.0,16512
1892,129.0,16512
1893,129.0,16512
1894,129.0,16512
1895,129.0,16512
1896,129.0,16512
1897,129.0,16512
1898,129.0,16512
1899,129.0,16512
1900,129.0,16512
1901,129.0,16512
1902,129.0,16512
1903,129.0,16512
1904,129.0,16512
1905,129.0,16512
1906,129.0,16512
1907,129.0,16512
1908,129.0,16512
1909,129.0,16512
1910,129.0,16512
1911,129.0,16512
1912,129.0,16512
1913,129.0,16512
1914,129.0,16512
1915,129.0,16512
1916,129.0,16512
1917,129.0,16512
1918,129.0,16512
1919,129.0,16512
1920,129.0,16512
1921,129.0,16512
1922,129.0,16512
1923,129.0,16512
1924,129.0,16512
1925,129.0,16512
1926,129.0,16512
1927,129.0,16512
1928,129.0,16512
1929,129.0,16512
1930,129.0,16512
1931,129.0,16512
1932,129.0,16512
1933,129.0,16512
1934,129.0,16512
1935,129.0,16512
1936,129.0,16512
1937,129.0,16512
1938,129.0,16512
1939,129.0,16512
1940,129.0,16512
1941,129.0,16512
1942,129.0,16512
1943,129.0,16512
1944,129.0,16512
1945,129.0,16512
1946,129.0,16512
1947,129.0,16512
1948,129.0,16512
1949,129.0,16512
1950,129.0,16512
1951,129.0,16512
1952,129.0,16512
1953,129.0,16512
1954,129.0,16512
1955,129.0,16512
1956,129.0,16512
1957,129.0,16512
1958,129.0,16512
1959,129.0,16512
1960,129.0,16512
1961,129.0,16512
1962,129.0,16512
1963,129.0,16512
1964,129.0,16512
1965,129.0,16512
1966,129.0,16512
1967,129.0,16512
1968,129.0,16512
1969,129.0,16512
1970,129.0,16512
1971,129.0,16512
1972,129.0,16512
1973,129.0,16512
1974,129.0,16512
1975,129.0,16512
1976,129.0,16512
1977,129.0,16512
1978,129.0,16512
1979,129.0,16512
1980,129.0,16512
1981,129.0,16512
1982,129.0,16512
1983,129.0,16512
1984,129.0,16512
1985,129.0,16512
1986,129.0,16512
1987,129.0,16512
1988,129.0,16512
1989,129.0,16512
1990,129.0,16512
1991,129.0,16512
1992,129.0,16512
1993,129.0,16512
1994,129.0,16512
1995,129.0,16512
1996,129.0,16512
1997,129.0,16512
1998,129.0,16512
1999,129.0,16512
2000,129.0,16512
