RandomSeed,7412,Population size:128,Bit Length:64,Crossover Rate:0.7,Mutation Rate:0.005
gen,BestFitness,FitnessEval
1,9.0,1152
2,17.0,2176
3,17.0,2176
4,25.0,3200
5,25.0,3200
6,25.0,3200
7,25.0,3200
8,25.0,3200
9,25.0,3200
10,25.0,3200
11,25.0,3200
12,25.0,3200
13,25.0,3200
14,25.0,3200
15,25.0,3200
16,25.0,3200
17,25.0,3200
18,25.0,3200
19,25.0,3200
20,25.0,3200
21,25.0,3200
22,25.0,3200
23,25.0,3200
24,25.0,3200
25,25.0,3200
26,49.0,6272
27,25.0,3200
28,25.0,3200
29,25.0,3200
30,25.0,3200
31,25.0,3200
32,25.0,3200
33,25.0,3200
34,25.0,3200
35,25.0,3200
36,49.0,6272
37,49.0,6272
38,49.0,6272
39,49.0,6272
40,49.0,6272
41,49.0,6272
42,49.0,6272
43,49.0,6272
44,49.0,6272
45,49.0,6272
46,49.0,6272
47,49.0,6272
48,49.0,6272
49,49.0,6272
50,73.0,9344
51,73.0,9344
52,49.0,6272
53,49.0,6272
54,49.0,6272
55,49.0,6272
56,49.0,6272
57,49.0,6272
58,49.0,6272
59,49.0,6272
60,49.0,6272
61,49.0,6272
62,49.0,6272
63,49.0,6272
64,49.0,6272
65,49.0,6272
66,49.0,6272
67,57.0,7296
68,57.0,7296
69,49.0,6272
70,49.0,6272
71,49.0,6272
72,49.0,6272
73,49.0,6272
74,49.0,6272
75,49.0,6272
76,57.0,7296
77,49.0,6272
78,49.0,6272
79,57.0,7296
80,49.0,6272
81,49.0,6272
82,49.0,6272
83,49.0,6272
84,49.0,6272
85,49.0,6272
86,49.0,6272
87,49.0,6272
88,57.0,7296
89,49.0,6272
90,49.0,6272
91,49.0,6272
92,57.0,7296
93,57.0,7296
94,57.0,7296
95,49.0,6272
96,49.0,6272
97,49.0,6272
98,49.0,6272
99,49.0,6272
100,49.0,6272
101,49.0,6272
102,49.0,6272
103,49.0,6272
104,49.0,6272
105,49.0,6272
106,49.0,6272
107,49.0,6272
108,49.0,6272
109,49.0,6272
110,49.0,6272
111,49.0,6272
112,49.0,6272
113,49.0,6272
114,49.0,6272
115,57.0,7296
116,49.0,6272
117,49.0,6272
118,49.0,6272
119,49.0,6272
120,49.0,6272
121,49.0,6272
122,49.0,6272
123,49.0,6272
124,49.0,6272
125,49.0,6272
126,49.0,6272
127,57.0,7296
128,49.0,6272
129,49.0,6272
130,49.0,6272
131,49.0,6272
132,49.0,6272
133,49.0,6272
134,49.0,6272
135,49.0,6272
136,49.0,6272
137,49.0,6272
138,49.0,6272
139,49.0,6272
140,49.0,6272
141,49.0,6272
142,49.0,6272
143,49.0,6272
144,49.0,6272
145,49.0,6272
146,49.0,6272
147,49.0,6272
148,49.0,6272
149,49.0,6272
150,49.0,6272
151,49.0,6272
152,49.0,6272
153,49.0,6272
154,49.0,6272
155,49.0,6272
156,49.0,6272
157,49.0,6272
158,49.0,6272
159,49.0,6272
160,49.0,6272
161,49.0,6272
162,49.0,6272
163,49.0,6272
164,49.0,6272
165,49.0,6272
166,49.0,6272
167,49.0,6272
168,49.0,6272
169,49.0,6272
170,49.0,6272
171,49.0,6272
172,49.0,6272
173,49.0,6272
174,49.0,6272
175,49.0,6272
176,49.0,6272
177,49.0,6272
178,49.0,6272
179,49.0,6272
180,49.0,6272
181,49.0,6272
182,49.0,6272
183,49.0,6272
184,49.0,6272
185,49.0,6272
186,49.0,6272
187,49.0,6272
188,49.0,6272
189,49.0,6272
190,49.0,6272
191,49.0,6272
192,49.0,6272
193,49.0,6272
194,49.0,6272
195,49.0,6272
196,49.0,6272
197,49.0,6272
198,49.0,6272
199,49.0,6272
200,49.0,6272
201,49.0,6272
202,49.0,6272
203,49.0,6272
204,49.0,6272
205,49.0,6272
206,49.0,6272
207,49.0,6272
208,49.0,6272
209,49.0,6272
210,49.0,6272
211,49.0,6272
212,49.0,6272
213,49.0,6272
214,49.0,6272
215,49.0,6272
216,49.0,6272
217,49.0,6272
218,49.0,6272
219,49.0,6272
220,49.0,6272
221,49.0,6272
222,49.0,6272
223,49.0,6272
224,49.0,6272
225,49.0,6272
226,49.0,6272
227,49.0,6272
228,49.0,6272
229,49.0,6272
230,49.0,6272
231,49.0,6272
232,49.0,6272
233,49.0,6272
234,49.0,6272
235,49.0,6272
236,49.0,6272
237,49.0,6272
238,49.0,6272
239,49.0,6272
240,49.0,6272
241,49.0,6272
242,49.0,6272
243,49.0,6272
244,49.0,6272
245,49.0,6272
246,49.0,6272
247,49.0,6272
248,49.0,6272
249,49.0,6272
250,49.0,6272
251,49.0,6272
252,49.0,6272
253,49.0,6272
254,49.0,6272
255,49.0,6272
256,49.0,6272
257,49.0,6272
258,49.0,6272
259,49.0,6272
260,49.0,6272
261,49.0,6272
262,49.0,6272
263,49.0,6272
264,49.0,6272
265,57.0,7296
266,57.0,7296
267,57.0,7296
268,57.0,7296
269,57.0,7296
270,49.0,6272
271,49.0,6272
272,49.0,6272
273,49.0,6272
274,49.0,6272
275,49.0,6272
276,49.0,6272
277,49.0,6272
278,49.0,6272
279,49.0,6272
280,49.0,6272
281,49.0,6272
282,49.0,6272
283,49.0,6272
284,57.0,7296
285,57.0,7296
286,57.0,7296
287,57.0,7296
288,57.0,7296
289,57.0,7296
290,57.0,7296
291,57.0,7296
292,57.0,7296
293,105.0,13440
294,57.0,7296
295,57.0,7296
296,57.0,7296
297,57.0,7296
298,49.0,6272
299,49.0,6272
300,49.0,6272
301,49.0,6272
302,49.0,6272
303,49.0,6272
304,57.0,7296
305,49.0,6272
306,49.0,6272
307,49.0,6272
308,49.0,6272
309,49.0,6272
310,49.0,6272
311,49.0,6272
312,49.0,6272
313,57.0,7296
314,57.0,7296
315,49.0,6272
316,49.0,6272
317,49.0,6272
318,49.0,6272
319,49.0,6272
320,49.0,6272
321,49.0,6272
322,49.0,6272
323,49.0,6272
324,49.0,6272
325,49.0,6272
326,49.0,6272
327,49.0,6272
328,49.0,6272
329,49.0,6272
330,49.0,6272
331,49.0,6272
332,49.0,6272
333,49.0,6272
334,49.0,6272
335,49.0,6272
336,49.0,6272
337,49.0,6272
338,49.0,6272
339,49.0,6272
340,49.0,6272
341,49.0,6272
342,49.0,6272
343,49.0,6272
344,49.0,6272
345,49.0,6272
346,49.0,6272
347,49.0,6272
348,49.0,6272
349,49.0,6272
350,49.0,6272
351,49.0,6272
352,49.0,6272
353,49.0,6272
354,49.0,6272
355,49.0,6272
356,49.0,6272
357,49.0,6272
358,49.0,6272
359,105.0,13440
360,105.0,13440
361,105.0,13440
362,105.0,13440
363,105.0,13440
364,105.0,13440
365,105.0,13440
366,105.0,13440
367,105.0,13440
368,105.0,13440
369,105.0,13440
370,105.0,13440
371,105.0,13440
372,105.0,13440
373,105.0,13440
374,105.0,13440
375,105.0,13440
376,105.0,13440
377,105.0,13440
378,105.0,13440
379,105.0,13440
380,105.0,13440
381,105.0,13440
382,105.0,13440
383,105.0,13440
384,105.0,13440
385,105.0,13440
386,105.0,13440
387,105.0,13440
388,105.0,13440
389,105.0,13440
390,105.0,13440
391,105.0,13440
392,105.0,13440
393,105.0,13440
394,105.0,13440
395,105.0,13440
396,105.0,13440
397,105.0,13440
398,105.0,13440
399,105.0,13440
400,105.0,13440
401,105.0,13440
402,105.0,13440
403,105.0,13440
404,105.0,13440
405,105.0,13440
406,105.0,13440
407,105.0,13440
408,105.0,13440
409,105.0,13440
410,105.0,13440
411,105.0,13440
412,105.0,13440
413,105.0,13440
414,105.0,13440
415,105.0,13440
416,105.0,13440
417,105.0,13440
418,105.0,13440
419,105.0,13440
420,105.0,13440
421,105.0,13440
422,105.0,13440
423,105.0,13440
424,105.0,13440
425,105.0,13440
426,105.0,13440
427,105.0,13440
428,105.0,13440
429,105.0,13440
430,105.0,13440
431,105.0,13440
432,105.0,13440
433,105.0,13440
434,105.0,13440
435,105.0,13440
436,105.0,13440
437,105.0,13440
438,105.0,13440
439,105.0,13440
440,105.0,13440
441,105.0,13440
442,105.0,13440
443,97.0,12416
444,97.0,12416
445,105.0,13440
446,105.0,13440
447,105.0,13440
448,105.0,13440
449,105.0,13440
450,105.0,13440
451,97.0,12416
452,97.0,12416
453,97.0,12416
454,97.0,12416
455,97.0,12416
456,97.0,12416
457,97.0,12416
458,97.0,12416
459,97.0,12416
460,97.0,12416
461,97.0,12416
462,97.0,12416
463,97.0,12416
464,97.0,12416
465,97.0,12416
466,97.0,12416
467,97.0,12416
468,97.0,12416
469,97.0,12416
470,97.0,12416
471,97.0,12416
472,97.0,12416
473,97.0,12416
474,97.0,12416
475,97.0,12416
476,97.0,12416
477,97.0,12416
478,105.0,13440
479,97.0,12416
480,97.0,12416
481,97.0,12416
482,97.0,12416
483,97.0,12416
484,97.0,12416
485,97.0,12416
486,97.0,12416
487,97.0,12416
488,97.0,12416
489,105.0,13440
490,97.0,12416
491,97.0,12416
492,97.0,12416
493,97.0,12416
494,97.0,12416
495,97.0,12416
496,97.0,12416
497,97.0,12416
498,97.0,12416
499,105.0,13440
500,105.0,13440
501,105.0,13440
502,105.0,13440
503,105.0,13440
504,105.0,13440
505,105.0,13440
506,105.0,13440
507,105.0,13440
508,105.0,13440
509,105.0,13440
510,105.0,13440
511,105.0,13440
512,105.0,13440
513,105.0,13440
514,97.0,12416
515,97.0,12416
516,97.0,12416
517,105.0,13440
518,97.0,12416
519,97.0,12416
520,97.0,12416
521,97.0,12416
522,97.0,12416
523,97.0,12416
524,97.0,12416
525,97.0,12416
526,97.0,12416
527,97.0,12416
528,97.0,12416
529,97.0,12416
530,97.0,12416
531,97.0,12416
532,97.0,12416
533,97.0,12416
534,105.0,13440
535,97.0,12416
536,97.0,12416
537,97.0,12416
538,97.0,12416
539,97.0,12416
540,97.0,12416
541,97.0,12416
542,97.0,12416
543,97.0,12416
544,97.0,12416
545,97.0,12416
546,97.0,12416
547,97.0,12416
548,97.0,12416
549,97.0,12416
550,97.0,12416
551,97.0,12416
552,97.0,12416
553,97.0,12416
554,97.0,12416
555,97.0,12416
556,97.0,12416
557,97.0,12416
558,97.0,12416
559,97.0,12416
560,97.0,12416
561,97.0,12416
562,97.0,12416
563,97.0,12416
564,97.0,12416
565,97.0,12416
566,97.0,12416
567,97.0,12416
568,97.0,12416
569,97.0,12416
570,97.0,12416
571,97.0,12416
572,97.0,12416
573,97.0,12416
574,97.0,12416
575,97.0,12416
576,97.0,12416
577,97.0,12416
578,97.0,12416
579,97.0,12416
580,97.0,12416
581,97.0,12416
582,97.0,12416
583,97.0,12416
584,97.0,12416
585,97.0,12416
586,97.0,12416
587,97.0,12416
588,97.0,12416
589,97.0,12416
590,97.0,12416
591,97.0,12416
592,97.0,12416
593,97.0,12416
594,97.0,12416
595,97.0,12416
596,97.0,12416
597,97.0,12416
598,97.0,12416
599,97.0,12416
600,97.0,12416
601,97.0,12416
602,97.0,12416
603,97.0,12416
604,97.0,12416
605,97.0,12416
606,97.0,12416
607,97.0,12416
608,97.0,12416
609,97.0,12416
610,97.0,12416
611,97.0,12416
612,97.0,12416
613,97.0,12416
614,97.0,12416
615,97.0,12416
616,97.0,12416
617,97.0,12416
618,97.0,12416
619,97.0,12416
620,97.0,12416
621,97.0,12416
622,97.0,12416
623,97.0,12416
624,97.0,12416
625,97.0,12416
626,97.0,12416
627,105.0,13440
628,105.0,13440
629,97.0,12416
630,97.0,12416
631,97.0,12416
632,97.0,12416
633,97.0,12416
634,97.0,12416
635,97.0,12416
636,97.0,12416
637,97.0,12416
638,97.0,12416
639,97.0,12416
640,97.0,12416
641,97.0,12416
642,97.0,12416
643,97.0,12416
644,97.0,12416
645,97.0,12416
646,97.0,12416
647,97.0,12416
648,97.0,12416
649,97.0,12416
650,97.0,12416
651,97.0,12416
652,97.0,12416
653,97.0,12416
654,97.0,12416
655,97.0,12416
656,97.0,12416
657,97.0,12416
658,97.0,12416
659,97.0,12416
660,97.0,12416
661,97.0,12416
662,97.0,12416
663,97.0,12416
664,97.0,12416
665,97.0,12416
666,97.0,12416
667,97.0,12416
668,97.0,12416
669,97.0,12416
670,97.0,12416
671,97.0,12416
672,97.0,12416
673,97.0,12416
674,97.0,12416
675,97.0,12416
676,97.0,12416
677,97.0,12416
678,97.0,12416
679,97.0,12416
680,97.0,12416
681,97.0,12416
682,97.0,12416
683,97.0,12416
684,97.0,12416
685,97.0,12416
686,97.0,12416
687,97.0,12416
688,97.0,12416
689,97.0,12416
690,97.0,12416
691,97.0,12416
692,97.0,12416
693,97.0,12416
694,97.0,12416
695,97.0,12416
696,97.0,12416
697,97.0,12416
698,97.0,12416
699,97.0,12416
700,97.0,12416
701,97.0,12416
702,97.0,12416
703,97.0,12416
704,97.0,12416
705,97.0,12416
706,97.0,12416
707,97.0,12416
708,97.0,12416
709,97.0,12416
710,97.0,12416
711,97.0,12416
712,97.0,12416
713,97.0,12416
714,97.0,12416
715,97.0,12416
716,97.0,12416
717,97.0,12416
718,97.0,12416
719,97.0,12416
720,97.0,12416
721,97.0,12416
722,97.0,12416
723,97.0,12416
724,97.0,12416
725,97.0,12416
726,97.0,12416
727,97.0,12416
728,97.0,12416
729,97.0,12416
730,97.0,12416
731,105.0,13440
732,105.0,13440
733,97.0,12416
734,97.0,12416
735,97.0,12416
736,97.0,12416
737,97.0,12416
738,97.0,12416
739,97.0,12416
740,97.0,12416
741,97.0,12416
742,97.0,12416
743,97.0,12416
744,97.0,12416
745,97.0,12416
746,97.0,12416
747,97.0,12416
748,97.0,12416
749,97.0,12416
750,97.0,12416
751,97.0,12416
752,97.0,12416
753,97.0,12416
754,97.0,12416
755,97.0,12416
756,97.0,12416
757,97.0,12416
758,97.0,12416
759,97.0,12416
760,97.0,12416
761,97.0,12416
762,97.0,12416
763,97.0,12416
764,97.0,12416
765,97.0,12416
766,97.0,12416
767,97.0,12416
768,97.0,12416
769,97.0,12416
770,97.0,12416
771,97.0,12416
772,97.0,12416
773,97.0,12416
774,97.0,12416
775,97.0,12416
776,97.0,12416
777,97.0,12416
778,97.0,12416
779,97.0,12416
780,97.0,12416
781,97.0,12416
782,97.0,12416
783,97.0,12416
784,97.0,12416
785,97.0,12416
786,97.0,12416
787,97.0,12416
788,97.0,12416
789,97.0,12416
790,97.0,12416
791,97.0,12416
792,97.0,12416
793,97.0,12416
794,97.0,12416
795,97.0,12416
796,97.0,12416
797,97.0,12416
798,97.0,12416
799,97.0,12416
800,97.0,12416
801,97.0,12416
802,97.0,12416
803,97.0,12416
804,97.0,12416
805,97.0,12416
806,97.0,12416
807,97.0,12416
808,97.0,12416
809,97.0,12416
810,97.0,12416
811,97.0,12416
812,97.0,12416
813,97.0,12416
814,97.0,12416
815,97.0,12416
816,97.0,12416
817,97.0,12416
818,97.0,12416
819,97.0,12416
820,97.0,12416
821,97.0,12416
822,97.0,12416
823,97.0,12416
824,97.0,12416
825,97.0,12416
826,97.0,12416
827,97.0,12416
828,97.0,12416
829,97.0,12416
830,97.0,12416
831,97.0,12416
832,97.0,12416
833,97.0,12416
834,97.0,12416
835,97.0,12416
836,97.0,12416
837,97.0,12416
838,97.0,12416
839,97.0,12416
840,97.0,12416
841,97.0,12416
842,97.0,12416
843,97.0,12416
844,97.0,12416
845,97.0,12416
846,97.0,12416
847,97.0,12416
848,97.0,12416
849,97.0,12416
850,97.0,12416
851,97.0,12416
852,97.0,12416
853,97.0,12416
854,97.0,12416
855,97.0,12416
856,97.0,12416
857,105.0,13440
858,97.0,12416
859,97.0,12416
860,97.0,12416
861,97.0,12416
862,97.0,12416
863,97.0,12416
864,97.0,12416
865,97.0,12416
866,97.0,12416
867,97.0,12416
868,97.0,12416
869,97.0,12416
870,97.0,12416
871,97.0,12416
872,97.0,12416
873,97.0,12416
874,97.0,12416
875,97.0,12416
876,97.0,12416
877,97.0,12416
878,97.0,12416
879,97.0,12416
880,97.0,12416
881,97.0,12416
882,97.0,12416
883,97.0,12416
884,97.0,12416
885,97.0,12416
886,97.0,12416
887,97.0,12416
888,97.0,12416
889,97.0,12416
890,97.0,12416
891,97.0,12416
892,97.0,12416
893,97.0,12416
894,97.0,12416
895,97.0,12416
896,97.0,12416
897,97.0,12416
898,97.0,12416
899,97.0,12416
900,97.0,12416
901,97.0,12416
902,97.0,12416
903,97.0,12416
904,97.0,12416
905,97.0,12416
906,97.0,12416
907,97.0,12416
908,97.0,12416
909,97.0,12416
910,97.0,12416
911,97.0,12416
912,97.0,12416
913,97.0,12416
914,97.0,12416
915,97.0,12416
916,97.0,12416
917,97.0,12416
918,97.0,12416
919,97.0,12416
920,97.0,12416
921,97.0,12416
922,97.0,12416
923,97.0,12416
924,97.0,12416
925,97.0,12416
926,97.0,12416
927,97.0,12416
928,97.0,12416
929,97.0,12416
930,97.0,12416
931,97.0,12416
932,97.0,12416
933,97.0,12416
934,97.0,12416
935,97.0,12416
936,97.0,12416
937,97.0,12416
938,97.0,12416
939,97.0,12416
940,97.0,12416
941,97.0,12416
942,97.0,12416
943,97.0,12416
944,97.0,12416
945,97.0,12416
946,97.0,12416
947,97.0,12416
948,97.0,12416
949,97.0,12416
950,97.0,12416
951,97.0,12416
952,97.0,12416
953,97.0,12416
954,97.0,12416
955,97.0,12416
956,97.0,12416
957,97.0,12416
958,97.0,12416
959,97.0,12416
960,97.0,12416
961,97.0,12416
962,97.0,12416
963,97.0,12416
964,97.0,12416
965,97.0,12416
966,97.0,12416
967,97.0,12416
968,97.0,12416
969,97.0,12416
970,97.0,12416
971,97.0,12416
972,97.0,12416
973,97.0,12416
974,97.0,12416
975,97.0,12416
976,97.0,12416
977,97.0,12416
978,97.0,12416
979,97.0,12416
980,97.0,12416
981,97.0,12416
982,97.0,12416
983,97.0,12416
984,97.0,12416
985,97.0,12416
986,97.0,12416
987,97.0,12416
988,97.0,12416
989,97.0,12416
990,97.0,12416
991,97.0,12416
992,97.0,12416
993,97.0,12416
994,97.0,12416
995,97.0,12416
996,97.0,12416
997,97.0,12416
998,97.0,12416
999,97.0,12416
1000,97.0,12416
1001,97.0,12416
1002,97.0,12416
1003,97.0,12416
1004,97.0,12416
1005,97.0,12416
1006,97.0,12416
1007,97.0,12416
1008,97.0,12416
1009,97.0,12416
1010,97.0,12416
1011,97.0,12416
1012,97.0,12416
1013,97.0,12416
1014,97.0,12416
1015,97.0,12416
1016,97.0,12416
1017,97.0,12416
1018,97.0,12416
1019,97.0,12416
1020,97.0,12416
1021,97.0,12416
1022,97.0,12416
1023,97.0,12416
1024,97.0,12416
1025,97.0,12416
1026,97.0,12416
1027,97.0,12416
1028,97.0,12416
1029,97.0,12416
1030,97.0,12416
1031,105.0,13440
1032,105.0,13440
1033,105.0,13440
1034,97.0,12416
1035,105.0,13440
1036,105.0,13440
1037,105.0,13440
1038,105.0,13440
1039,105.0,13440
1040,105.0,13440
1041,105.0,13440
1042,105.0,13440
1043,105.0,13440
1044,105.0,13440
1045,105.0,13440
1046,105.0,13440
1047,105.0,13440
1048,105.0,13440
1049,105.0,13440
1050,105.0,13440
1051,105.0,13440
1052,105.0,13440
1053,105.0,13440
1054,105.0,13440
1055,105.0,13440
1056,105.0,13440
1057,105.0,13440
1058,105.0,13440
1059,105.0,13440
1060,105.0,13440
1061,105.0,13440
1062,105.0,13440
1063,105.0,13440
1064,105.0,13440
1065,97.0,12416
1066,97.0,12416
1067,97.0,12416
1068,97.0,12416
1069,97.0,12416
1070,97.0,12416
1071,105.0,13440
1072,97.0,12416
1073,105.0,13440
1074,105.0,13440
1075,105.0,13440
1076,105.0,13440
1077,97.0,12416
1078,105.0,13440
1079,97.0,12416
1080,97.0,12416
1081,97.0,12416
1082,97.0,12416
1083,97.0,12416
1084,105.0,13440
1085,97.0,12416
1086,97.0,12416
1087,97.0,12416
1088,97.0,12416
1089,97.0,12416
1090,97.0,12416
1091,97.0,12416
1092,97.0,12416
1093,97.0,12416
1094,97.0,12416
1095,97.0,12416
1096,97.0,12416
1097,97.0,12416
1098,97.0,12416
1099,97.0,12416
1100,105.0,13440
1101,105.0,13440
1102,105.0,13440
1103,105.0,13440
1104,105.0,13440
1105,105.0,13440
1106,105.0,13440
1107,105.0,13440
1108,105.0,13440
1109,105.0,13440
1110,97.0,12416
1111,97.0,12416
1112,97.0,12416
1113,97.0,12416
1114,97.0,12416
1115,97.0,12416
1116,97.0,12416
1117,97.0,12416
1118,97.0,12416
1119,97.0,12416
1120,97.0,12416
1121,97.0,12416
1122,97.0,12416
1123,97.0,12416
1124,97.0,12416
1125,97.0,12416
1126,97.0,12416
1127,97.0,12416
1128,97.0,12416
1129,97.0,12416
1130,97.0,12416
1131,97.0,12416
1132,97.0,12416
1133,97.0,12416
1134,97.0,12416
1135,97.0,12416
1136,97.0,12416
1137,97.0,12416
1138,97.0,12416
1139,97.0,12416
1140,97.0,12416
1141,97.0,12416
1142,97.0,12416
1143,97.0,12416
1144,97.0,12416
1145,97.0,12416
1146,97.0,12416
1147,97.0,12416
1148,97.0,12416
1149,97.0,12416
1150,97.0,12416
1151,97.0,12416
1152,97.0,12416
1153,97.0,12416
1154,97.0,12416
1155,97.0,12416
1156,97.0,12416
1157,97.0,12416
1158,97.0,12416
1159,97.0,12416
1160,97.0,12416
1161,97.0,12416
1162,97.0,12416
1163,97.0,12416
1164,97.0,12416
1165,97.0,12416
1166,97.0,12416
1167,97.0,12416
1168,97.0,12416
1169,97.0,12416
1170,97.0,12416
1171,97.0,12416
1172,97.0,12416
1173,97.0,12416
1174,97.0,12416
1175,97.0,12416
1176,97.0,12416
1177,97.0,12416
1178,97.0,12416
1179,97.0,12416
1180,97.0,12416
1181,97.0,12416
1182,97.0,12416
1183,97.0,12416
1184,97.0,12416
1185,97.0,12416
1186,97.0,12416
1187,97.0,12416
1188,97.0,12416
1189,105.0,13440
1190,105.0,13440
1191,105.0,13440
1192,97.0,12416
1193,97.0,12416
1194,97.0,12416
1195,105.0,13440
1196,97.0,12416
1197,105.0,13440
1198,105.0,13440
1199,105.0,13440
1200,105.0,13440
1201,105.0,13440
1202,105.0,13440
1203,105.0,13440
1204,105.0,13440
1205,105.0,13440
1206,105.0,13440
1207,105.0,13440
1208,105.0,13440
1209,105.0,13440
1210,105.0,13440
1211,105.0,13440
1212,105.0,13440
1213,105.0,13440
1214,105.0,13440
1215,105.0,13440
1216,105.0,13440
1217,105.0,13440
1218,105.0,13440
1219,105.0,13440
1220,105.0,13440
1221,105.0,13440
1222,105.0,13440
1223,105.0,13440
1224,105.0,13440
1225,105.0,13440
1226,105.0,13440
1227,105.0,13440
1228,105.0,13440
1229,105.0,13440
1230,105.0,13440
1231,105.0,13440
1232,105.0,13440
1233,105.0,13440
1234,105.0,13440
1235,105.0,13440
1236,105.0,13440
1237,105.0,13440
1238,105.0,13440
1239,105.0,13440
1240,105.0,13440
1241,105.0,13440
1242,105.0,13440
1243,105.0,13440
1244,105.0,13440
1245,105.0,13440
1246,105.0,13440
1247,105.0,13440
1248,105.0,13440
1249,105.0,13440
1250,105.0,13440
1251,105.0,13440
1252,105.0,13440
1253,105.0,13440
1254,105.0,13440
1255,105.0,13440
1256,105.0,13440
1257,105.0,13440
1258,105.0,13440
1259,105.0,13440
1260,105.0,13440
1261,105.0,13440
1262,105.0,13440
1263,105.0,13440
1264,105.0,13440
1265,105.0,13440
1266,105.0,13440
1267,105.0,13440
1268,113.0,14464
1269,105.0,13440
1270,105.0,13440
1271,105.0,13440
1272,105.0,13440
1273,105.0,13440
1274,105.0,13440
1275,105.0,13440
1276,113.0,14464
1277,105.0,13440
1278,105.0,13440
1279,113.0,14464
1280,105.0,13440
1281,105.0,13440
1282,105.0,13440
1283,105.0,13440
1284,105.0,13440
1285,105.0,13440
1286,113.0,14464
1287,113.0,14464
1288,113.0,14464
1289,113.0,14464
1290,113.0,14464
1291,113.0,14464
1292,113.0,14464
1293,113.0,14464
1294,113.0,14464
1295,113.0,14464
1296,113.0,14464
1297,105.0,13440
1298,105.0,13440
1299,105.0,13440
1300,113.0,14464
1301,105.0,13440
1302,105.0,13440
1303,105.0,13440
1304,105.0,13440
1305,105.0,13440
1306,105.0,13440
1307,105.0,13440
1308,105.0,13440
1309,105.0,13440
1310,105.0,13440
1311,105.0,13440
1312,105.0,13440
1313,105.0,13440
1314,113.0,14464
1315,105.0,13440
1316,105.0,13440
1317,105.0,13440
1318,113.0,14464
1319,105.0,13440
1320,105.0,13440
1321,105.0,13440
1322,105.0,13440
1323,105.0,13440
1324,105.0,13440
1325,105.0,13440
1326,105.0,13440
1327,105.0,13440
1328,105.0,13440
1329,105.0,13440
1330,105.0,13440
1331,105.0,13440
1332,105.0,13440
1333,105.0,13440
1334,105.0,13440
1335,105.0,13440
1336,105.0,13440
1337,105.0,13440
1338,105.0,13440
1339,105.0,13440
1340,105.0,13440
1341,105.0,13440
1342,105.0,13440
1343,105.0,13440
1344,105.0,13440
1345,105.0,13440
1346,105.0,13440
1347,105.0,13440
1348,105.0,13440
1349,105.0,13440
1350,105.0,13440
1351,105.0,13440
1352,113.0,14464
1353,105.0,13440
1354,113.0,14464
1355,113.0,14464
1356,113.0,14464
1357,105.0,13440
1358,105.0,13440
1359,105.0,13440
1360,105.0,13440
1361,105.0,13440
1362,105.0,13440
1363,105.0,13440
1364,105.0,13440
1365,105.0,13440
1366,105.0,13440
1367,105.0,13440
1368,105.0,13440
1369,105.0,13440
1370,105.0,13440
1371,105.0,13440
1372,105.0,13440
1373,105.0,13440
1374,105.0,13440
1375,105.0,13440
1376,105.0,13440
1377,105.0,13440
1378,105.0,13440
1379,113.0,14464
1380,105.0,13440
1381,105.0,13440
1382,105.0,13440
1383,105.0,13440
1384,105.0,13440
1385,105.0,13440
1386,105.0,13440
1387,105.0,13440
1388,105.0,13440
1389,105.0,13440
1390,105.0,13440
1391,105.0,13440
1392,105.0,13440
1393,105.0,13440
1394,105.0,13440
1395,105.0,13440
1396,105.0,13440
1397,105.0,13440
1398,105.0,13440
1399,105.0,13440
1400,105.0,13440
1401,105.0,13440
1402,105.0,13440
1403,105.0,13440
1404,105.0,13440
1405,105.0,13440
1406,105.0,13440
1407,105.0,13440
1408,105.0,13440
1409,105.0,13440
1410,105.0,13440
1411,105.0,13440
1412,105.0,13440
1413,105.0,13440
1414,105.0,13440
1415,105.0,13440
1416,105.0,13440
1417,105.0,13440
1418,105.0,13440
1419,105.0,13440
1420,105.0,13440
1421,105.0,13440
1422,105.0,13440
1423,105.0,13440
1424,105.0,13440
1425,105.0,13440
1426,105.0,13440
1427,105.0,13440
1428,105.0,13440
1429,105.0,13440
1430,105.0,13440
1431,105.0,13440
1432,105.0,13440
1433,105.0,13440
1434,105.0,13440
1435,105.0,13440
1436,105.0,13440
1437,105.0,13440
1438,105.0,13440
1439,105.0,13440
1440,105.0,13440
1441,105.0,13440
1442,105.0,13440
1443,105.0,13440
1444,105.0,13440
1445,105.0,13440
1446,105.0,13440
1447,105.0,13440
1448,105.0,13440
1449,105.0,13440
1450,105.0,13440
1451,105.0,13440
1452,105.0,13440
1453,105.0,13440
1454,105.0,13440
1455,105.0,13440
1456,105.0,13440
1457,105.0,13440
1458,105.0,13440
1459,105.0,13440
1460,105.0,13440
1461,105.0,13440
1462,105.0,13440
1463,105.0,13440
1464,105.0,13440
1465,105.0,13440
1466,105.0,13440
1467,97.0,12416
1468,105.0,13440
1469,97.0,12416
1470,97.0,12416
1471,97.0,12416
1472,97.0,12416
1473,97.0,12416
1474,97.0,12416
1475,97.0,12416
1476,97.0,12416
1477,97.0,12416
1478,97.0,12416
1479,97.0,12416
1480,97.0,12416
1481,97.0,12416
1482,97.0,12416
1483,97.0,12416
1484,97.0,12416
1485,97.0,12416
1486,97.0,12416
1487,97.0,12416
1488,97.0,12416
1489,97.0,12416
1490,97.0,12416
1491,97.0,12416
1492,105.0,13440
1493,97.0,12416
1494,97.0,12416
1495,97.0,12416
1496,97.0,12416
1497,97.0,12416
1498,97.0,12416
1499,97.0,12416
1500,97.0,12416
1501,97.0,12416
1502,97.0,12416
1503,97.0,12416
1504,97.0,12416
1505,97.0,12416
1506,97.0,12416
1507,97.0,12416
1508,97.0,12416
1509,97.0,12416
1510,97.0,12416
1511,97.0,12416
1512,97.0,12416
1513,97.0,12416
1514,97.0,12416
1515,97.0,12416
1516,97.0,12416
1517,97.0,12416
1518,97.0,12416
1519,97.0,12416
1520,97.0,12416
1521,97.0,12416
1522,97.0,12416
1523,97.0,12416
1524,97.0,12416
1525,97.0,12416
1526,97.0,12416
1527,97.0,12416
1528,97.0,12416
1529,97.0,12416
1530,97.0,12416
1531,97.0,12416
1532,97.0,12416
1533,97.0,12416
1534,97.0,12416
1535,97.0,12416
1536,97.0,12416
1537,97.0,12416
1538,97.0,12416
1539,97.0,12416
1540,97.0,12416
1541,97.0,12416
1542,97.0,12416
1543,97.0,12416
1544,97.0,12416
1545,97.0,12416
1546,97.0,12416
1547,97.0,12416
1548,97.0,12416
1549,97.0,12416
1550,97.0,12416
1551,97.0,12416
1552,97.0,12416
1553,97.0,12416
1554,97.0,12416
1555,97.0,12416
1556,97.0,12416
1557,97.0,12416
1558,97.0,12416
1559,97.0,12416
1560,105.0,13440
1561,105.0,13440
1562,105.0,13440
1563,105.0,13440
1564,105.0,13440
1565,105.0,13440
1566,105.0,13440
1567,105.0,13440
1568,105.0,13440
1569,105.0,13440
1570,105.0,13440
1571,105.0,13440
1572,105.0,13440
1573,105.0,13440
1574,105.0,13440
1575,97.0,12416
1576,97.0,12416
1577,97.0,12416
1578,97.0,12416
1579,97.0,12416
1580,97.0,12416
1581,105.0,13440
1582,97.0,12416
1583,97.0,12416
1584,97.0,12416
1585,97.0,12416
1586,97.0,12416
1587,97.0,12416
1588,105.0,13440
1589,105.0,13440
1590,105.0,13440
1591,97.0,12416
1592,97.0,12416
1593,97.0,12416
1594,97.0,12416
1595,97.0,12416
1596,97.0,12416
1597,97.0,12416
1598,97.0,12416
1599,97.0,12416
1600,97.0,12416
1601,97.0,12416
1602,97.0,12416
1603,97.0,12416
1604,97.0,12416
1605,97.0,12416
1606,97.0,12416
1607,97.0,12416
1608,97.0,12416
1609,97.0,12416
1610,97.0,12416
1611,97.0,12416
1612,97.0,12416
1613,97.0,12416
1614,97.0,12416
1615,97.0,12416
1616,97.0,12416
1617,97.0,12416
1618,97.0,12416
1619,97.0,12416
1620,97.0,12416
1621,97.0,12416
1622,97.0,12416
1623,97.0,12416
1624,97.0,12416
1625,97.0,12416
1626,97.0,12416
1627,97.0,12416
1628,97.0,12416
1629,97.0,12416
1630,97.0,12416
1631,97.0,12416
1632,105.0,13440
1633,97.0,12416
1634,97.0,12416
1635,97.0,12416
1636,97.0,12416
1637,97.0,12416
1638,97.0,12416
1639,97.0,12416
1640,97.0,12416
1641,97.0,12416
1642,97.0,12416
1643,97.0,12416
1644,97.0,12416
1645,97.0,12416
1646,97.0,12416
1647,97.0,12416
1648,97.0,12416
1649,97.0,12416
1650,97.0,12416
1651,97.0,12416
1652,97.0,12416
1653,97.0,12416
1654,97.0,12416
1655,97.0,12416
1656,97.0,12416
1657,97.0,12416
1658,97.0,12416
1659,97.0,12416
1660,97.0,12416
1661,97.0,12416
1662,97.0,12416
1663,97.0,12416
1664,97.0,12416
1665,97.0,12416
1666,97.0,12416
1667,97.0,12416
1668,97.0,12416
1669,97.0,12416
1670,97.0,12416
1671,97.0,12416
1672,97.0,12416
1673,97.0,12416
1674,97.0,12416
1675,97.0,12416
1676,97.0,12416
1677,97.0,12416
1678,97.0,12416
1679,97.0,12416
1680,97.0,12416
1681,97.0,12416
1682,97.0,12416
1683,97.0,12416
1684,97.0,12416
1685,97.0,12416
1686,97.0,12416
1687,97.0,12416
1688,97.0,12416
1689,97.0,12416
1690,97.0,12416
1691,97.0,12416
1692,97.0,12416
1693,97.0,12416
1694,97.0,12416
1695,97.0,12416
1696,97.0,12416
1697,97.0,12416
1698,97.0,12416
1699,97.0,12416
1700,97.0,12416
1701,97.0,12416
1702,97.0,12416
1703,97.0,12416
1704,97.0,12416
1705,97.0,12416
1706,97.0,12416
1707,97.0,12416
1708,105.0,13440
1709,105.0,13440
1710,105.0,13440
1711,105.0,13440
1712,105.0,13440
1713,105.0,13440
1714,105.0,13440
1715,105.0,13440
1716,105.0,13440
1717,105.0,13440
1718,105.0,13440
1719,97.0,12416
1720,105.0,13440
1721,97.0,12416
1722,105.0,13440
1723,105.0,13440
1724,105.0,13440
1725,105.0,13440
1726,105.0,13440
1727,105.0,13440
1728,105.0,13440
1729,105.0,13440
1730,105.0,13440
1731,105.0,13440
1732,113.0,14464
1733,113.0,14464
1734,113.0,14464
1735,113.0,14464
1736,105.0,13440
1737,105.0,13440
1738,105.0,13440
1739,105.0,13440
1740,105.0,13440
1741,105.0,13440
1742,105.0,13440
1743,105.0,13440
1744,105.0,13440
1745,105.0,13440
1746,105.0,13440
1747,105.0,13440
1748,105.0,13440
1749,105.0,13440
1750,105.0,13440
1751,105.0,13440
1752,113.0,14464
1753,113.0,14464
1754,113.0,14464
1755,129.0,16512
1756,129.0,16512
1757,105.0,13440
1758,105.0,13440
1759,113.0,14464
1760,129.0,16512
1761,105.0,13440
1762,105.0,13440
1763,105.0,13440
1764,105.0,13440
1765,105.0,13440
1766,105.0,13440
1767,105.0,13440
1768,105.0,13440
1769,105.0,13440
1770,105.0,13440
1771,105.0,13440
1772,105.0,13440
1773,129.0,16512
1774,129.0,16512
1775,129.0,16512
1776,129.0,16512
1777,129.0,16512
1778,129.0,16512
1779,129.0,16512
1780,129.0,16512
1781,129.0,16512
1782,129.0,16512
1783,129.0,16512
1784,129.0,16512
1785,129.0,16512
1786,129.0,16512
1787,137.0,17536
1788,129.0,16512
1789,129.0,16512
1790,129.0,16512
1791,129.0,16512
1792,129.0,16512
1793,129.0,16512
1794,129.0,16512
1795,137.0,17536
1796,129.0,16512
1797,137.0,17536
1798,129.0,16512
1799,129.0,16512
1800,137.0,17536
1801,129.0,16512
1802,129.0,16512
1803,137.0,17536
1804,137.0,17536
1805,129.0,16512
1806,129.0,16512
1807,129.0,16512
1808,129.0,16512
1809,129.0,16512
1810,129.0,16512
1811,129.0,16512
1812,129.0,16512
1813,129.0,16512
1814,137.0,17536
1815,137.0,17536
1816,137.0,17536
1817,129.0,16512
1818,129.0,16512
1819,129.0,16512
1820,129.0,16512
1821,129.0,16512
1822,129.0,16512
1823,129.0,16512
1824,129.0,16512
1825,129.0,16512
1826,129.0,16512
1827,137.0,17536
1828,137.0,17536
1829,137.0,17536
1830,137.0,17536
1831,137.0,17536
1832,137.0,17536
1833,137.0,17536
1834,137.0,17536
1835,129.0,16512
1836,129.0,16512
1837,129.0,16512
1838,129.0,16512
1839,129.0,16512
1840,129.0,16512
1841,129.0,16512
1842,129.0,16512
1843,129.0,16512
1844,129.0,16512
1845,129.0,16512
1846,129.0,16512
1847,129.0,16512
1848,129.0,16512
1849,129.0,16512
1850,137.0,17536
1851,137.0,17536
1852,137.0,17536
1853,129.0,16512
1854,129.0,16512
1855,129.0,16512
1856,129.0,16512
1857,129.0,16512
1858,129.0,16512
1859,129.0,16512
1860,129.0,16512
1861,129.0,16512
1862,129.0,16512
1863,129.0,16512
1864,129.0,16512
1865,129.0,16512
1866,129.0,16512
1867,129.0,16512
1868,129.0,16512
1869,129.0,16512
1870,129.0,16512
1871,129.0,16512
1872,129.0,16512
1873,129.0,16512
1874,129.0,16512
1875,129.0,16512
1876,129.0,16512
1877,129.0,16512
1878,129.0,16512
1879,129.0,16512
1880,129.0,16512
1881,129.0,16512
1882,129.0,16512
1883,129.0,16512
1884,129.0,16512
1885,129.0,16512
1886,129.0,16512
1887,129.0,16512
1888,129.0,16512
1889,129.0,16512
1890,129.0,16512
1891,129.0,16512
1892,129.0,16512
1893,129.0,16512
1894,129.0,16512
1895,129.0,16512
1896,129.0,16512
1897,129.0,16512
1898,129.0,16512
1899,129.0,16512
1900,129.0,16512
1901,129.0,16512
1902,129.0,16512
1903,129.0,16512
1904,129.0,16512
1905,129.0,16512
1906,129.0,16512
1907,129.0,16512
1908,129.0,16512
1909,129.0,16512
1910,129.0,16512
1911,129.0,16512
1912,129.0,16512
1913,129.0,16512
1914,129.0,16512
1915,129.0,16512
1916,129.0,16512
1917,129.0,16512
1918,129.0,16512
1919,129.0,16512
1920,129.0,16512
1921,129.0,16512
1922,129.0,16512
1923,129.0,16512
1924,129.0,16512
1925,129.0,16512
1926,129.0,16512
1927,129.0,16512
1928,129.0,16512
1929,129.0,16512
1930,129.0,16512
1931,129.0,16512
1932,129.0,16512
1933,129.0,16512
1934,129.0,16512
1935,129.0,16512
1936,129.0,16512
1937,129.0,16512
1938,129.0,16512
1939,129.0,16512
1940,129.0,16512
1941,129.0,16512
1942,129.0,16512
1943,129.0,16512
1944,129.0,16512
1945,129.0,16512
1946,129.0,16512
1947,129.0,16512
1948,129.0,16512
1949,129.0,16512
1950,129.0,16512
1951,129.0,16512
1952,129.0,16512
1953,129.0,16512
1954,129.0,16512
1955,129.0,16512
1956,129.0,16512
1957,129.0,16512
1958,129.0,16512
1959,129.0,16512
1960,129.0,16512
1961,129.0,16512
1962,129.0,16512
1963,129.0,16512
1964,129.0,16512
1965,129.0,16512
1966,129.0,16512
1967,129.0,16512
1968,129.0,16512
1969,129.0,16512
1970,129.0,16512
1971,129.0,16512
1972,129.0,16512
1973,129.0,16512
1974,129.0,16512
1975,129.0,16512
1976,129.0,16512
1977,129.0,16512
1978,129.0,16512
1979,129.0,16512
1980,129.0,16512
1981,129.0,16512
1982,129.0,16512
1983,129.0,16512
1984,129.0,16512
1985,129.0,16512
1986,129.0,16512
1987,129.0,16512
1988,129.0,16512
1989,129.0,16512
1990,129.0,16512
1991,129.0,16512
1992,129.0,16512
1993,129.0,16512
1994,129.0,16512
1995,129.0,16512
1996,129.0,16512
1997,129.0,16512
1998,129.0,16512
1999,129.0,16512
2000,129.0,16512
