RandomSeed,248,Population size:128,Bit Length:64,Crossover Rate:0.7,Mutation Rate:0.005
gen,BestFitness,FitnessEval
1,17.0,2176
2,17.0,2176
3,33.0,4224
4,33.0,4224
5,41.0,5248
6,41.0,5248
7,41.0,5248
8,41.0,5248
9,65.0,8320
10,65.0,8320
11,65.0,8320
12,65.0,8320
13,65.0,8320
14,65.0,8320
15,65.0,8320
16,65.0,8320
17,65.0,8320
18,65.0,8320
19,65.0,8320
20,65.0,8320
21,65.0,8320
22,65.0,8320
23,65.0,8320
24,65.0,8320
25,65.0,8320
26,65.0,8320
27,65.0,8320
28,65.0,8320
29,65.0,8320
30,65.0,8320
31,65.0,8320
32,65.0,8320
33,65.0,8320
34,65.0,8320
35,65.0,8320
36,65.0,8320
37,65.0,8320
38,65.0,8320
39,65.0,8320
40,65.0,8320
41,65.0,8320
42,65.0,8320
43,65.0,8320
44,65.0,8320
45,65.0,8320
46,65.0,8320
47,65.0,8320
48,65.0,8320
49,65.0,8320
50,65.0,8320
51,73.0,9344
52,65.0,8320
53,65.0,8320
54,65.0,8320
55,65.0,8320
56,65.0,8320
57,65.0,8320
58,65.0,8320
59,65.0,8320
60,65.0,8320
61,65.0,8320
62,65.0,8320
63,65.0,8320
64,65.0,8320
65,65.0,8320
66,65.0,8320
67,65.0,8320
68,65.0,8320
69,65.0,8320
70,65.0,8320
71,65.0,8320
72,65.0,8320
73,65.0,8320
74,65.0,8320
75,65.0,8320
76,65.0,8320
77,65.0,8320
78,65.0,8320
79,65.0,8320
80,65.0,8320
81,65.0,8320
82,65.0,8320
83,65.0,8320
84,65.0,8320
85,65.0,8320
86,65.0,8320
87,65.0,8320
88,65.0,8320
89,65.0,8320
90,65.0,8320
91,65.0,8320
92,65.0,8320
93,65.0,8320
94,65.0,8320
95,65.0,8320
96,65.0,8320
97,65.0,8320
98,65.0,8320
99,65.0,8320
100,65.0,8320
101,65.0,8320
102,65.0,8320
103,65.0,8320
104,65.0,8320
105,65.0,8320
106,65.0,8320
107,65.0,8320
108,65.0,8320
109,65.0,8320
110,65.0,8320
111,65.0,8320
112,65.0,8320
113,65.0,8320
114,65.0,8320
115,65.0,8320
116,65.0,8320
117,65.0,8320
118,65.0,8320
119,65.0,8320
120,65.0,8320
121,65.0,8320
122,65.0,8320
123,65.0,8320
124,65.0,8320
125,65.0,8320
126,65.0,8320
127,65.0,8320
128,65.0,8320
129,65.0,8320
130,65.0,8320
131,65.0,8320
132,65.0,8320
133,65.0,8320
134,65.0,8320
135,65.0,8320
136,65.0,8320
137,65.0,8320
138,65.0,8320
139,65.0,8320
140,65.0,8320
141,65.0,8320
142,65.0,8320
143,65.0,8320
144,65.0,8320
145,65.0,8320
146,65.0,8320
147,65.0,8320
148,65.0,8320
149,65.0,8320
150,65.0,8320
151,65.0,8320
152,65.0,8320
153,65.0,8320
154,65.0,8320
155,65.0,8320
156,65.0,8320
157,65.0,8320
158,65.0,8320
159,65.0,8320
160,65.0,8320
161,65.0,8320
162,65.0,8320
163,65.0,8320
164,65.0,8320
165,65.0,8320
166,65.0,8320
167,65.0,8320
168,65.0,8320
169,65.0,8320
170,65.0,8320
171,65.0,8320
172,65.0,8320
173,65.0,8320
174,65.0,8320
175,65.0,8320
176,65.0,8320
177,65.0,8320
178,65.0,8320
179,65.0,8320
180,65.0,8320
181,65.0,8320
182,65.0,8320
183,65.0,8320
184,65.0,8320
185,65.0,8320
186,65.0,8320
187,65.0,8320
188,65.0,8320
189,65.0,8320
190,65.0,8320
191,65.0,8320
192,65.0,8320
193,65.0,8320
194,65.0,8320
195,65.0,8320
196,65.0,8320
197,65.0,8320
198,65.0,8320
199,65.0,8320
200,65.0,8320
201,65.0,8320
202,65.0,8320
203,65.0,8320
204,65.0,8320
205,65.0,8320
206,65.0,8320
207,65.0,8320
208,65.0,8320
209,65.0,8320
210,65.0,8320
211,65.0,8320
212,65.0,8320
213,65.0,8320
214,65.0,8320
215,65.0,8320
216,65.0,8320
217,65.0,8320
218,65.0,8320
219,65.0,8320
220,65.0,8320
221,65.0,8320
222,65.0,8320
223,65.0,8320
224,65.0,8320
225,65.0,8320
226,65.0,8320
227,65.0,8320
228,65.0,8320
229,65.0,8320
230,65.0,8320
231,65.0,8320
232,65.0,8320
233,65.0,8320
234,65.0,8320
235,65.0,8320
236,65.0,8320
237,65.0,8320
238,65.0,8320
239,65.0,8320
240,73.0,9344
241,73.0,9344
242,65.0,8320
243,65.0,8320
244,65.0,8320
245,65.0,8320
246,65.0,8320
247,65.0,8320
248,65.0,8320
249,65.0,8320
250,65.0,8320
251,65.0,8320
252,65.0,8320
253,65.0,8320
254,65.0,8320
255,65.0,8320
256,65.0,8320
257,65.0,8320
258,65.0,8320
259,65.0,8320
260,65.0,8320
261,65.0,8320
262,65.0,8320
263,65.0,8320
264,65.0,8320
265,65.0,8320
266,65.0,8320
267,65.0,8320
268,65.0,8320
269,65.0,8320
270,65.0,8320
271,65.0,8320
272,65.0,8320
273,65.0,8320
274,65.0,8320
275,65.0,8320
276,65.0,8320
277,65.0,8320
278,65.0,8320
279,65.0,8320
280,65.0,8320
281,65.0,8320
282,65.0,8320
283,65.0,8320
284,65.0,8320
285,65.0,8320
286,65.0,8320
287,65.0,8320
288,65.0,8320
289,65.0,8320
290,65.0,8320
291,65.0,8320
292,65.0,8320
293,65.0,8320
294,65.0,8320
295,65.0,8320
296,65.0,8320
297,65.0,8320
298,65.0,8320
299,65.0,8320
300,65.0,8320
301,73.0,9344
302,73.0,9344
303,73.0,9344
304,65.0,8320
305,65.0,8320
306,65.0,8320
307,65.0,8320
308,65.0,8320
309,65.0,8320
310,65.0,8320
311,65.0,8320
312,65.0,8320
313,65.0,8320
314,65.0,8320
315,65.0,8320
316,65.0,8320
317,65.0,8320
318,65.0,8320
319,65.0,8320
320,65.0,8320
321,65.0,8320
322,65.0,8320
323,65.0,8320
324,65.0,8320
325,65.0,8320
326,65.0,8320
327,65.0,8320
328,65.0,8320
329,65.0,8320
330,65.0,8320
331,65.0,8320
332,65.0,8320
333,65.0,8320
334,65.0,8320
335,65.0,8320
336,65.0,8320
337,65.0,8320
338,65.0,8320
339,65.0,8320
340,65.0,8320
341,65.0,8320
342,65.0,8320
343,73.0,9344
344,73.0,9344
345,65.0,8320
346,73.0,9344
347,73.0,9344
348,73.0,9344
349,73.0,9344
350,73.0,9344
351,73.0,9344
352,73.0,9344
353,73.0,9344
354,73.0,9344
355,73.0,9344
356,73.0,9344
357,73.0,9344
358,73.0,9344
359,73.0,9344
360,73.0,9344
361,65.0,8320
362,73.0,9344
363,73.0,9344
364,73.0,9344
365,73.0,9344
366,73.0,9344
367,73.0,9344
368,73.0,9344
369,73.0,9344
370,73.0,9344
371,73.0,9344
372,73.0,9344
373,73.0,9344
374,73.0,9344
375,73.0,9344
376,73.0,9344
377,73.0,9344
378,73.0,9344
379,73.0,9344
380,73.0,9344
381,65.0,8320
382,65.0,8320
383,73.0,9344
384,65.0,8320
385,65.0,8320
386,65.0,8320
387,65.0,8320
388,73.0,9344
389,65.0,8320
390,65.0,8320
391,73.0,9344
392,73.0,9344
393,73.0,9344
394,73.0,9344
395,73.0,9344
396,65.0,8320
397,65.0,8320
398,65.0,8320
399,73.0,9344
400,65.0,8320
401,65.0,8320
402,65.0,8320
403,65.0,8320
404,65.0,8320
405,65.0,8320
406,65.0,8320
407,65.0,8320
408,65.0,8320
409,65.0,8320
410,65.0,8320
411,65.0,8320
412,65.0,8320
413,65.0,8320
414,65.0,8320
415,65.0,8320
416,65.0,8320
417,65.0,8320
418,65.0,8320
419,65.0,8320
420,65.0,8320
421,65.0,8320
422,65.0,8320
423,65.0,8320
424,65.0,8320
425,65.0,8320
426,65.0,8320
427,65.0,8320
428,65.0,8320
429,65.0,8320
430,65.0,8320
431,65.0,8320
432,65.0,8320
433,65.0,8320
434,65.0,8320
435,65.0,8320
436,65.0,8320
437,65.0,8320
438,65.0,8320
439,65.0,8320
440,65.0,8320
441,65.0,8320
442,65.0,8320
443,65.0,8320
444,65.0,8320
445,65.0,8320
446,65.0,8320
447,65.0,8320
448,65.0,8320
449,65.0,8320
450,65.0,8320
451,65.0,8320
452,65.0,8320
453,65.0,8320
454,65.0,8320
455,65.0,8320
456,65.0,8320
457,65.0,8320
458,65.0,8320
459,65.0,8320
460,65.0,8320
461,65.0,8320
462,65.0,8320
463,65.0,8320
464,65.0,8320
465,65.0,8320
466,65.0,8320
467,65.0,8320
468,65.0,8320
469,65.0,8320
470,65.0,8320
471,65.0,8320
472,65.0,8320
473,65.0,8320
474,65.0,8320
475,65.0,8320
476,65.0,8320
477,65.0,8320
478,65.0,8320
479,65.0,8320
480,65.0,8320
481,65.0,8320
482,65.0,8320
483,65.0,8320
484,65.0,8320
485,65.0,8320
486,65.0,8320
487,65.0,8320
488,65.0,8320
489,65.0,8320
490,65.0,8320
491,65.0,8320
492,65.0,8320
493,65.0,8320
494,65.0,8320
495,65.0,8320
496,65.0,8320
497,65.0,8320
498,65.0,8320
499,65.0,8320
500,65.0,8320
501,65.0,8320
502,65.0,8320
503,65.0,8320
504,65.0,8320
505,65.0,8320
506,73.0,9344
507,65.0,8320
508,65.0,8320
509,65.0,8320
510,65.0,8320
511,73.0,9344
512,73.0,9344
513,73.0,9344
514,73.0,9344
515,65.0,8320
516,65.0,8320
517,65.0,8320
518,73.0,9344
519,65.0,8320
520,73.0,9344
521,73.0,9344
522,73.0,9344
523,73.0,9344
524,65.0,8320
525,65.0,8320
526,65.0,8320
527,65.0,8320
528,65.0,8320
529,65.0,8320
530,65.0,8320
531,65.0,8320
532,65.0,8320
533,65.0,8320
534,65.0,8320
535,65.0,8320
536,65.0,8320
537,65.0,8320
538,65.0,8320
539,65.0,8320
540,65.0,8320
541,65.0,8320
542,65.0,8320
543,73.0,9344
544,73.0,9344
545,73.0,9344
546,73.0,9344
547,73.0,9344
548,65.0,8320
549,65.0,8320
550,73.0,9344
551,73.0,9344
552,65.0,8320
553,65.0,8320
554,65.0,8320
555,65.0,8320
556,73.0,9344
557,73.0,9344
558,73.0,9344
559,73.0,9344
560,65.0,8320
561,65.0,8320
562,65.0,8320
563,65.0,8320
564,65.0,8320
565,65.0,8320
566,73.0,9344
567,73.0,9344
568,73.0,9344
569,73.0,9344
570,73.0,9344
571,73.0,9344
572,73.0,9344
573,73.0,9344
574,65.0,8320
575,65.0,8320
576,65.0,8320
577,65.0,8320
578,65.0,8320
579,65.0,8320
580,65.0,8320
581,73.0,9344
582,65.0,8320
583,65.0,8320
584,65.0,8320
585,73.0,9344
586,73.0,9344
587,65.0,8320
588,73.0,9344
589,73.0,9344
590,73.0,9344
591,73.0,9344
592,73.0,9344
593,73.0,9344
594,73.0,9344
595,129.0,16512
596,73.0,9344
597,73.0,9344
598,73.0,9344
599,73.0,9344
600,73.0,9344
601,73.0,9344
602,73.0,9344
603,73.0,9344
604,73.0,9344
605,73.0,9344
606,73.0,9344
607,129.0,16512
608,129.0,16512
609,129.0,16512
610,129.0,16512
611,129.0,16512
612,129.0,16512
613,129.0,16512
614,129.0,16512
615,129.0,16512
616,129.0,16512
617,129.0,16512
618,129.0,16512
619,129.0,16512
620,129.0,16512
621,129.0,16512
622,129.0,16512
623,129.0,16512
624,129.0,16512
625,129.0,16512
626,129.0,16512
627,129.0,16512
628,129.0,16512
629,129.0,16512
630,129.0,16512
631,129.0,16512
632,129.0,16512
633,129.0,16512
634,129.0,16512
635,129.0,16512
636,129.0,16512
637,129.0,16512
638,129.0,16512
639,129.0,16512
640,129.0,16512
641,129.0,16512
642,129.0,16512
643,129.0,16512
644,129.0,16512
645,129.0,16512
646,129.0,16512
647,129.0,16512
648,129.0,16512
649,129.0,16512
650,129.0,16512
651,129.0,16512
652,129.0,16512
653,129.0,16512
654,129.0,16512
655,129.0,16512
656,129.0,16512
657,129.0,16512
658,129.0,16512
659,129.0,16512
660,129.0,16512
661,129.0,16512
662,129.0,16512
663,129.0,16512
664,129.0,16512
665,129.0,16512
666,129.0,16512
667,129.0,16512
668,129.0,16512
669,129.0,16512
670,129.0,16512
671,129.0,16512
672,129.0,16512
673,129.0,16512
674,129.0,16512
675,129.0,16512
676,129.0,16512
677,129.0,16512
678,129.0,16512
679,129.0,16512
680,129.0,16512
681,129.0,16512
682,129.0,16512
683,129.0,16512
684,129.0,16512
685,129.0,16512
686,129.0,16512
687,129.0,16512
688,129.0,16512
689,129.0,16512
690,129.0,16512
691,129.0,16512
692,129.0,16512
693,129.0,16512
694,129.0,16512
695,129.0,16512
696,129.0,16512
697,129.0,16512
698,129.0,16512
699,129.0,16512
700,129.0,16512
701,129.0,16512
702,129.0,16512
703,129.0,16512
704,129.0,16512
705,129.0,16512
706,129.0,16512
707,129.0,16512
708,129.0,16512
709,129.0,16512
710,129.0,16512
711,129.0,16512
712,129.0,16512
713,129.0,16512
714,129.0,16512
715,129.0,16512
716,129.0,16512
717,129.0,16512
718,129.0,16512
719,129.0,16512
720,129.0,16512
721,129.0,16512
722,129.0,16512
723,129.0,16512
724,129.0,16512
725,129.0,16512
726,129.0,16512
727,129.0,16512
728,129.0,16512
729,129.0,16512
730,129.0,16512
731,129.0,16512
732,129.0,16512
733,129.0,16512
734,129.0,16512
735,129.0,16512
736,129.0,16512
737,129.0,16512
738,129.0,16512
739,129.0,16512
740,129.0,16512
741,129.0,16512
742,129.0,16512
743,129.0,16512
744,129.0,16512
745,129.0,16512
746,129.0,16512
747,129.0,16512
748,129.0,16512
749,129.0,16512
750,129.0,16512
751,129.0,16512
752,129.0,16512
753,129.0,16512
754,129.0,16512
755,129.0,16512
756,129.0,16512
757,129.0,16512
758,129.0,16512
759,129.0,16512
760,129.0,16512
761,129.0,16512
762,129.0,16512
763,129.0,16512
764,129.0,16512
765,129.0,16512
766,129.0,16512
767,129.0,16512
768,129.0,16512
769,129.0,16512
770,129.0,16512
771,129.0,16512
772,129.0,16512
773,129.0,16512
774,129.0,16512
775,129.0,16512
776,129.0,16512
777,129.0,16512
778,129.0,16512
779,129.0,16512
780,129.0,16512
781,129.0,16512
782,129.0,16512
783,129.0,16512
784,129.0,16512
785,129.0,16512
786,129.0,16512
787,129.0,16512
788,129.0,16512
789,129.0,16512
790,129.0,16512
791,129.0,16512
792,129.0,16512
793,129.0,16512
794,129.0,16512
795,129.0,16512
796,129.0,16512
797,129.0,16512
798,129.0,16512
799,129.0,16512
800,129.0,16512
801,129.0,16512
802,129.0,16512
803,129.0,16512
804,129.0,16512
805,129.0,16512
806,129.0,16512
807,129.0,16512
808,129.0,16512
809,129.0,16512
810,129.0,16512
811,129.0,16512
812,129.0,16512
813,129.0,16512
814,129.0,16512
815,129.0,16512
816,129.0,16512
817,129.0,16512
818,129.0,16512
819,129.0,16512
820,129.0,16512
821,129.0,16512
822,129.0,16512
823,129.0,16512
824,129.0,16512
825,129.0,16512
826,129.0,16512
827,129.0,16512
828,129.0,16512
829,129.0,16512
830,129.0,16512
831,129.0,16512
832,129.0,16512
833,129.0,16512
834,129.0,16512
835,129.0,16512
836,129.0,16512
837,129.0,16512
838,129.0,16512
839,129.0,16512
840,129.0,16512
841,129.0,16512
842,129.0,16512
843,129.0,16512
844,129.0,16512
845,129.0,16512
846,129.0,16512
847,129.0,16512
848,129.0,16512
849,129.0,16512
850,129.0,16512
851,129.0,16512
852,129.0,16512
853,129.0,16512
854,129.0,16512
855,129.0,16512
856,129.0,16512
857,129.0,16512
858,129.0,16512
859,129.0,16512
860,129.0,16512
861,129.0,16512
862,129.0,16512
863,129.0,16512
864,129.0,16512
865,129.0,16512
866,129.0,16512
867,129.0,16512
868,129.0,16512
869,129.0,16512
870,129.0,16512
871,129.0,16512
872,129.0,16512
873,129.0,16512
874,129.0,16512
875,129.0,16512
876,129.0,16512
877,129.0,16512
878,129.0,16512
879,129.0,16512
880,129.0,16512
881,129.0,16512
882,129.0,16512
883,129.0,16512
884,129.0,16512
885,129.0,16512
886,129.0,16512
887,129.0,16512
888,129.0,16512
889,129.0,16512
890,129.0,16512
891,129.0,16512
892,129.0,16512
893,129.0,16512
894,129.0,16512
895,129.0,16512
896,129.0,16512
897,129.0,16512
898,129.0,16512
899,129.0,16512
900,129.0,16512
901,129.0,16512
902,129.0,16512
903,129.0,16512
904,129.0,16512
905,129.0,16512
906,137.0,17536
907,137.0,17536
908,137.0,17536
909,137.0,17536
910,137.0,17536
911,137.0,17536
912,137.0,17536
913,137.0,17536
914,137.0,17536
915,137.0,17536
916,137.0,17536
917,137.0,17536
918,137.0,17536
919,137.0,17536
920,137.0,17536
921,137.0,17536
922,129.0,16512
923,129.0,16512
924,129.0,16512
925,129.0,16512
926,129.0,16512
927,129.0,16512
928,129.0,16512
929,129.0,16512
930,129.0,16512
931,129.0,16512
932,129.0,16512
933,129.0,16512
934,129.0,16512
935,129.0,16512
936,129.0,16512
937,129.0,16512
938,129.0,16512
939,129.0,16512
940,129.0,16512
941,129.0,16512
942,129.0,16512
943,129.0,16512
944,129.0,16512
945,129.0,16512
946,129.0,16512
947,129.0,16512
948,129.0,16512
949,129.0,16512
950,129.0,16512
951,129.0,16512
952,129.0,16512
953,129.0,16512
954,129.0,16512
955,129.0,16512
956,129.0,16512
957,129.0,16512
958,129.0,16512
959,129.0,16512
960,129.0,16512
961,129.0,16512
962,129.0,16512
963,129.0,16512
964,129.0,16512
965,129.0,16512
966,129.0,16512
967,129.0,16512
968,129.0,16512
969,129.0,16512
970,129.0,16512
971,129.0,16512
972,129.0,16512
973,129.0,16512
974,129.0,16512
975,129.0,16512
976,129.0,16512
977,129.0,16512
978,129.0,16512
979,129.0,16512
980,129.0,16512
981,129.0,16512
982,129.0,16512
983,129.0,16512
984,129.0,16512
985,129.0,16512
986,129.0,16512
987,129.0,16512
988,129.0,16512
989,129.0,16512
990,129.0,16512
991,129.0,16512
992,129.0,16512
993,129.0,16512
994,129.0,16512
995,129.0,16512
996,129.0,16512
997,129.0,16512
998,129.0,16512
999,129.0,16512
1000,129.0,16512
1001,129.0,16512
1002,129.0,16512
1003,129.0,16512
1004,129.0,16512
1005,129.0,16512
1006,129.0,16512
1007,129.0,16512
1008,129.0,16512
1009,129.0,16512
1010,129.0,16512
1011,129.0,16512
1012,129.0,16512
1013,129.0,16512
1014,129.0,16512
1015,129.0,16512
1016,129.0,16512
1017,129.0,16512
1018,129.0,16512
1019,129.0,16512
1020,129.0,16512
1021,129.0,16512
1022,129.0,16512
1023,129.0,16512
1024,129.0,16512
1025,129.0,16512
1026,129.0,16512
1027,129.0,16512
1028,129.0,16512
1029,129.0,16512
1030,129.0,16512
1031,129.0,16512
1032,129.0,16512
1033,129.0,16512
1034,129.0,16512
1035,129.0,16512
1036,129.0,16512
1037,129.0,16512
1038,129.0,16512
1039,129.0,16512
1040,129.0,16512
1041,129.0,16512
1042,129.0,16512
1043,129.0,16512
1044,129.0,16512
1045,129.0,16512
1046,129.0,16512
1047,129.0,16512
1048,129.0,16512
1049,129.0,16512
1050,129.0,16512
1051,129.0,16512
1052,129.0,16512
1053,129.0,16512
1054,129.0,16512
1055,129.0,16512
1056,129.0,16512
1057,129.0,16512
1058,129.0,16512
1059,129.0,16512
1060,129.0,16512
1061,129.0,16512
1062,129.0,16512
1063,129.0,16512
1064,129.0,16512
1065,129.0,16512
1066,129.0,16512
1067,129.0,16512
1068,129.0,16512
1069,129.0,16512
1070,129.0,16512
1071,129.0,16512
1072,129.0,16512
1073,129.0,16512
1074,129.0,16512
1075,129.0,16512
1076,129.0,16512
1077,129.0,16512
1078,129.0,16512
1079,129.0,16512
1080,129.0,16512
1081,129.0,16512
1082,129.0,16512
1083,129.0,16512
1084,129.0,16512
1085,129.0,16512
1086,129.0,16512
1087,129.0,16512
1088,129.0,16512
1089,129.0,16512
1090,129.0,16512
1091,129.0,16512
1092,129.0,16512
1093,129.0,16512
1094,129.0,16512
1095,129.0,16512
1096,129.0,16512
1097,129.0,16512
1098,129.0,16512
1099,129.0,16512
1100,129.0,16512
1101,129.0,16512
1102,129.0,16512
1103,129.0,16512
1104,129.0,16512
1105,129.0,16512
1106,129.0,16512
1107,129.0,16512
1108,129.0,16512
1109,129.0,16512
1110,129.0,16512
1111,129.0,16512
1112,129.0,16512
1113,129.0,16512
1114,129.0,16512
1115,129.0,16512
1116,129.0,16512
1117,129.0,16512
1118,129.0,16512
1119,129.0,16512
1120,129.0,16512
1121,129.0,16512
1122,129.0,16512
1123,129.0,16512
1124,129.0,16512
1125,129.0,16512
1126,129.0,16512
1127,129.0,16512
1128,129.0,16512
1129,129.0,16512
1130,129.0,16512
1131,129.0,16512
1132,129.0,16512
1133,129.0,16512
1134,129.0,16512
1135,129.0,16512
1136,129.0,16512
1137,129.0,16512
1138,129.0,16512
1139,129.0,16512
1140,129.0,16512
1141,129.0,16512
1142,129.0,16512
1143,129.0,16512
1144,129.0,16512
1145,129.0,16512
1146,129.0,16512
1147,129.0,16512
1148,129.0,16512
1149,129.0,16512
1150,129.0,16512
1151,129.0,16512
1152,129.0,16512
1153,129.0,16512
1154,129.0,16512
1155,129.0,16512
1156,129.0,16512
1157,129.0,16512
1158,129.0,16512
1159,129.0,16512
1160,129.0,16512
1161,129.0,16512
1162,129.0,16512
1163,129.0,16512
1164,129.0,16512
1165,129.0,16512
1166,129.0,16512
1167,129.0,16512
1168,129.0,16512
1169,129.0,16512
1170,129.0,16512
1171,129.0,16512
1172,129.0,16512
1173,129.0,16512
1174,129.0,16512
1175,129.0,16512
1176,129.0,16512
1177,129.0,16512
1178,129.0,16512
1179,129.0,16512
1180,129.0,16512
1181,129.0,16512
1182,129.0,16512
1183,129.0,16512
1184,137.0,17536
1185,137.0,17536
1186,137.0,17536
1187,137.0,17536
1188,129.0,16512
1189,129.0,16512
1190,129.0,16512
1191,129.0,16512
1192,129.0,16512
1193,129.0,16512
1194,129.0,16512
1195,129.0,16512
1196,137.0,17536
1197,129.0,16512
1198,129.0,16512
1199,129.0,16512
1200,129.0,16512
1201,129.0,16512
1202,129.0,16512
1203,129.0,16512
1204,129.0,16512
1205,129.0,16512
1206,129.0,16512
1207,129.0,16512
1208,129.0,16512
1209,129.0,16512
1210,129.0,16512
1211,129.0,16512
1212,129.0,16512
1213,129.0,16512
1214,129.0,16512
1215,137.0,17536
1216,129.0,16512
1217,129.0,16512
1218,129.0,16512
1219,129.0,16512
1220,129.0,16512
1221,129.0,16512
1222,129.0,16512
1223,129.0,16512
1224,129.0,16512
1225,129.0,16512
1226,129.0,16512
1227,129.0,16512
1228,129.0,16512
1229,129.0,16512
1230,129.0,16512
1231,129.0,16512
1232,129.0,16512
1233,129.0,16512
1234,129.0,16512
1235,129.0,16512
1236,129.0,16512
1237,129.0,16512
1238,129.0,16512
1239,129.0,16512
1240,129.0,16512
1241,129.0,16512
1242,129.0,16512
1243,129.0,16512
1244,129.0,16512
1245,129.0,16512
1246,129.0,16512
1247,129.0,16512
1248,129.0,16512
1249,129.0,16512
1250,129.0,16512
1251,129.0,16512
1252,129.0,16512
1253,129.0,16512
1254,129.0,16512
1255,129.0,16512
1256,129.0,16512
1257,129.0,16512
1258,129.0,16512
1259,129.0,16512
1260,129.0,16512
1261,129.0,16512
1262,129.0,16512
1263,129.0,16512
1264,129.0,16512
1265,129.0,16512
1266,129.0,16512
1267,129.0,16512
1268,129.0,16512
1269,129.0,16512
1270,129.0,16512
1271,129.0,16512
1272,129.0,16512
1273,129.0,16512
1274,129.0,16512
1275,129.0,16512
1276,129.0,16512
1277,129.0,16512
1278,137.0,17536
1279,137.0,17536
1280,129.0,16512
1281,129.0,16512
1282,129.0,16512
1283,129.0,16512
1284,129.0,16512
1285,129.0,16512
1286,129.0,16512
1287,129.0,16512
1288,129.0,16512
1289,129.0,16512
1290,129.0,16512
1291,137.0,17536
1292,129.0,16512
1293,129.0,16512
1294,129.0,16512
1295,129.0,16512
1296,137.0,17536
1297,129.0,16512
1298,129.0,16512
1299,129.0,16512
1300,129.0,16512
1301,129.0,16512
1302,137.0,17536
1303,129.0,16512
1304,137.0,17536
1305,137.0,17536
1306,137.0,17536
1307,137.0,17536
1308,137.0,17536
1309,137.0,17536
1310,129.0,16512
1311,137.0,17536
1312,137.0,17536
1313,137.0,17536
1314,137.0,17536
1315,137.0,17536
1316,137.0,17536
1317,129.0,16512
1318,129.0,16512
1319,137.0,17536
1320,137.0,17536
1321,129.0,16512
1322,129.0,16512
1323,129.0,16512
1324,129.0,16512
1325,137.0,17536
1326,129.0,16512
1327,129.0,16512
1328,137.0,17536
1329,129.0,16512
1330,129.0,16512
1331,129.0,16512
1332,129.0,16512
1333,129.0,16512
1334,129.0,16512
1335,129.0,16512
1336,129.0,16512
1337,129.0,16512
1338,129.0,16512
1339,129.0,16512
1340,129.0,16512
1341,129.0,16512
1342,129.0,16512
1343,129.0,16512
1344,129.0,16512
1345,129.0,16512
1346,129.0,16512
1347,129.0,16512
1348,129.0,16512
1349,129.0,16512
1350,129.0,16512
1351,129.0,16512
1352,129.0,16512
1353,129.0,16512
1354,129.0,16512
1355,129.0,16512
1356,129.0,16512
1357,129.0,16512
1358,129.0,16512
1359,129.0,16512
1360,129.0,16512
1361,129.0,16512
1362,129.0,16512
1363,129.0,16512
1364,129.0,16512
1365,129.0,16512
1366,129.0,16512
1367,129.0,16512
1368,129.0,16512
1369,129.0,16512
1370,129.0,16512
1371,129.0,16512
1372,129.0,16512
1373,129.0,16512
1374,129.0,16512
1375,129.0,16512
1376,129.0,16512
1377,129.0,16512
1378,129.0,16512
1379,129.0,16512
1380,129.0,16512
1381,129.0,16512
1382,129.0,16512
1383,129.0,16512
1384,129.0,16512
1385,129.0,16512
1386,129.0,16512
1387,129.0,16512
1388,129.0,16512
1389,129.0,16512
1390,129.0,16512
1391,129.0,16512
1392,129.0,16512
1393,137.0,17536
1394,129.0,16512
1395,129.0,16512
1396,129.0,16512
1397,129.0,16512
1398,129.0,16512
1399,129.0,16512
1400,129.0,16512
1401,129.0,16512
1402,129.0,16512
1403,137.0,17536
1404,137.0,17536
1405,129.0,16512
1406,129.0,16512
1407,129.0,16512
1408,129.0,16512
1409,129.0,16512
1410,129.0,16512
1411,129.0,16512
1412,129.0,16512
1413,129.0,16512
1414,129.0,16512
1415,129.0,16512
1416,129.0,16512
1417,129.0,16512
1418,129.0,16512
1419,129.0,16512
1420,129.0,16512
1421,129.0,16512
1422,129.0,16512
1423,129.0,16512
1424,129.0,16512
1425,129.0,16512
1426,129.0,16512
1427,129.0,16512
1428,129.0,16512
1429,129.0,16512
1430,129.0,16512
1431,129.0,16512
1432,129.0,16512
1433,129.0,16512
1434,129.0,16512
1435,129.0,16512
1436,129.0,16512
1437,129.0,16512
1438,129.0,16512
1439,129.0,16512
1440,129.0,16512
1441,129.0,16512
1442,129.0,16512
1443,129.0,16512
1444,129.0,16512
1445,129.0,16512
1446,129.0,16512
1447,129.0,16512
1448,129.0,16512
1449,129.0,16512
1450,129.0,16512
1451,129.0,16512
1452,129.0,16512
1453,129.0,16512
1454,129.0,16512
1455,129.0,16512
1456,129.0,16512
1457,129.0,16512
1458,129.0,16512
1459,129.0,16512
1460,129.0,16512
1461,129.0,16512
1462,129.0,16512
1463,129.0,16512
1464,129.0,16512
1465,129.0,16512
1466,129.0,16512
1467,129.0,16512
1468,129.0,16512
1469,129.0,16512
1470,129.0,16512
1471,129.0,16512
1472,129.0,16512
1473,129.0,16512
1474,129.0,16512
1475,129.0,16512
1476,129.0,16512
1477,129.0,16512
1478,129.0,16512
1479,129.0,16512
1480,129.0,16512
1481,129.0,16512
1482,129.0,16512
1483,129.0,16512
1484,129.0,16512
1485,129.0,16512
1486,129.0,16512
1487,129.0,16512
1488,129.0,16512
1489,129.0,16512
1490,129.0,16512
1491,129.0,16512
1492,129.0,16512
1493,129.0,16512
1494,129.0,16512
1495,129.0,16512
1496,129.0,16512
1497,129.0,16512
1498,129.0,16512
1499,129.0,16512
1500,129.0,16512
1501,129.0,16512
1502,129.0,16512
1503,129.0,16512
1504,129.0,16512
1505,129.0,16512
1506,129.0,16512
1507,129.0,16512
1508,129.0,16512
1509,129.0,16512
1510,129.0,16512
1511,129.0,16512
1512,129.0,16512
1513,129.0,16512
1514,129.0,16512
1515,129.0,16512
1516,129.0,16512
1517,129.0,16512
1518,129.0,16512
1519,129.0,16512
1520,129.0,16512
1521,129.0,16512
1522,129.0,16512
1523,129.0,16512
1524,129.0,16512
1525,129.0,16512
1526,129.0,16512
1527,129.0,16512
1528,129.0,16512
1529,129.0,16512
1530,129.0,16512
1531,129.0,16512
1532,129.0,16512
1533,129.0,16512
1534,129.0,16512
1535,129.0,16512
1536,129.0,16512
1537,129.0,16512
1538,129.0,16512
1539,129.0,16512
1540,129.0,16512
1541,129.0,16512
1542,129.0,16512
1543,129.0,16512
1544,129.0,16512
1545,129.0,16512
1546,129.0,16512
1547,129.0,16512
1548,129.0,16512
1549,129.0,16512
1550,129.0,16512
1551,129.0,16512
1552,129.0,16512
1553,129.0,16512
1554,129.0,16512
1555,129.0,16512
1556,129.0,16512
1557,129.0,16512
1558,129.0,16512
1559,129.0,16512
1560,129.0,16512
1561,129.0,16512
1562,129.0,16512
1563,129.0,16512
1564,129.0,16512
1565,129.0,16512
1566,129.0,16512
1567,129.0,16512
1568,129.0,16512
1569,129.0,16512
1570,129.0,16512
1571,129.0,16512
1572,129.0,16512
1573,129.0,16512
1574,129.0,16512
1575,129.0,16512
1576,129.0,16512
1577,129.0,16512
1578,129.0,16512
1579,129.0,16512
1580,129.0,16512
1581,129.0,16512
1582,129.0,16512
1583,129.0,16512
1584,129.0,16512
1585,129.0,16512
1586,129.0,16512
1587,129.0,16512
1588,137.0,17536
1589,137.0,17536
1590,129.0,16512
1591,129.0,16512
1592,129.0,16512
1593,129.0,16512
1594,129.0,16512
1595,129.0,16512
1596,129.0,16512
1597,129.0,16512
1598,129.0,16512
1599,129.0,16512
1600,129.0,16512
1601,129.0,16512
1602,129.0,16512
1603,129.0,16512
1604,129.0,16512
1605,129.0,16512
1606,129.0,16512
1607,129.0,16512
1608,129.0,16512
1609,129.0,16512
1610,129.0,16512
1611,129.0,16512
1612,129.0,16512
1613,129.0,16512
1614,129.0,16512
1615,129.0,16512
1616,129.0,16512
1617,129.0,16512
1618,129.0,16512
1619,129.0,16512
1620,129.0,16512
1621,129.0,16512
1622,129.0,16512
1623,129.0,16512
1624,129.0,16512
1625,129.0,16512
1626,129.0,16512
1627,129.0,16512
1628,129.0,16512
1629,129.0,16512
1630,129.0,16512
1631,129.0,16512
1632,129.0,16512
1633,129.0,16512
1634,129.0,16512
1635,129.0,16512
1636,129.0,16512
1637,129.0,16512
1638,129.0,16512
1639,129.0,16512
1640,129.0,16512
1641,129.0,16512
1642,129.0,16512
1643,129.0,16512
1644,129.0,16512
1645,129.0,16512
1646,129.0,16512
1647,129.0,16512
1648,137.0,17536
1649,137.0,17536
1650,137.0,17536
1651,137.0,17536
1652,137.0,17536
1653,137.0,17536
1654,137.0,17536
1655,137.0,17536
1656,137.0,17536
1657,137.0,17536
1658,137.0,17536
1659,137.0,17536
1660,137.0,17536
1661,137.0,17536
1662,137.0,17536
1663,137.0,17536
1664,137.0,17536
1665,137.0,17536
1666,129.0,16512
1667,137.0,17536
1668,137.0,17536
1669,137.0,17536
1670,129.0,16512
1671,129.0,16512
1672,129.0,16512
1673,129.0,16512
1674,129.0,16512
1675,129.0,16512
1676,129.0,16512
1677,129.0,16512
1678,129.0,16512
1679,129.0,16512
1680,129.0,16512
1681,129.0,16512
1682,129.0,16512
1683,129.0,16512
1684,129.0,16512
1685,129.0,16512
1686,129.0,16512
1687,129.0,16512
1688,129.0,16512
1689,129.0,16512
1690,129.0,16512
1691,129.0,16512
1692,129.0,16512
1693,129.0,16512
1694,129.0,16512
1695,129.0,16512
1696,129.0,16512
1697,129.0,16512
1698,129.0,16512
1699,129.0,16512
1700,129.0,16512
1701,129.0,16512
1702,129.0,16512
1703,129.0,16512
1704,129.0,16512
1705,129.0,16512
1706,129.0,16512
1707,129.0,16512
1708,129.0,16512
1709,129.0,16512
1710,129.0,16512
1711,129.0,16512
1712,129.0,16512
1713,129.0,16512
1714,129.0,16512
1715,129.0,16512
1716,129.0,16512
1717,129.0,16512
1718,129.0,16512
1719,129.0,16512
1720,129.0,16512
1721,129.0,16512
1722,129.0,16512
1723,129.0,16512
1724,129.0,16512
1725,129.0,16512
1726,129.0,16512
1727,129.0,16512
1728,129.0,16512
1729,129.0,16512
1730,129.0,16512
1731,129.0,16512
1732,129.0,16512
1733,129.0,16512
1734,129.0,16512
1735,129.0,16512
1736,129.0,16512
1737,129.0,16512
1738,129.0,16512
1739,129.0,16512
1740,129.0,16512
1741,129.0,16512
1742,129.0,16512
1743,129.0,16512
1744,129.0,16512
1745,129.0,16512
1746,129.0,16512
1747,129.0,16512
1748,129.0,16512
1749,129.0,16512
1750,129.0,16512
1751,129.0,16512
1752,129.0,16512
1753,129.0,16512
1754,129.0,16512
1755,129.0,16512
1756,129.0,16512
1757,129.0,16512
1758,129.0,16512
1759,129.0,16512
1760,129.0,16512
1761,129.0,16512
1762,129.0,16512
1763,129.0,16512
1764,129.0,16512
1765,129.0,16512
1766,129.0,16512
1767,129.0,16512
1768,129.0,16512
1769,129.0,16512
1770,129.0,16512
1771,129.0,16512
1772,129.0,16512
1773,129.0,16512
1774,129.0,16512
1775,129.0,16512
1776,129.0,16512
1777,129.0,16512
1778,129.0,16512
1779,129.0,16512
1780,129.0,16512
1781,129.0,16512
1782,129.0,16512
1783,129.0,16512
1784,129.0,16512
1785,129.0,16512
1786,129.0,16512
1787,129.0,16512
1788,129.0,16512
1789,129.0,16512
1790,129.0,16512
1791,129.0,16512
1792,129.0,16512
1793,129.0,16512
1794,129.0,16512
1795,129.0,16512
1796,129.0,16512
1797,129.0,16512
1798,129.0,16512
1799,129.0,16512
1800,129.0,16512
1801,129.0,16512
1802,129.0,16512
1803,129.0,16512
1804,129.0,16512
1805,129.0,16512
1806,129.0,16512
1807,129.0,16512
1808,129.0,16512
1809,129.0,16512
1810,129.0,16512
1811,129.0,16512
1812,129.0,16512
1813,129.0,16512
1814,129.0,16512
1815,129.0,16512
1816,129.0,16512
1817,129.0,16512
1818,129.0,16512
1819,129.0,16512
1820,129.0,16512
1821,129.0,16512
1822,129.0,16512
1823,129.0,16512
1824,129.0,16512
1825,129.0,16512
1826,129.0,16512
1827,129.0,16512
1828,129.0,16512
1829,129.0,16512
1830,129.0,16512
1831,129.0,16512
1832,129.0,16512
1833,129.0,16512
1834,129.0,16512
1835,129.0,16512
1836,129.0,16512
1837,129.0,16512
1838,129.0,16512
1839,129.0,16512
1840,129.0,16512
1841,129.0,16512
1842,129.0,16512
1843,129.0,16512
1844,129.0,16512
1845,129.0,16512
1846,129.0,16512
1847,129.0,16512
1848,129.0,16512
1849,129.0,16512
1850,129.0,16512
1851,129.0,16512
1852,129.0,16512
1853,129.0,16512
1854,129.0,16512
1855,129.0,16512
1856,129.0,16512
1857,129.0,16512
1858,129.0,16512
1859,129.0,16512
1860,129.0,16512
1861,129.0,16512
1862,129.0,16512
1863,129.0,16512
1864,129.0,16512
1865,129.0,16512
1866,129.0,16512
1867,129.0,16512
1868,129.0,16512
1869,129.0,16512
1870,129.0,16512
1871,129.0,16512
1872,129.0,16512
1873,129.0,16512
1874,129.0,16512
1875,129.0,16512
1876,129.0,16512
1877,129.0,16512
1878,129.0,16512
1879,129.0,16512
1880,129.0,16512
1881,129.0,16512
1882,129.0,16512
1883,129.0,16512
1884,129.0,16512
1885,129.0,16512
1886,129.0,16512
1887,129.0,16512
1888,129.0,16512
1889,129.0,16512
1890,129.0,16512
1891,129.0,16512
1892,129.0,16512
1893,129.0,16512
1894,129.0,16512
1895,129.0,16512
1896,129.0,16512
1897,129.0,16512
1898,129.0,16512
1899,129.0,16512
1900,129.0,16512
1901,129.0,16512
1902,129.0,16512
1903,129.0,16512
1904,129.0,16512
1905,129.0,16512
1906,129.0,16512
1907,129.0,16512
1908,129.0,16512
1909,129.0,16512
1910,129.0,16512
1911,129.0,16512
1912,129.0,16512
1913,129.0,16512
1914,129.0,16512
1915,129.0,16512
1916,129.0,16512
1917,129.0,16512
1918,129.0,16512
1919,129.0,16512
1920,129.0,16512
1921,129.0,16512
1922,129.0,16512
1923,129.0,16512
1924,129.0,16512
1925,129.0,16512
1926,129.0,16512
1927,129.0,16512
1928,129.0,16512
1929,129.0,16512
1930,129.0,16512
1931,129.0,16512
1932,129.0,16512
1933,129.0,16512
1934,129.0,16512
1935,129.0,16512
1936,129.0,16512
1937,129.0,16512
1938,129.0,16512
1939,129.0,16512
1940,129.0,16512
1941,129.0,16512
1942,129.0,16512
1943,129.0,16512
1944,129.0,16512
1945,129.0,16512
1946,129.0,16512
1947,129.0,16512
1948,129.0,16512
1949,129.0,16512
1950,129.0,16512
1951,129.0,16512
1952,129.0,16512
1953,129.0,16512
1954,129.0,16512
1955,129.0,16512
1956,129.0,16512
1957,129.0,16512
1958,129.0,16512
1959,129.0,16512
1960,129.0,16512
1961,129.0,16512
1962,129.0,16512
1963,129.0,16512
1964,129.0,16512
1965,129.0,16512
1966,129.0,16512
1967,129.0,16512
1968,129.0,16512
1969,129.0,16512
1970,129.0,16512
1971,129.0,16512
1972,129.0,16512
1973,129.0,16512
1974,129.0,16512
1975,129.0,16512
1976,129.0,16512
1977,129.0,16512
1978,129.0,16512
1979,129.0,16512
1980,129.0,16512
1981,129.0,16512
1982,129.0,16512
1983,129.0,16512
1984,129.0,16512
1985,129.0,16512
1986,129.0,16512
1987,129.0,16512
1988,129.0,16512
1989,129.0,16512
1990,129.0,16512
1991,129.0,16512
1992,129.0,16512
1993,129.0,16512
1994,129.0,16512
1995,129.0,16512
1996,129.0,16512
1997,129.0,16512
1998,129.0,16512
1999,129.0,16512
2000,129.0,16512
