RandomSeed,99709,Population size:128,Bit Length:64,Crossover Rate:0.7,Mutation Rate:0.005
gen,BestFitness,FitnessEval
1,42,5376
2,43,5504
3,42,5376
4,42,5376
5,45,5760
6,44,5632
7,42,5376
8,42,5376
9,42,5376
10,42,5376
11,42,5376
12,41,5248
13,43,5504
14,42,5376
15,41,5248
16,40,5120
17,42,5376
18,42,5376
19,42,5376
20,42,5376
21,42,5376
22,41,5248
23,42,5376
24,41,5248
25,42,5376
26,41,5248
27,41,5248
28,41,5248
29,43,5504
30,43,5504
31,42,5376
32,42,5376
33,41,5248
34,42,5376
35,42,5376
36,43,5504
37,44,5632
38,45,5760
39,44,5632
40,45,5760
41,44,5632
42,44,5632
43,48,6144
44,45,5760
45,45,5760
46,45,5760
47,44,5632
48,43,5504
49,45,5760
50,45,5760
51,45,5760
52,43,5504
53,44,5632
54,45,5760
55,44,5632
56,45,5760
57,46,5888
58,45,5760
59,44,5632
60,46,5888
61,47,6016
62,47,6016
63,45,5760
64,46,5888
65,46,5888
66,47,6016
67,46,5888
68,46,5888
69,46,5888
70,45,5760
71,43,5504
72,43,5504
73,44,5632
74,44,5632
75,44,5632
76,45,5760
77,45,5760
78,46,5888
79,46,5888
80,44,5632
81,45,5760
82,45,5760
83,47,6016
84,48,6144
85,46,5888
86,47,6016
87,47,6016
88,45,5760
89,46,5888
90,46,5888
91,46,5888
92,47,6016
93,47,6016
94,47,6016
95,48,6144
96,47,6016
97,47,6016
98,48,6144
99,47,6016
100,48,6144
101,48,6144
102,50,6400
103,49,6272
104,49,6272
105,49,6272
106,50,6400
107,49,6272
108,49,6272
109,49,6272
110,49,6272
111,49,6272
112,48,6144
113,49,6272
114,49,6272
115,50,6400
116,49,6272
117,51,6528
118,50,6400
119,50,6400
120,50,6400
121,49,6272
122,49,6272
123,48,6144
124,50,6400
125,51,6528
126,50,6400
127,51,6528
128,50,6400
129,49,6272
130,48,6144
131,47,6016
132,48,6144
133,46,5888
134,48,6144
135,48,6144
136,48,6144
137,48,6144
138,48,6144
139,48,6144
140,48,6144
141,48,6144
142,46,5888
143,46,5888
144,45,5760
145,46,5888
146,45,5760
147,47,6016
148,47,6016
149,46,5888
150,46,5888
151,46,5888
152,46,5888
153,47,6016
154,47,6016
155,47,6016
156,48,6144
157,48,6144
158,47,6016
159,48,6144
160,50,6400
161,50,6400
162,52,6656
163,47,6016
164,47,6016
165,47,6016
166,46,5888
167,48,6144
168,46,5888
169,48,6144
170,46,5888
171,47,6016
172,48,6144
173,48,6144
174,46,5888
175,46,5888
176,48,6144
177,48,6144
178,48,6144
179,48,6144
180,51,6528
181,50,6400
182,49,6272
183,50,6400
184,48,6144
185,50,6400
186,49,6272
187,50,6400
188,50,6400
189,48,6144
190,48,6144
191,49,6272
192,48,6144
193,50,6400
194,50,6400
195,49,6272
196,50,6400
197,49,6272
198,50,6400
199,51,6528
200,51,6528
201,50,6400
202,50,6400
203,49,6272
204,48,6144
205,49,6272
206,49,6272
207,49,6272
208,50,6400
209,52,6656
210,52,6656
211,50,6400
212,51,6528
213,51,6528
214,48,6144
215,49,6272
216,49,6272
217,49,6272
218,49,6272
219,50,6400
220,52,6656
221,52,6656
222,52,6656
223,52,6656
224,51,6528
225,53,6784
226,52,6656
227,53,6784
228,52,6656
229,52,6656
230,51,6528
231,52,6656
232,52,6656
233,51,6528
234,51,6528
235,51,6528
236,52,6656
237,53,6784
238,52,6656
239,50,6400
240,51,6528
241,53,6784
242,56,7168
243,56,7168
244,57,7296
245,54,6912
246,54,6912
247,54,6912
248,54,6912
249,53,6784
250,52,6656
251,54,6912
252,51,6528
253,53,6784
254,51,6528
255,51,6528
256,51,6528
257,51,6528
258,51,6528
259,53,6784
260,52,6656
261,52,6656
262,51,6528
263,50,6400
264,50,6400
265,51,6528
266,51,6528
267,50,6400
268,50,6400
269,51,6528
270,51,6528
271,51,6528
272,51,6528
273,50,6400
274,50,6400
275,51,6528
276,52,6656
277,51,6528
278,49,6272
279,49,6272
280,51,6528
281,48,6144
282,48,6144
283,49,6272
284,50,6400
285,49,6272
286,50,6400
287,50,6400
288,50,6400
289,50,6400
290,51,6528
291,51,6528
292,51,6528
293,50,6400
294,49,6272
295,49,6272
296,50,6400
297,50,6400
298,50,6400
299,50,6400
300,50,6400
301,50,6400
302,50,6400
303,52,6656
304,51,6528
305,50,6400
306,51,6528
307,49,6272
308,50,6400
309,48,6144
310,50,6400
311,49,6272
312,50,6400
313,47,6016
314,48,6144
315,48,6144
316,49,6272
317,48,6144
318,50,6400
319,48,6144
320,48,6144
321,49,6272
322,49,6272
323,49,6272
324,49,6272
325,47,6016
326,48,6144
327,48,6144
328,47,6016
329,48,6144
330,48,6144
331,49,6272
332,48,6144
333,49,6272
334,48,6144
335,47,6016
336,48,6144
337,47,6016
338,48,6144
339,48,6144
340,49,6272
341,50,6400
342,50,6400
343,50,6400
344,50,6400
345,50,6400
346,50,6400
347,50,6400
348,50,6400
349,49,6272
350,50,6400
351,48,6144
352,49,6272
353,48,6144
354,50,6400
355,50,6400
356,51,6528
357,51,6528
358,51,6528
359,51,6528
360,50,6400
361,51,6528
362,50,6400
363,49,6272
364,48,6144
365,49,6272
366,49,6272
367,49,6272
368,50,6400
369,50,6400
370,50,6400
371,53,6784
372,50,6400
373,54,6912
374,50,6400
375,50,6400
376,51,6528
377,52,6656
378,51,6528
379,50,6400
380,50,6400
381,51,6528
382,51,6528
383,51,6528
384,51,6528
385,51,6528
386,52,6656
387,51,6528
388,52,6656
389,50,6400
390,51,6528
391,53,6784
392,51,6528
393,51,6528
394,50,6400
395,50,6400
396,51,6528
397,51,6528
398,51,6528
399,52,6656
400,51,6528
401,52,6656
402,51,6528
403,53,6784
404,51,6528
405,51,6528
406,52,6656
407,52,6656
408,51,6528
409,51,6528
410,51,6528
411,52,6656
412,52,6656
413,52,6656
414,53,6784
415,51,6528
416,51,6528
417,51,6528
418,51,6528
419,53,6784
420,51,6528
421,51,6528
422,52,6656
423,53,6784
424,52,6656
425,52,6656
426,50,6400
427,55,7040
428,53,6784
429,52,6656
430,52,6656
431,52,6656
432,52,6656
433,51,6528
434,50,6400
435,50,6400
436,52,6656
437,53,6784
438,52,6656
439,52,6656
440,53,6784
441,52,6656
442,53,6784
443,53,6784
444,54,6912
445,55,7040
446,55,7040
447,55,7040
448,55,7040
449,55,7040
450,54,6912
451,54,6912
452,55,7040
453,55,7040
454,55,7040
455,55,7040
456,52,6656
457,51,6528
458,52,6656
459,52,6656
460,52,6656
461,53,6784
462,52,6656
463,53,6784
464,54,6912
465,54,6912
466,51,6528
467,52,6656
468,54,6912
469,53,6784
470,53,6784
471,53,6784
472,53,6784
473,54,6912
474,54,6912
475,53,6784
476,54,6912
477,52,6656
478,52,6656
479,51,6528
480,52,6656
481,52,6656
482,52,6656
483,52,6656
484,52,6656
485,52,6656
486,51,6528
487,53,6784
488,53,6784
489,51,6528
490,50,6400
491,51,6528
492,51,6528
493,51,6528
494,52,6656
495,52,6656
496,52,6656
497,51,6528
498,51,6528
499,51,6528
500,51,6528
501,52,6656
502,51,6528
503,53,6784
504,51,6528
505,51,6528
506,51,6528
507,50,6400
508,50,6400
509,50,6400
510,51,6528
511,51,6528
512,51,6528
513,53,6784
514,52,6656
515,55,7040
516,52,6656
517,52,6656
518,53,6784
519,51,6528
520,52,6656
521,53,6784
522,53,6784
523,51,6528
524,51,6528
525,52,6656
526,52,6656
527,52,6656
528,51,6528
529,52,6656
530,52,6656
531,52,6656
532,53,6784
533,51,6528
534,51,6528
535,51,6528
536,52,6656
537,52,6656
538,51,6528
539,52,6656
540,51,6528
541,52,6656
542,52,6656
543,52,6656
544,52,6656
545,51,6528
546,51,6528
547,51,6528
548,51,6528
549,52,6656
550,52,6656
551,52,6656
552,52,6656
553,53,6784
554,53,6784
555,52,6656
556,52,6656
557,53,6784
558,53,6784
559,53,6784
560,51,6528
561,52,6656
562,52,6656
563,52,6656
564,53,6784
565,52,6656
566,51,6528
567,50,6400
568,52,6656
569,52,6656
570,51,6528
571,51,6528
572,52,6656
573,52,6656
574,53,6784
575,53,6784
576,54,6912
577,53,6784
578,52,6656
579,51,6528
580,51,6528
581,53,6784
582,50,6400
583,51,6528
584,50,6400
585,52,6656
586,53,6784
587,52,6656
588,52,6656
589,50,6400
590,52,6656
591,52,6656
592,52,6656
593,52,6656
594,53,6784
595,52,6656
596,52,6656
597,52,6656
598,52,6656
599,54,6912
600,51,6528
601,50,6400
602,50,6400
603,51,6528
604,50,6400
605,50,6400
606,50,6400
607,50,6400
608,50,6400
609,50,6400
610,50,6400
611,51,6528
612,51,6528
613,50,6400
614,51,6528
615,52,6656
616,50,6400
617,50,6400
618,51,6528
619,51,6528
620,50,6400
621,51,6528
622,52,6656
623,50,6400
624,51,6528
625,49,6272
626,50,6400
627,51,6528
628,51,6528
629,53,6784
630,51,6528
631,50,6400
632,51,6528
633,51,6528
634,51,6528
635,52,6656
636,52,6656
637,52,6656
638,52,6656
639,50,6400
640,50,6400
641,52,6656
642,51,6528
643,51,6528
644,52,6656
645,51,6528
646,52,6656
647,51,6528
648,52,6656
649,51,6528
650,52,6656
651,52,6656
652,53,6784
653,53,6784
654,53,6784
655,51,6528
656,51,6528
657,51,6528
658,52,6656
659,51,6528
660,51,6528
661,51,6528
662,51,6528
663,53,6784
664,54,6912
665,51,6528
666,53,6784
667,52,6656
668,51,6528
669,51,6528
670,51,6528
671,51,6528
672,51,6528
673,51,6528
674,50,6400
675,50,6400
676,50,6400
677,51,6528
678,51,6528
679,51,6528
680,51,6528
681,50,6400
682,53,6784
683,54,6912
684,52,6656
685,53,6784
686,53,6784
687,53,6784
688,52,6656
689,51,6528
690,51,6528
691,51,6528
692,51,6528
693,51,6528
694,52,6656
695,52,6656
696,52,6656
697,51,6528
698,51,6528
699,52,6656
700,52,6656
701,52,6656
702,53,6784
703,53,6784
704,53,6784
705,53,6784
706,54,6912
707,54,6912
708,53,6784
709,53,6784
710,54,6912
711,53,6784
712,53,6784
713,53,6784
714,52,6656
715,52,6656
716,51,6528
717,52,6656
718,52,6656
719,51,6528
720,51,6528
721,51,6528
722,52,6656
723,51,6528
724,51,6528
725,50,6400
726,51,6528
727,51,6528
728,51,6528
729,51,6528
730,51,6528
731,51,6528
732,50,6400
733,51,6528
734,50,6400
735,51,6528
736,50,6400
737,51,6528
738,50,6400
739,52,6656
740,49,6272
741,49,6272
742,50,6400
743,49,6272
744,50,6400
745,50,6400
746,51,6528
747,50,6400
748,52,6656
749,50,6400
750,50,6400
751,51,6528
752,49,6272
753,51,6528
754,52,6656
755,52,6656
756,50,6400
757,51,6528
758,51,6528
759,49,6272
760,49,6272
761,50,6400
762,50,6400
763,49,6272
764,50,6400
765,49,6272
766,49,6272
767,48,6144
768,48,6144
769,49,6272
770,50,6400
771,49,6272
772,49,6272
773,49,6272
774,51,6528
775,52,6656
776,52,6656
777,51,6528
778,52,6656
779,50,6400
780,51,6528
781,52,6656
782,51,6528
783,50,6400
784,49,6272
785,49,6272
786,50,6400
787,52,6656
788,52,6656
789,52,6656
790,51,6528
791,50,6400
792,51,6528
793,49,6272
794,50,6400
795,50,6400
796,50,6400
797,51,6528
798,49,6272
799,50,6400
800,52,6656
801,52,6656
802,50,6400
803,51,6528
804,50,6400
805,52,6656
806,53,6784
807,53,6784
808,53,6784
809,53,6784
810,53,6784
811,49,6272
812,50,6400
813,50,6400
814,49,6272
815,48,6144
816,49,6272
817,49,6272
818,47,6016
819,49,6272
820,46,5888
821,46,5888
822,45,5760
823,47,6016
824,45,5760
825,45,5760
826,46,5888
827,47,6016
828,47,6016
829,47,6016
830,51,6528
831,51,6528
832,51,6528
833,49,6272
834,50,6400
835,51,6528
836,50,6400
837,52,6656
838,53,6784
839,51,6528
840,52,6656
841,53,6784
842,53,6784
843,51,6528
844,52,6656
845,51,6528
846,52,6656
847,50,6400
848,51,6528
849,50,6400
850,51,6528
851,51,6528
852,51,6528
853,51,6528
854,52,6656
855,52,6656
856,51,6528
857,51,6528
858,51,6528
859,50,6400
860,50,6400
861,50,6400
862,50,6400
863,50,6400
864,50,6400
865,51,6528
866,49,6272
867,50,6400
868,50,6400
869,50,6400
870,49,6272
871,48,6144
872,49,6272
873,48,6144
874,48,6144
875,49,6272
876,48,6144
877,49,6272
878,47,6016
879,46,5888
880,48,6144
881,46,5888
882,47,6016
883,48,6144
884,49,6272
885,49,6272
886,49,6272
887,49,6272
888,49,6272
889,50,6400
890,49,6272
891,49,6272
892,50,6400
893,50,6400
894,53,6784
895,52,6656
896,51,6528
897,52,6656
898,53,6784
899,53,6784
900,53,6784
901,53,6784
902,54,6912
903,53,6784
904,53,6784
905,53,6784
906,52,6656
907,51,6528
908,52,6656
909,52,6656
910,52,6656
911,54,6912
912,52,6656
913,52,6656
914,52,6656
915,53,6784
916,54,6912
917,54,6912
918,55,7040
919,57,7296
920,57,7296
921,57,7296
922,55,7040
923,54,6912
924,53,6784
925,52,6656
926,52,6656
927,52,6656
928,52,6656
929,51,6528
930,52,6656
931,51,6528
932,53,6784
933,52,6656
934,50,6400
935,52,6656
936,50,6400
937,52,6656
938,51,6528
939,53,6784
940,49,6272
941,49,6272
942,51,6528
943,52,6656
944,50,6400
945,50,6400
946,51,6528
947,50,6400
948,50,6400
949,50,6400
950,50,6400
951,50,6400
952,50,6400
953,49,6272
954,50,6400
955,50,6400
956,50,6400
957,50,6400
958,51,6528
959,51,6528
960,51,6528
961,50,6400
962,50,6400
963,51,6528
964,51,6528
965,51,6528
966,49,6272
967,49,6272
968,49,6272
969,50,6400
970,50,6400
971,49,6272
972,49,6272
973,49,6272
974,49,6272
975,50,6400
976,49,6272
977,49,6272
978,49,6272
979,49,6272
980,49,6272
981,50,6400
982,50,6400
983,50,6400
984,50,6400
985,50,6400
986,50,6400
987,49,6272
988,49,6272
989,51,6528
990,51,6528
991,51,6528
992,51,6528
993,51,6528
994,51,6528
995,51,6528
996,51,6528
997,51,6528
998,50,6400
999,50,6400
1000,51,6528
1001,50,6400
1002,49,6272
1003,49,6272
1004,49,6272
1005,50,6400
1006,49,6272
1007,49,6272
1008,50,6400
1009,49,6272
1010,50,6400
1011,50,6400
1012,50,6400
1013,52,6656
1014,50,6400
1015,53,6784
1016,53,6784
1017,52,6656
1018,50,6400
1019,50,6400
1020,50,6400
1021,49,6272
1022,49,6272
1023,49,6272
1024,50,6400
1025,50,6400
1026,48,6144
1027,48,6144
1028,48,6144
1029,49,6272
1030,49,6272
1031,48,6144
1032,49,6272
1033,48,6144
1034,48,6144
1035,49,6272
1036,51,6528
1037,50,6400
1038,51,6528
1039,50,6400
1040,51,6528
1041,51,6528
1042,50,6400
1043,50,6400
1044,50,6400
1045,49,6272
1046,50,6400
1047,49,6272
1048,49,6272
1049,50,6400
1050,49,6272
1051,49,6272
1052,49,6272
1053,49,6272
1054,49,6272
1055,49,6272
1056,49,6272
1057,49,6272
1058,49,6272
1059,50,6400
1060,50,6400
1061,49,6272
1062,49,6272
1063,48,6144
1064,49,6272
1065,50,6400
1066,49,6272
1067,50,6400
1068,49,6272
1069,49,6272
1070,48,6144
1071,50,6400
1072,50,6400
1073,50,6400
1074,50,6400
1075,49,6272
1076,50,6400
1077,50,6400
1078,50,6400
1079,50,6400
1080,50,6400
1081,49,6272
1082,50,6400
1083,50,6400
1084,49,6272
1085,50,6400
1086,50,6400
1087,49,6272
1088,49,6272
1089,49,6272
1090,49,6272
1091,48,6144
1092,47,6016
1093,48,6144
1094,50,6400
1095,49,6272
1096,49,6272
1097,49,6272
1098,50,6400
1099,51,6528
1100,51,6528
1101,51,6528
1102,51,6528
1103,50,6400
1104,50,6400
1105,51,6528
1106,50,6400
1107,50,6400
1108,50,6400
1109,50,6400
1110,51,6528
1111,50,6400
1112,50,6400
1113,49,6272
1114,51,6528
1115,51,6528
1116,51,6528
1117,51,6528
1118,51,6528
1119,51,6528
1120,51,6528
1121,51,6528
1122,51,6528
1123,49,6272
1124,50,6400
1125,50,6400
1126,52,6656
1127,52,6656
1128,52,6656
1129,50,6400
1130,51,6528
1131,51,6528
1132,52,6656
1133,52,6656
1134,52,6656
1135,52,6656
1136,53,6784
1137,52,6656
1138,52,6656
1139,52,6656
1140,52,6656
1141,52,6656
1142,55,7040
1143,53,6784
1144,52,6656
1145,53,6784
1146,52,6656
1147,52,6656
1148,52,6656
1149,51,6528
1150,52,6656
1151,51,6528
1152,50,6400
1153,51,6528
1154,50,6400
1155,50,6400
1156,51,6528
1157,52,6656
1158,51,6528
1159,51,6528
1160,51,6528
1161,51,6528
1162,51,6528
1163,51,6528
1164,51,6528
1165,49,6272
1166,50,6400
1167,50,6400
1168,50,6400
1169,48,6144
1170,49,6272
1171,49,6272
1172,50,6400
1173,50,6400
1174,50,6400
1175,49,6272
1176,49,6272
1177,49,6272
1178,48,6144
1179,50,6400
1180,49,6272
1181,49,6272
1182,49,6272
1183,48,6144
1184,49,6272
1185,49,6272
1186,51,6528
1187,49,6272
1188,49,6272
1189,49,6272
1190,51,6528
1191,52,6656
1192,49,6272
1193,50,6400
1194,52,6656
1195,52,6656
1196,52,6656
1197,52,6656
1198,53,6784
1199,50,6400
1200,51,6528
1201,52,6656
1202,53,6784
1203,52,6656
1204,52,6656
1205,53,6784
1206,53,6784
1207,52,6656
1208,52,6656
1209,52,6656
1210,52,6656
1211,52,6656
1212,52,6656
1213,52,6656
1214,49,6272
1215,50,6400
1216,50,6400
1217,50,6400
1218,50,6400
1219,51,6528
1220,50,6400
1221,51,6528
1222,51,6528
1223,51,6528
1224,51,6528
1225,51,6528
1226,51,6528
1227,51,6528
1228,51,6528
1229,51,6528
1230,50,6400
1231,50,6400
1232,50,6400
1233,50,6400
1234,50,6400
1235,51,6528
1236,51,6528
1237,52,6656
1238,53,6784
1239,53,6784
1240,52,6656
1241,52,6656
1242,51,6528
1243,50,6400
1244,51,6528
1245,51,6528
1246,50,6400
1247,50,6400
1248,50,6400
1249,51,6528
1250,49,6272
1251,52,6656
1252,52,6656
1253,49,6272
1254,48,6144
1255,48,6144
1256,48,6144
1257,48,6144
1258,48,6144
1259,48,6144
1260,48,6144
1261,48,6144
1262,48,6144
1263,49,6272
1264,49,6272
1265,49,6272
1266,49,6272
1267,49,6272
1268,49,6272
1269,49,6272
1270,48,6144
1271,48,6144
1272,49,6272
1273,49,6272
1274,48,6144
1275,50,6400
1276,49,6272
1277,47,6016
1278,48,6144
1279,48,6144
1280,49,6272
1281,49,6272
1282,48,6144
1283,49,6272
1284,48,6144
1285,48,6144
1286,49,6272
1287,48,6144
1288,48,6144
1289,49,6272
1290,49,6272
1291,49,6272
1292,50,6400
1293,50,6400
1294,49,6272
1295,50,6400
1296,50,6400
1297,50,6400
1298,50,6400
1299,51,6528
1300,51,6528
1301,50,6400
1302,50,6400
1303,50,6400
1304,50,6400
1305,51,6528
1306,52,6656
1307,50,6400
1308,51,6528
1309,51,6528
1310,51,6528
1311,51,6528
1312,51,6528
1313,50,6400
1314,50,6400
1315,49,6272
1316,50,6400
1317,48,6144
1318,47,6016
1319,48,6144
1320,49,6272
1321,49,6272
1322,49,6272
1323,49,6272
1324,50,6400
1325,50,6400
1326,50,6400
1327,50,6400
1328,49,6272
1329,49,6272
1330,48,6144
1331,48,6144
1332,47,6016
1333,48,6144
1334,50,6400
1335,48,6144
1336,50,6400
1337,50,6400
1338,49,6272
1339,50,6400
1340,49,6272
1341,48,6144
1342,48,6144
1343,48,6144
1344,48,6144
1345,47,6016
1346,48,6144
1347,48,6144
1348,48,6144
1349,47,6016
1350,49,6272
1351,48,6144
1352,48,6144
1353,51,6528
1354,50,6400
1355,51,6528
1356,51,6528
1357,50,6400
1358,51,6528
1359,51,6528
1360,48,6144
1361,50,6400
1362,47,6016
1363,48,6144
1364,50,6400
1365,48,6144
1366,49,6272
1367,48,6144
1368,47,6016
1369,50,6400
1370,47,6016
1371,48,6144
1372,47,6016
1373,47,6016
1374,47,6016
1375,47,6016
1376,48,6144
1377,48,6144
1378,47,6016
1379,48,6144
1380,48,6144
1381,48,6144
1382,47,6016
1383,47,6016
1384,47,6016
1385,46,5888
1386,47,6016
1387,47,6016
1388,48,6144
1389,48,6144
1390,48,6144
1391,48,6144
1392,48,6144
1393,48,6144
1394,49,6272
1395,49,6272
1396,49,6272
1397,50,6400
1398,50,6400
1399,50,6400
1400,50,6400
1401,49,6272
1402,49,6272
1403,50,6400
1404,49,6272
1405,51,6528
1406,49,6272
1407,48,6144
1408,49,6272
1409,48,6144
1410,48,6144
1411,49,6272
1412,48,6144
1413,50,6400
1414,50,6400
1415,51,6528
1416,49,6272
1417,50,6400
1418,49,6272
1419,50,6400
1420,49,6272
1421,50,6400
1422,49,6272
1423,51,6528
1424,49,6272
1425,51,6528
1426,51,6528
1427,51,6528
1428,51,6528
1429,52,6656
1430,52,6656
1431,52,6656
1432,51,6528
1433,51,6528
1434,51,6528
1435,51,6528
1436,50,6400
1437,50,6400
1438,53,6784
1439,51,6528
1440,51,6528
1441,51,6528
1442,51,6528
1443,52,6656
1444,52,6656
1445,53,6784
1446,51,6528
1447,51,6528
1448,50,6400
1449,51,6528
1450,52,6656
1451,51,6528
1452,50,6400
1453,50,6400
1454,51,6528
1455,51,6528
1456,52,6656
1457,50,6400
1458,51,6528
1459,49,6272
1460,51,6528
1461,53,6784
1462,52,6656
1463,54,6912
1464,50,6400
1465,51,6528
1466,50,6400
1467,49,6272
1468,49,6272
1469,51,6528
1470,51,6528
1471,51,6528
1472,51,6528
1473,50,6400
1474,50,6400
1475,52,6656
1476,52,6656
1477,53,6784
1478,55,7040
1479,53,6784
1480,52,6656
1481,51,6528
1482,52,6656
1483,51,6528
1484,51,6528
1485,51,6528
1486,51,6528
1487,51,6528
1488,51,6528
1489,50,6400
1490,50,6400
1491,49,6272
1492,48,6144
1493,49,6272
1494,50,6400
1495,49,6272
1496,48,6144
1497,49,6272
1498,48,6144
1499,48,6144
1500,48,6144
1501,48,6144
1502,48,6144
1503,49,6272
1504,51,6528
1505,50,6400
1506,50,6400
1507,49,6272
1508,53,6784
1509,52,6656
1510,50,6400
1511,51,6528
1512,51,6528
1513,50,6400
1514,51,6528
1515,51,6528
1516,50,6400
1517,50,6400
1518,51,6528
1519,51,6528
1520,51,6528
1521,52,6656
1522,52,6656
1523,51,6528
1524,52,6656
1525,51,6528
1526,51,6528
1527,50,6400
1528,50,6400
1529,50,6400
1530,49,6272
1531,49,6272
1532,50,6400
1533,49,6272
1534,48,6144
1535,49,6272
1536,49,6272
1537,49,6272
1538,51,6528
1539,49,6272
1540,49,6272
1541,50,6400
1542,49,6272
1543,50,6400
1544,48,6144
1545,48,6144
1546,49,6272
1547,51,6528
1548,50,6400
1549,49,6272
1550,49,6272
1551,48,6144
1552,50,6400
1553,48,6144
1554,48,6144
1555,50,6400
1556,50,6400
1557,50,6400
1558,50,6400
1559,50,6400
1560,49,6272
1561,48,6144
1562,49,6272
1563,48,6144
1564,49,6272
1565,49,6272
1566,49,6272
1567,49,6272
1568,48,6144
1569,48,6144
1570,48,6144
1571,48,6144
1572,48,6144
1573,51,6528
1574,51,6528
1575,50,6400
1576,50,6400
1577,50,6400
1578,51,6528
1579,49,6272
1580,50,6400
1581,50,6400
1582,50,6400
1583,51,6528
1584,51,6528
1585,52,6656
1586,51,6528
1587,52,6656
1588,52,6656
1589,53,6784
1590,52,6656
1591,52,6656
1592,52,6656
1593,53,6784
1594,51,6528
1595,52,6656
1596,52,6656
1597,54,6912
1598,53,6784
1599,53,6784
1600,52,6656
1601,52,6656
1602,52,6656
1603,53,6784
1604,53,6784
1605,53,6784
1606,52,6656
1607,53,6784
1608,54,6912
1609,53,6784
1610,52,6656
1611,51,6528
1612,51,6528
1613,52,6656
1614,51,6528
1615,51,6528
1616,51,6528
1617,50,6400
1618,50,6400
1619,51,6528
1620,51,6528
1621,51,6528
1622,51,6528
1623,50,6400
1624,51,6528
1625,51,6528
1626,52,6656
1627,53,6784
1628,50,6400
1629,50,6400
1630,49,6272
1631,49,6272
1632,49,6272
1633,49,6272
1634,49,6272
1635,49,6272
1636,49,6272
1637,51,6528
1638,51,6528
1639,51,6528
1640,51,6528
1641,52,6656
1642,51,6528
1643,52,6656
1644,50,6400
1645,51,6528
1646,51,6528
1647,50,6400
1648,51,6528
1649,52,6656
1650,51,6528
1651,50,6400
1652,50,6400
1653,51,6528
1654,52,6656
1655,50,6400
1656,49,6272
1657,51,6528
1658,51,6528
1659,51,6528
1660,51,6528
1661,50,6400
1662,50,6400
1663,50,6400
1664,50,6400
1665,51,6528
1666,51,6528
1667,50,6400
1668,50,6400
1669,50,6400
1670,51,6528
1671,51,6528
1672,52,6656
1673,53,6784
1674,52,6656
1675,50,6400
1676,51,6528
1677,52,6656
1678,52,6656
1679,52,6656
1680,53,6784
1681,53,6784
1682,50,6400
1683,51,6528
1684,51,6528
1685,50,6400
1686,50,6400
1687,51,6528
1688,50,6400
1689,51,6528
1690,50,6400
1691,51,6528
1692,51,6528
1693,50,6400
1694,52,6656
1695,51,6528
1696,50,6400
1697,50,6400
1698,51,6528
1699,51,6528
1700,51,6528
1701,51,6528
1702,51,6528
1703,50,6400
1704,51,6528
1705,52,6656
1706,52,6656
1707,50,6400
1708,51,6528
1709,52,6656
1710,51,6528
1711,51,6528
1712,51,6528
1713,53,6784
1714,50,6400
1715,51,6528
1716,49,6272
1717,50,6400
1718,51,6528
1719,50,6400
1720,50,6400
1721,52,6656
1722,51,6528
1723,51,6528
1724,51,6528
1725,51,6528
1726,51,6528
1727,50,6400
1728,49,6272
1729,50,6400
1730,49,6272
1731,50,6400
1732,51,6528
1733,50,6400
1734,49,6272
1735,51,6528
1736,51,6528
1737,51,6528
1738,52,6656
1739,52,6656
1740,51,6528
1741,51,6528
1742,52,6656
1743,51,6528
1744,51,6528
1745,51,6528
1746,55,7040
1747,53,6784
1748,53,6784
1749,52,6656
1750,52,6656
1751,54,6912
1752,53,6784
1753,53,6784
1754,53,6784
1755,55,7040
1756,55,7040
1757,53,6784
1758,53,6784
1759,52,6656
1760,52,6656
1761,51,6528
1762,52,6656
1763,52,6656
1764,53,6784
1765,52,6656
1766,50,6400
1767,51,6528
1768,51,6528
1769,52,6656
1770,53,6784
1771,53,6784
1772,53,6784
1773,53,6784
1774,53,6784
1775,54,6912
1776,52,6656
1777,50,6400
1778,51,6528
1779,51,6528
1780,51,6528
1781,51,6528
1782,51,6528
1783,51,6528
1784,52,6656
1785,54,6912
1786,55,7040
1787,51,6528
1788,52,6656
1789,53,6784
1790,52,6656
1791,49,6272
1792,51,6528
1793,51,6528
1794,52,6656
1795,52,6656
1796,52,6656
1797,52,6656
1798,52,6656
1799,52,6656
1800,51,6528
1801,52,6656
1802,51,6528
1803,51,6528
1804,53,6784
1805,52,6656
1806,52,6656
1807,52,6656
1808,52,6656
1809,52,6656
1810,51,6528
1811,52,6656
1812,53,6784
1813,52,6656
1814,53,6784
1815,51,6528
1816,52,6656
1817,52,6656
1818,52,6656
1819,53,6784
1820,52,6656
1821,53,6784
1822,53,6784
1823,53,6784
1824,53,6784
1825,51,6528
1826,53,6784
1827,52,6656
1828,52,6656
1829,52,6656
1830,53,6784
1831,51,6528
1832,52,6656
1833,53,6784
1834,51,6528
1835,51,6528
1836,52,6656
1837,51,6528
1838,51,6528
1839,50,6400
1840,50,6400
1841,50,6400
1842,52,6656
1843,51,6528
1844,51,6528
1845,52,6656
1846,51,6528
1847,51,6528
1848,51,6528
1849,53,6784
1850,51,6528
1851,51,6528
1852,50,6400
1853,50,6400
1854,51,6528
1855,50,6400
1856,52,6656
1857,51,6528
1858,51,6528
1859,48,6144
1860,48,6144
1861,48,6144
1862,49,6272
1863,49,6272
1864,49,6272
1865,49,6272
1866,49,6272
1867,50,6400
1868,49,6272
1869,50,6400
1870,49,6272
1871,50,6400
1872,48,6144
1873,49,6272
1874,49,6272
1875,49,6272
1876,48,6144
1877,48,6144
1878,49,6272
1879,50,6400
1880,49,6272
1881,50,6400
1882,50,6400
1883,50,6400
1884,50,6400
1885,51,6528
1886,50,6400
1887,50,6400
1888,51,6528
1889,49,6272
1890,50,6400
1891,51,6528
1892,52,6656
1893,52,6656
1894,51,6528
1895,51,6528
1896,51,6528
1897,50,6400
1898,50,6400
1899,49,6272
1900,49,6272
1901,49,6272
1902,52,6656
1903,50,6400
1904,50,6400
1905,50,6400
1906,49,6272
1907,49,6272
1908,50,6400
1909,49,6272
1910,50,6400
1911,49,6272
1912,50,6400
1913,51,6528
1914,50,6400
1915,50,6400
1916,52,6656
1917,53,6784
1918,51,6528
1919,51,6528
1920,51,6528
1921,52,6656
1922,52,6656
1923,52,6656
1924,54,6912
1925,50,6400
1926,52,6656
1927,52,6656
1928,54,6912
1929,53,6784
1930,50,6400
1931,51,6528
1932,52,6656
1933,50,6400
1934,50,6400
1935,51,6528
1936,51,6528
1937,51,6528
1938,52,6656
1939,52,6656
1940,51,6528
1941,51,6528
1942,51,6528
1943,51,6528
1944,51,6528
1945,54,6912
1946,50,6400
1947,50,6400
1948,50,6400
1949,51,6528
1950,49,6272
1951,51,6528
1952,52,6656
1953,51,6528
1954,51,6528
1955,49,6272
1956,49,6272
1957,50,6400
1958,50,6400
1959,51,6528
1960,52,6656
1961,51,6528
1962,51,6528
1963,51,6528
1964,53,6784
1965,49,6272
1966,50,6400
1967,49,6272
1968,49,6272
1969,51,6528
1970,49,6272
1971,49,6272
1972,48,6144
1973,50,6400
1974,49,6272
1975,50,6400
1976,49,6272
1977,49,6272
1978,49,6272
1979,48,6144
1980,49,6272
1981,48,6144
1982,49,6272
1983,49,6272
1984,49,6272
1985,50,6400
1986,48,6144
1987,48,6144
1988,49,6272
1989,49,6272
1990,50,6400
1991,50,6400
1992,49,6272
1993,49,6272
1994,49,6272
1995,50,6400
1996,49,6272
1997,50,6400
1998,51,6528
1999,50,6400
2000,50,6400
