RandomSeed,95276,Population size:128,Bit Length:64,Crossover Rate:0.7,Mutation Rate:0.005
gen,BestFitness,FitnessEval
1,40,5120
2,42,5376
3,43,5504
4,43,5504
5,43,5504
6,43,5504
7,42,5376
8,42,5376
9,42,5376
10,44,5632
11,43,5504
12,44,5632
13,44,5632
14,45,5760
15,45,5760
16,44,5632
17,46,5888
18,49,6272
19,45,5760
20,46,5888
21,46,5888
22,48,6144
23,49,6272
24,48,6144
25,47,6016
26,49,6272
27,48,6144
28,49,6272
29,48,6144
30,47,6016
31,48,6144
32,48,6144
33,48,6144
34,49,6272
35,48,6144
36,48,6144
37,48,6144
38,48,6144
39,48,6144
40,49,6272
41,49,6272
42,48,6144
43,49,6272
44,48,6144
45,50,6400
46,50,6400
47,48,6144
48,49,6272
49,49,6272
50,50,6400
51,50,6400
52,51,6528
53,49,6272
54,50,6400
55,51,6528
56,51,6528
57,51,6528
58,52,6656
59,52,6656
60,53,6784
61,51,6528
62,52,6656
63,52,6656
64,54,6912
65,54,6912
66,54,6912
67,53,6784
68,54,6912
69,54,6912
70,53,6784
71,52,6656
72,51,6528
73,52,6656
74,50,6400
75,51,6528
76,52,6656
77,52,6656
78,52,6656
79,51,6528
80,51,6528
81,53,6784
82,53,6784
83,53,6784
84,51,6528
85,52,6656
86,52,6656
87,53,6784
88,54,6912
89,54,6912
90,53,6784
91,52,6656
92,53,6784
93,49,6272
94,50,6400
95,50,6400
96,51,6528
97,51,6528
98,51,6528
99,52,6656
100,51,6528
101,51,6528
102,48,6144
103,48,6144
104,49,6272
105,49,6272
106,49,6272
107,49,6272
108,48,6144
109,48,6144
110,50,6400
111,49,6272
112,50,6400
113,49,6272
114,51,6528
115,51,6528
116,52,6656
117,51,6528
118,51,6528
119,49,6272
120,48,6144
121,49,6272
122,50,6400
123,51,6528
124,51,6528
125,51,6528
126,51,6528
127,52,6656
128,51,6528
129,55,7040
130,52,6656
131,51,6528
132,52,6656
133,52,6656
134,52,6656
135,52,6656
136,51,6528
137,50,6400
138,52,6656
139,50,6400
140,52,6656
141,52,6656
142,54,6912
143,53,6784
144,53,6784
145,53,6784
146,53,6784
147,53,6784
148,54,6912
149,54,6912
150,53,6784
151,52,6656
152,53,6784
153,53,6784
154,53,6784
155,54,6912
156,53,6784
157,53,6784
158,53,6784
159,53,6784
160,53,6784
161,53,6784
162,54,6912
163,54,6912
164,53,6784
165,55,7040
166,55,7040
167,55,7040
168,55,7040
169,54,6912
170,54,6912
171,55,7040
172,53,6784
173,53,6784
174,52,6656
175,52,6656
176,54,6912
177,53,6784
178,52,6656
179,51,6528
180,51,6528
181,51,6528
182,50,6400
183,51,6528
184,51,6528
185,52,6656
186,51,6528
187,52,6656
188,52,6656
189,51,6528
190,52,6656
191,53,6784
192,52,6656
193,53,6784
194,52,6656
195,51,6528
196,53,6784
197,53,6784
198,53,6784
199,52,6656
200,52,6656
201,52,6656
202,52,6656
203,51,6528
204,52,6656
205,50,6400
206,50,6400
207,50,6400
208,50,6400
209,50,6400
210,51,6528
211,51,6528
212,52,6656
213,51,6528
214,52,6656
215,52,6656
216,52,6656
217,52,6656
218,53,6784
219,53,6784
220,53,6784
221,53,6784
222,53,6784
223,53,6784
224,53,6784
225,53,6784
226,52,6656
227,52,6656
228,51,6528
229,52,6656
230,51,6528
231,52,6656
232,51,6528
233,52,6656
234,53,6784
235,52,6656
236,53,6784
237,53,6784
238,54,6912
239,53,6784
240,53,6784
241,54,6912
242,55,7040
243,52,6656
244,54,6912
245,54,6912
246,54,6912
247,51,6528
248,51,6528
249,53,6784
250,54,6912
251,53,6784
252,52,6656
253,52,6656
254,51,6528
255,51,6528
256,51,6528
257,51,6528
258,51,6528
259,50,6400
260,50,6400
261,52,6656
262,51,6528
263,51,6528
264,52,6656
265,51,6528
266,50,6400
267,50,6400
268,50,6400
269,50,6400
270,51,6528
271,50,6400
272,51,6528
273,51,6528
274,52,6656
275,51,6528
276,50,6400
277,50,6400
278,48,6144
279,49,6272
280,49,6272
281,49,6272
282,49,6272
283,49,6272
284,47,6016
285,48,6144
286,49,6272
287,49,6272
288,51,6528
289,47,6016
290,49,6272
291,52,6656
292,50,6400
293,49,6272
294,48,6144
295,48,6144
296,50,6400
297,51,6528
298,51,6528
299,50,6400
300,49,6272
301,49,6272
302,49,6272
303,49,6272
304,49,6272
305,49,6272
306,49,6272
307,49,6272
308,49,6272
309,48,6144
310,48,6144
311,48,6144
312,48,6144
313,49,6272
314,48,6144
315,47,6016
316,47,6016
317,47,6016
318,47,6016
319,47,6016
320,47,6016
321,47,6016
322,47,6016
323,48,6144
324,48,6144
325,48,6144
326,48,6144
327,46,5888
328,46,5888
329,47,6016
330,47,6016
331,48,6144
332,46,5888
333,45,5760
334,47,6016
335,47,6016
336,48,6144
337,48,6144
338,46,5888
339,47,6016
340,46,5888
341,45,5760
342,47,6016
343,47,6016
344,45,5760
345,44,5632
346,47,6016
347,44,5632
348,46,5888
349,45,5760
350,47,6016
351,45,5760
352,46,5888
353,46,5888
354,47,6016
355,45,5760
356,46,5888
357,47,6016
358,47,6016
359,48,6144
360,47,6016
361,47,6016
362,48,6144
363,49,6272
364,48,6144
365,48,6144
366,49,6272
367,48,6144
368,48,6144
369,48,6144
370,48,6144
371,48,6144
372,50,6400
373,49,6272
374,49,6272
375,49,6272
376,47,6016
377,48,6144
378,49,6272
379,48,6144
380,49,6272
381,49,6272
382,48,6144
383,48,6144
384,47,6016
385,47,6016
386,47,6016
387,47,6016
388,47,6016
389,48,6144
390,47,6016
391,47,6016
392,47,6016
393,49,6272
394,46,5888
395,47,6016
396,49,6272
397,45,5760
398,45,5760
399,47,6016
400,48,6144
401,47,6016
402,46,5888
403,45,5760
404,44,5632
405,44,5632
406,45,5760
407,45,5760
408,45,5760
409,46,5888
410,47,6016
411,46,5888
412,46,5888
413,46,5888
414,46,5888
415,48,6144
416,46,5888
417,47,6016
418,47,6016
419,47,6016
420,46,5888
421,46,5888
422,47,6016
423,48,6144
424,49,6272
425,48,6144
426,48,6144
427,48,6144
428,48,6144
429,48,6144
430,49,6272
431,50,6400
432,50,6400
433,50,6400
434,49,6272
435,48,6144
436,51,6528
437,50,6400
438,50,6400
439,49,6272
440,50,6400
441,50,6400
442,50,6400
443,50,6400
444,50,6400
445,50,6400
446,51,6528
447,51,6528
448,51,6528
449,50,6400
450,51,6528
451,48,6144
452,48,6144
453,48,6144
454,48,6144
455,48,6144
456,49,6272
457,48,6144
458,48,6144
459,49,6272
460,50,6400
461,49,6272
462,50,6400
463,49,6272
464,49,6272
465,49,6272
466,49,6272
467,49,6272
468,49,6272
469,50,6400
470,50,6400
471,49,6272
472,50,6400
473,50,6400
474,50,6400
475,49,6272
476,49,6272
477,48,6144
478,49,6272
479,48,6144
480,48,6144
481,47,6016
482,50,6400
483,48,6144
484,52,6656
485,52,6656
486,49,6272
487,48,6144
488,49,6272
489,49,6272
490,49,6272
491,50,6400
492,50,6400
493,50,6400
494,50,6400
495,49,6272
496,48,6144
497,48,6144
498,49,6272
499,48,6144
500,50,6400
501,50,6400
502,49,6272
503,49,6272
504,50,6400
505,50,6400
506,49,6272
507,49,6272
508,48,6144
509,50,6400
510,50,6400
511,50,6400
512,49,6272
513,49,6272
514,50,6400
515,50,6400
516,50,6400
517,51,6528
518,51,6528
519,52,6656
520,53,6784
521,51,6528
522,54,6912
523,52,6656
524,52,6656
525,52,6656
526,50,6400
527,51,6528
528,55,7040
529,53,6784
530,53,6784
531,52,6656
532,53,6784
533,54,6912
534,54,6912
535,54,6912
536,54,6912
537,53,6784
538,56,7168
539,56,7168
540,54,6912
541,52,6656
542,54,6912
543,53,6784
544,53,6784
545,54,6912
546,53,6784
547,56,7168
548,58,7424
549,56,7168
550,56,7168
551,57,7296
552,57,7296
553,56,7168
554,55,7040
555,57,7296
556,56,7168
557,55,7040
558,53,6784
559,53,6784
560,53,6784
561,53,6784
562,52,6656
563,53,6784
564,52,6656
565,52,6656
566,52,6656
567,53,6784
568,51,6528
569,52,6656
570,53,6784
571,53,6784
572,52,6656
573,53,6784
574,51,6528
575,52,6656
576,52,6656
577,52,6656
578,52,6656
579,51,6528
580,51,6528
581,50,6400
582,51,6528
583,52,6656
584,51,6528
585,51,6528
586,53,6784
587,52,6656
588,52,6656
589,52,6656
590,52,6656
591,53,6784
592,52,6656
593,52,6656
594,50,6400
595,50,6400
596,50,6400
597,50,6400
598,50,6400
599,51,6528
600,50,6400
601,51,6528
602,51,6528
603,50,6400
604,49,6272
605,51,6528
606,49,6272
607,50,6400
608,50,6400
609,50,6400
610,50,6400
611,49,6272
612,50,6400
613,51,6528
614,52,6656
615,50,6400
616,50,6400
617,49,6272
618,49,6272
619,49,6272
620,49,6272
621,50,6400
622,52,6656
623,50,6400
624,51,6528
625,50,6400
626,53,6784
627,53,6784
628,52,6656
629,51,6528
630,51,6528
631,50,6400
632,50,6400
633,50,6400
634,51,6528
635,51,6528
636,51,6528
637,51,6528
638,51,6528
639,51,6528
640,52,6656
641,51,6528
642,51,6528
643,51,6528
644,52,6656
645,50,6400
646,49,6272
647,49,6272
648,49,6272
649,50,6400
650,51,6528
651,51,6528
652,48,6144
653,50,6400
654,48,6144
655,48,6144
656,49,6272
657,51,6528
658,49,6272
659,50,6400
660,50,6400
661,48,6144
662,49,6272
663,49,6272
664,49,6272
665,49,6272
666,49,6272
667,47,6016
668,49,6272
669,47,6016
670,49,6272
671,49,6272
672,49,6272
673,50,6400
674,50,6400
675,48,6144
676,48,6144
677,48,6144
678,49,6272
679,49,6272
680,49,6272
681,51,6528
682,51,6528
683,51,6528
684,51,6528
685,49,6272
686,49,6272
687,50,6400
688,51,6528
689,51,6528
690,52,6656
691,53,6784
692,53,6784
693,52,6656
694,51,6528
695,49,6272
696,49,6272
697,49,6272
698,49,6272
699,51,6528
700,50,6400
701,51,6528
702,50,6400
703,51,6528
704,50,6400
705,51,6528
706,51,6528
707,51,6528
708,51,6528
709,51,6528
710,52,6656
711,51,6528
712,53,6784
713,51,6528
714,51,6528
715,50,6400
716,49,6272
717,50,6400
718,50,6400
719,52,6656
720,50,6400
721,51,6528
722,52,6656
723,52,6656
724,51,6528
725,53,6784
726,51,6528
727,52,6656
728,52,6656
729,53,6784
730,51,6528
731,52,6656
732,51,6528
733,51,6528
734,50,6400
735,53,6784
736,53,6784
737,50,6400
738,50,6400
739,51,6528
740,52,6656
741,51,6528
742,52,6656
743,51,6528
744,52,6656
745,52,6656
746,52,6656
747,51,6528
748,52,6656
749,53,6784
750,53,6784
751,53,6784
752,52,6656
753,50,6400
754,52,6656
755,51,6528
756,52,6656
757,52,6656
758,52,6656
759,52,6656
760,52,6656
761,51,6528
762,51,6528
763,52,6656
764,52,6656
765,53,6784
766,51,6528
767,50,6400
768,51,6528
769,51,6528
770,52,6656
771,50,6400
772,51,6528
773,52,6656
774,52,6656
775,52,6656
776,52,6656
777,53,6784
778,52,6656
779,52,6656
780,52,6656
781,52,6656
782,52,6656
783,51,6528
784,52,6656
785,50,6400
786,51,6528
787,51,6528
788,52,6656
789,52,6656
790,51,6528
791,50,6400
792,54,6912
793,54,6912
794,51,6528
795,50,6400
796,50,6400
797,51,6528
798,51,6528
799,51,6528
800,52,6656
801,52,6656
802,53,6784
803,52,6656
804,50,6400
805,50,6400
806,51,6528
807,51,6528
808,50,6400
809,50,6400
810,50,6400
811,50,6400
812,50,6400
813,52,6656
814,53,6784
815,52,6656
816,52,6656
817,52,6656
818,51,6528
819,52,6656
820,52,6656
821,52,6656
822,52,6656
823,52,6656
824,52,6656
825,52,6656
826,53,6784
827,53,6784
828,53,6784
829,53,6784
830,53,6784
831,53,6784
832,52,6656
833,52,6656
834,52,6656
835,53,6784
836,53,6784
837,51,6528
838,53,6784
839,52,6656
840,54,6912
841,52,6656
842,51,6528
843,51,6528
844,51,6528
845,51,6528
846,52,6656
847,52,6656
848,52,6656
849,52,6656
850,53,6784
851,53,6784
852,53,6784
853,54,6912
854,54,6912
855,55,7040
856,54,6912
857,52,6656
858,53,6784
859,53,6784
860,53,6784
861,53,6784
862,53,6784
863,53,6784
864,53,6784
865,51,6528
866,52,6656
867,53,6784
868,53,6784
869,53,6784
870,53,6784
871,53,6784
872,53,6784
873,54,6912
874,53,6784
875,54,6912
876,54,6912
877,54,6912
878,54,6912
879,54,6912
880,53,6784
881,54,6912
882,58,7424
883,58,7424
884,58,7424
885,58,7424
886,57,7296
887,56,7168
888,56,7168
889,56,7168
890,57,7296
891,56,7168
892,56,7168
893,57,7296
894,56,7168
895,57,7296
896,57,7296
897,56,7168
898,56,7168
899,56,7168
900,56,7168
901,56,7168
902,57,7296
903,55,7040
904,56,7168
905,56,7168
906,55,7040
907,55,7040
908,55,7040
909,55,7040
910,55,7040
911,56,7168
912,58,7424
913,58,7424
914,58,7424
915,57,7296
916,57,7296
917,57,7296
918,56,7168
919,56,7168
920,56,7168
921,57,7296
922,55,7040
923,57,7296
924,55,7040
925,55,7040
926,56,7168
927,55,7040
928,56,7168
929,56,7168
930,55,7040
931,56,7168
932,56,7168
933,56,7168
934,57,7296
935,57,7296
936,57,7296
937,57,7296
938,56,7168
939,56,7168
940,56,7168
941,56,7168
942,56,7168
943,57,7296
944,57,7296
945,57,7296
946,56,7168
947,57,7296
948,57,7296
949,57,7296
950,56,7168
951,56,7168
952,57,7296
953,57,7296
954,57,7296
955,55,7040
956,55,7040
957,55,7040
958,55,7040
959,55,7040
960,56,7168
961,56,7168
962,55,7040
963,55,7040
964,54,6912
965,55,7040
966,57,7296
967,55,7040
968,54,6912
969,57,7296
970,56,7168
971,56,7168
972,55,7040
973,55,7040
974,55,7040
975,52,6656
976,53,6784
977,54,6912
978,55,7040
979,52,6656
980,55,7040
981,54,6912
982,54,6912
983,54,6912
984,54,6912
985,54,6912
986,53,6784
987,54,6912
988,54,6912
989,55,7040
990,54,6912
991,54,6912
992,55,7040
993,53,6784
994,53,6784
995,53,6784
996,53,6784
997,53,6784
998,54,6912
999,53,6784
1000,54,6912
1001,53,6784
1002,55,7040
1003,54,6912
1004,55,7040
1005,55,7040
1006,55,7040
1007,55,7040
1008,52,6656
1009,52,6656
1010,52,6656
1011,53,6784
1012,53,6784
1013,54,6912
1014,54,6912
1015,54,6912
1016,53,6784
1017,53,6784
1018,54,6912
1019,54,6912
1020,53,6784
1021,54,6912
1022,55,7040
1023,54,6912
1024,52,6656
1025,52,6656
1026,52,6656
1027,54,6912
1028,54,6912
1029,52,6656
1030,53,6784
1031,52,6656
1032,54,6912
1033,54,6912
1034,54,6912
1035,52,6656
1036,52,6656
1037,53,6784
1038,52,6656
1039,53,6784
1040,56,7168
1041,54,6912
1042,54,6912
1043,56,7168
1044,56,7168
1045,56,7168
1046,56,7168
1047,56,7168
1048,56,7168
1049,55,7040
1050,55,7040
1051,55,7040
1052,55,7040
1053,55,7040
1054,56,7168
1055,56,7168
1056,56,7168
1057,56,7168
1058,54,6912
1059,55,7040
1060,55,7040
1061,54,6912
1062,54,6912
1063,55,7040
1064,55,7040
1065,54,6912
1066,54,6912
1067,56,7168
1068,56,7168
1069,57,7296
1070,57,7296
1071,54,6912
1072,55,7040
1073,53,6784
1074,53,6784
1075,53,6784
1076,54,6912
1077,53,6784
1078,53,6784
1079,52,6656
1080,52,6656
1081,52,6656
1082,52,6656
1083,52,6656
1084,52,6656
1085,52,6656
1086,53,6784
1087,53,6784
1088,54,6912
1089,53,6784
1090,52,6656
1091,52,6656
1092,52,6656
1093,52,6656
1094,52,6656
1095,51,6528
1096,52,6656
1097,52,6656
1098,52,6656
1099,51,6528
1100,51,6528
1101,52,6656
1102,51,6528
1103,52,6656
1104,53,6784
1105,52,6656
1106,51,6528
1107,54,6912
1108,53,6784
1109,51,6528
1110,52,6656
1111,54,6912
1112,52,6656
1113,53,6784
1114,53,6784
1115,53,6784
1116,54,6912
1117,53,6784
1118,54,6912
1119,53,6784
1120,53,6784
1121,53,6784
1122,53,6784
1123,54,6912
1124,55,7040
1125,55,7040
1126,53,6784
1127,53,6784
1128,52,6656
1129,54,6912
1130,55,7040
1131,55,7040
1132,55,7040
1133,55,7040
1134,54,6912
1135,55,7040
1136,55,7040
1137,55,7040
1138,55,7040
1139,55,7040
1140,55,7040
1141,55,7040
1142,54,6912
1143,55,7040
1144,55,7040
1145,55,7040
1146,56,7168
1147,55,7040
1148,54,6912
1149,55,7040
1150,55,7040
1151,56,7168
1152,55,7040
1153,55,7040
1154,55,7040
1155,55,7040
1156,56,7168
1157,56,7168
1158,56,7168
1159,56,7168
1160,54,6912
1161,54,6912
1162,54,6912
1163,55,7040
1164,56,7168
1165,54,6912
1166,54,6912
1167,54,6912
1168,53,6784
1169,54,6912
1170,54,6912
1171,54,6912
1172,55,7040
1173,54,6912
1174,54,6912
1175,54,6912
1176,54,6912
1177,54,6912
1178,54,6912
1179,54,6912
1180,55,7040
1181,56,7168
1182,57,7296
1183,56,7168
1184,55,7040
1185,55,7040
1186,56,7168
1187,56,7168
1188,57,7296
1189,56,7168
1190,55,7040
1191,54,6912
1192,54,6912
1193,54,6912
1194,54,6912
1195,55,7040
1196,52,6656
1197,52,6656
1198,52,6656
1199,52,6656
1200,51,6528
1201,51,6528
1202,51,6528
1203,52,6656
1204,51,6528
1205,51,6528
1206,52,6656
1207,52,6656
1208,52,6656
1209,51,6528
1210,52,6656
1211,52,6656
1212,54,6912
1213,52,6656
1214,51,6528
1215,51,6528
1216,53,6784
1217,51,6528
1218,52,6656
1219,53,6784
1220,52,6656
1221,49,6272
1222,51,6528
1223,51,6528
1224,49,6272
1225,50,6400
1226,51,6528
1227,51,6528
1228,51,6528
1229,51,6528
1230,50,6400
1231,50,6400
1232,51,6528
1233,52,6656
1234,51,6528
1235,50,6400
1236,53,6784
1237,52,6656
1238,52,6656
1239,50,6400
1240,50,6400
1241,51,6528
1242,50,6400
1243,52,6656
1244,53,6784
1245,51,6528
1246,50,6400
1247,50,6400
1248,50,6400
1249,50,6400
1250,51,6528
1251,51,6528
1252,52,6656
1253,52,6656
1254,53,6784
1255,53,6784
1256,53,6784
1257,55,7040
1258,53,6784
1259,54,6912
1260,53,6784
1261,53,6784
1262,53,6784
1263,53,6784
1264,51,6528
1265,52,6656
1266,52,6656
1267,51,6528
1268,52,6656
1269,51,6528
1270,51,6528
1271,51,6528
1272,51,6528
1273,52,6656
1274,51,6528
1275,52,6656
1276,52,6656
1277,52,6656
1278,53,6784
1279,52,6656
1280,52,6656
1281,53,6784
1282,53,6784
1283,53,6784
1284,52,6656
1285,52,6656
1286,53,6784
1287,54,6912
1288,53,6784
1289,52,6656
1290,53,6784
1291,53,6784
1292,54,6912
1293,53,6784
1294,55,7040
1295,54,6912
1296,50,6400
1297,51,6528
1298,50,6400
1299,50,6400
1300,50,6400
1301,50,6400
1302,50,6400
1303,49,6272
1304,50,6400
1305,52,6656
1306,51,6528
1307,51,6528
1308,51,6528
1309,51,6528
1310,50,6400
1311,50,6400
1312,50,6400
1313,51,6528
1314,51,6528
1315,52,6656
1316,52,6656
1317,52,6656
1318,54,6912
1319,53,6784
1320,53,6784
1321,53,6784
1322,56,7168
1323,53,6784
1324,54,6912
1325,54,6912
1326,57,7296
1327,55,7040
1328,55,7040
1329,55,7040
1330,54,6912
1331,54,6912
1332,53,6784
1333,54,6912
1334,54,6912
1335,55,7040
1336,54,6912
1337,54,6912
1338,55,7040
1339,54,6912
1340,55,7040
1341,53,6784
1342,55,7040
1343,55,7040
1344,56,7168
1345,55,7040
1346,55,7040
1347,55,7040
1348,55,7040
1349,55,7040
1350,54,6912
1351,54,6912
1352,52,6656
1353,53,6784
1354,53,6784
1355,53,6784
1356,53,6784
1357,53,6784
1358,53,6784
1359,52,6656
1360,51,6528
1361,52,6656
1362,51,6528
1363,52,6656
1364,52,6656
1365,53,6784
1366,52,6656
1367,52,6656
1368,52,6656
1369,52,6656
1370,52,6656
1371,52,6656
1372,51,6528
1373,53,6784
1374,53,6784
1375,53,6784
1376,49,6272
1377,50,6400
1378,51,6528
1379,51,6528
1380,51,6528
1381,51,6528
1382,51,6528
1383,51,6528
1384,51,6528
1385,52,6656
1386,51,6528
1387,51,6528
1388,52,6656
1389,52,6656
1390,53,6784
1391,53,6784
1392,53,6784
1393,53,6784
1394,53,6784
1395,54,6912
1396,54,6912
1397,52,6656
1398,53,6784
1399,54,6912
1400,53,6784
1401,54,6912
1402,54,6912
1403,53,6784
1404,53,6784
1405,53,6784
1406,53,6784
1407,53,6784
1408,54,6912
1409,53,6784
1410,52,6656
1411,53,6784
1412,54,6912
1413,54,6912
1414,53,6784
1415,54,6912
1416,54,6912
1417,56,7168
1418,57,7296
1419,57,7296
1420,53,6784
1421,53,6784
1422,53,6784
1423,53,6784
1424,53,6784
1425,52,6656
1426,53,6784
1427,52,6656
1428,53,6784
1429,54,6912
1430,52,6656
1431,51,6528
1432,51,6528
1433,50,6400
1434,50,6400
1435,51,6528
1436,51,6528
1437,51,6528
1438,50,6400
1439,49,6272
1440,50,6400
1441,52,6656
1442,51,6528
1443,51,6528
1444,51,6528
1445,50,6400
1446,50,6400
1447,51,6528
1448,51,6528
1449,51,6528
1450,51,6528
1451,51,6528
1452,52,6656
1453,52,6656
1454,52,6656
1455,53,6784
1456,51,6528
1457,52,6656
1458,51,6528
1459,50,6400
1460,50,6400
1461,49,6272
1462,50,6400
1463,50,6400
1464,49,6272
1465,50,6400
1466,50,6400
1467,50,6400
1468,50,6400
1469,49,6272
1470,49,6272
1471,50,6400
1472,50,6400
1473,51,6528
1474,50,6400
1475,49,6272
1476,49,6272
1477,50,6400
1478,51,6528
1479,51,6528
1480,49,6272
1481,50,6400
1482,49,6272
1483,49,6272
1484,50,6400
1485,49,6272
1486,51,6528
1487,51,6528
1488,49,6272
1489,48,6144
1490,49,6272
1491,49,6272
1492,50,6400
1493,50,6400
1494,50,6400
1495,49,6272
1496,51,6528
1497,50,6400
1498,51,6528
1499,51,6528
1500,51,6528
1501,51,6528
1502,52,6656
1503,52,6656
1504,52,6656
1505,52,6656
1506,53,6784
1507,52,6656
1508,52,6656
1509,53,6784
1510,53,6784
1511,52,6656
1512,52,6656
1513,52,6656
1514,53,6784
1515,52,6656
1516,52,6656
1517,52,6656
1518,53,6784
1519,53,6784
1520,54,6912
1521,55,7040
1522,54,6912
1523,54,6912
1524,54,6912
1525,53,6784
1526,53,6784
1527,53,6784
1528,56,7168
1529,54,6912
1530,53,6784
1531,53,6784
1532,53,6784
1533,53,6784
1534,53,6784
1535,54,6912
1536,55,7040
1537,53,6784
1538,53,6784
1539,54,6912
1540,53,6784
1541,55,7040
1542,55,7040
1543,54,6912
1544,54,6912
1545,54,6912
1546,54,6912
1547,55,7040
1548,54,6912
1549,53,6784
1550,53,6784
1551,53,6784
1552,52,6656
1553,52,6656
1554,54,6912
1555,53,6784
1556,54,6912
1557,53,6784
1558,54,6912
1559,53,6784
1560,53,6784
1561,53,6784
1562,53,6784
1563,54,6912
1564,53,6784
1565,53,6784
1566,53,6784
1567,54,6912
1568,54,6912
1569,55,7040
1570,55,7040
1571,55,7040
1572,54,6912
1573,56,7168
1574,54,6912
1575,55,7040
1576,55,7040
1577,55,7040
1578,55,7040
1579,54,6912
1580,55,7040
1581,55,7040
1582,55,7040
1583,56,7168
1584,56,7168
1585,57,7296
1586,54,6912
1587,55,7040
1588,55,7040
1589,56,7168
1590,55,7040
1591,55,7040
1592,55,7040
1593,55,7040
1594,56,7168
1595,56,7168
1596,55,7040
1597,56,7168
1598,57,7296
1599,56,7168
1600,55,7040
1601,56,7168
1602,56,7168
1603,54,6912
1604,55,7040
1605,54,6912
1606,54,6912
1607,55,7040
1608,55,7040
1609,54,6912
1610,54,6912
1611,54,6912
1612,54,6912
1613,54,6912
1614,53,6784
1615,52,6656
1616,52,6656
1617,51,6528
1618,52,6656
1619,52,6656
1620,52,6656
1621,51,6528
1622,50,6400
1623,51,6528
1624,50,6400
1625,51,6528
1626,51,6528
1627,51,6528
1628,50,6400
1629,50,6400
1630,50,6400
1631,51,6528
1632,53,6784
1633,52,6656
1634,52,6656
1635,52,6656
1636,53,6784
1637,51,6528
1638,52,6656
1639,52,6656
1640,52,6656
1641,53,6784
1642,52,6656
1643,54,6912
1644,54,6912
1645,55,7040
1646,53,6784
1647,53,6784
1648,53,6784
1649,52,6656
1650,52,6656
1651,51,6528
1652,53,6784
1653,54,6912
1654,52,6656
1655,52,6656
1656,52,6656
1657,51,6528
1658,53,6784
1659,53,6784
1660,51,6528
1661,52,6656
1662,53,6784
1663,53,6784
1664,53,6784
1665,55,7040
1666,55,7040
1667,55,7040
1668,53,6784
1669,53,6784
1670,53,6784
1671,55,7040
1672,55,7040
1673,54,6912
1674,56,7168
1675,54,6912
1676,53,6784
1677,54,6912
1678,56,7168
1679,55,7040
1680,55,7040
1681,55,7040
1682,56,7168
1683,56,7168
1684,55,7040
1685,56,7168
1686,54,6912
1687,53,6784
1688,53,6784
1689,53,6784
1690,56,7168
1691,56,7168
1692,55,7040
1693,55,7040
1694,55,7040
1695,52,6656
1696,54,6912
1697,54,6912
1698,54,6912
1699,53,6784
1700,52,6656
1701,52,6656
1702,52,6656
1703,52,6656
1704,52,6656
1705,54,6912
1706,52,6656
1707,52,6656
1708,51,6528
1709,52,6656
1710,52,6656
1711,52,6656
1712,51,6528
1713,53,6784
1714,50,6400
1715,50,6400
1716,51,6528
1717,52,6656
1718,50,6400
1719,51,6528
1720,51,6528
1721,50,6400
1722,51,6528
1723,51,6528
1724,50,6400
1725,51,6528
1726,51,6528
1727,49,6272
1728,50,6400
1729,52,6656
1730,52,6656
1731,53,6784
1732,53,6784
1733,53,6784
1734,54,6912
1735,52,6656
1736,53,6784
1737,54,6912
1738,53,6784
1739,53,6784
1740,56,7168
1741,56,7168
1742,57,7296
1743,56,7168
1744,56,7168
1745,56,7168
1746,56,7168
1747,57,7296
1748,54,6912
1749,53,6784
1750,53,6784
1751,54,6912
1752,53,6784
1753,53,6784
1754,54,6912
1755,55,7040
1756,54,6912
1757,55,7040
1758,55,7040
1759,56,7168
1760,55,7040
1761,55,7040
1762,54,6912
1763,56,7168
1764,54,6912
1765,53,6784
1766,54,6912
1767,54,6912
1768,54,6912
1769,54,6912
1770,54,6912
1771,54,6912
1772,54,6912
1773,55,7040
1774,54,6912
1775,55,7040
1776,56,7168
1777,56,7168
1778,57,7296
1779,57,7296
1780,56,7168
1781,56,7168
1782,56,7168
1783,57,7296
1784,56,7168
1785,55,7040
1786,55,7040
1787,54,6912
1788,54,6912
1789,56,7168
1790,55,7040
1791,56,7168
1792,56,7168
1793,55,7040
1794,56,7168
1795,56,7168
1796,55,7040
1797,56,7168
1798,56,7168
1799,56,7168
1800,57,7296
1801,56,7168
1802,56,7168
1803,56,7168
1804,56,7168
1805,56,7168
1806,55,7040
1807,55,7040
1808,56,7168
1809,57,7296
1810,55,7040
1811,54,6912
1812,54,6912
1813,54,6912
1814,54,6912
1815,54,6912
1816,54,6912
1817,53,6784
1818,53,6784
1819,52,6656
1820,53,6784
1821,53,6784
1822,53,6784
1823,53,6784
1824,53,6784
1825,53,6784
1826,53,6784
1827,53,6784
1828,53,6784
1829,52,6656
1830,53,6784
1831,53,6784
1832,53,6784
1833,54,6912
1834,53,6784
1835,52,6656
1836,51,6528
1837,51,6528
1838,51,6528
1839,51,6528
1840,51,6528
1841,52,6656
1842,50,6400
1843,50,6400
1844,51,6528
1845,51,6528
1846,50,6400
1847,50,6400
1848,50,6400
1849,51,6528
1850,50,6400
1851,49,6272
1852,49,6272
1853,50,6400
1854,50,6400
1855,51,6528
1856,50,6400
1857,49,6272
1858,49,6272
1859,50,6400
1860,50,6400
1861,49,6272
1862,50,6400
1863,49,6272
1864,49,6272
1865,47,6016
1866,48,6144
1867,48,6144
1868,47,6016
1869,48,6144
1870,49,6272
1871,48,6144
1872,49,6272
1873,50,6400
1874,49,6272
1875,49,6272
1876,49,6272
1877,51,6528
1878,51,6528
1879,51,6528
1880,52,6656
1881,51,6528
1882,48,6144
1883,49,6272
1884,49,6272
1885,53,6784
1886,53,6784
1887,53,6784
1888,54,6912
1889,54,6912
1890,53,6784
1891,53,6784
1892,52,6656
1893,50,6400
1894,50,6400
1895,51,6528
1896,51,6528
1897,51,6528
1898,52,6656
1899,52,6656
1900,55,7040
1901,50,6400
1902,52,6656
1903,51,6528
1904,52,6656
1905,53,6784
1906,51,6528
1907,52,6656
1908,52,6656
1909,52,6656
1910,52,6656
1911,53,6784
1912,52,6656
1913,51,6528
1914,52,6656
1915,52,6656
1916,53,6784
1917,55,7040
1918,51,6528
1919,52,6656
1920,52,6656
1921,52,6656
1922,53,6784
1923,53,6784
1924,51,6528
1925,50,6400
1926,50,6400
1927,51,6528
1928,52,6656
1929,50,6400
1930,52,6656
1931,49,6272
1932,48,6144
1933,50,6400
1934,50,6400
1935,50,6400
1936,50,6400
1937,50,6400
1938,50,6400
1939,49,6272
1940,50,6400
1941,49,6272
1942,50,6400
1943,49,6272
1944,51,6528
1945,50,6400
1946,49,6272
1947,49,6272
1948,50,6400
1949,51,6528
1950,52,6656
1951,53,6784
1952,52,6656
1953,51,6528
1954,51,6528
1955,48,6144
1956,50,6400
1957,49,6272
1958,50,6400
1959,50,6400
1960,50,6400
1961,50,6400
1962,49,6272
1963,50,6400
1964,49,6272
1965,49,6272
1966,47,6016
1967,48,6144
1968,48,6144
1969,47,6016
1970,48,6144
1971,47,6016
1972,46,5888
1973,47,6016
1974,46,5888
1975,47,6016
1976,47,6016
1977,47,6016
1978,47,6016
1979,48,6144
1980,48,6144
1981,47,6016
1982,48,6144
1983,49,6272
1984,48,6144
1985,48,6144
1986,48,6144
1987,47,6016
1988,48,6144
1989,48,6144
1990,49,6272
1991,48,6144
1992,48,6144
1993,48,6144
1994,50,6400
1995,49,6272
1996,48,6144
1997,48,6144
1998,48,6144
1999,49,6272
2000,48,6144
