RandomSeed,17229,Population size:128,Bit Length:64,Crossover Rate:0.7,Mutation Rate:0.005
gen,BestFitness,FitnessEval
1,46,5888
2,43,5504
3,44,5632
4,45,5760
5,44,5632
6,43,5504
7,46,5888
8,45,5760
9,45,5760
10,46,5888
11,45,5760
12,43,5504
13,44,5632
14,44,5632
15,44,5632
16,44,5632
17,45,5760
18,45,5760
19,45,5760
20,47,6016
21,45,5760
22,45,5760
23,47,6016
24,45,5760
25,44,5632
26,45,5760
27,45,5760
28,46,5888
29,45,5760
30,46,5888
31,46,5888
32,46,5888
33,46,5888
34,46,5888
35,43,5504
36,44,5632
37,44,5632
38,44,5632
39,44,5632
40,44,5632
41,45,5760
42,45,5760
43,45,5760
44,46,5888
45,45,5760
46,46,5888
47,45,5760
48,46,5888
49,47,6016
50,48,6144
51,46,5888
52,45,5760
53,46,5888
54,46,5888
55,47,6016
56,47,6016
57,47,6016
58,47,6016
59,47,6016
60,46,5888
61,46,5888
62,46,5888
63,47,6016
64,46,5888
65,45,5760
66,46,5888
67,46,5888
68,46,5888
69,46,5888
70,47,6016
71,46,5888
72,45,5760
73,46,5888
74,45,5760
75,44,5632
76,43,5504
77,46,5888
78,46,5888
79,45,5760
80,46,5888
81,46,5888
82,47,6016
83,47,6016
84,45,5760
85,47,6016
86,47,6016
87,45,5760
88,46,5888
89,47,6016
90,46,5888
91,47,6016
92,47,6016
93,47,6016
94,46,5888
95,46,5888
96,46,5888
97,48,6144
98,49,6272
99,47,6016
100,47,6016
101,49,6272
102,49,6272
103,46,5888
104,46,5888
105,48,6144
106,49,6272
107,49,6272
108,47,6016
109,45,5760
110,45,5760
111,46,5888
112,47,6016
113,47,6016
114,47,6016
115,47,6016
116,46,5888
117,48,6144
118,48,6144
119,48,6144
120,48,6144
121,48,6144
122,48,6144
123,46,5888
124,47,6016
125,47,6016
126,46,5888
127,49,6272
128,49,6272
129,49,6272
130,48,6144
131,48,6144
132,49,6272
133,49,6272
134,49,6272
135,47,6016
136,48,6144
137,48,6144
138,49,6272
139,50,6400
140,51,6528
141,51,6528
142,50,6400
143,49,6272
144,49,6272
145,50,6400
146,49,6272
147,50,6400
148,50,6400
149,50,6400
150,49,6272
151,49,6272
152,49,6272
153,48,6144
154,48,6144
155,48,6144
156,48,6144
157,48,6144
158,49,6272
159,49,6272
160,49,6272
161,50,6400
162,49,6272
163,50,6400
164,51,6528
165,52,6656
166,49,6272
167,49,6272
168,49,6272
169,49,6272
170,50,6400
171,52,6656
172,52,6656
173,51,6528
174,50,6400
175,50,6400
176,50,6400
177,50,6400
178,49,6272
179,50,6400
180,50,6400
181,47,6016
182,47,6016
183,48,6144
184,49,6272
185,49,6272
186,48,6144
187,48,6144
188,48,6144
189,48,6144
190,49,6272
191,48,6144
192,48,6144
193,48,6144
194,48,6144
195,49,6272
196,48,6144
197,48,6144
198,50,6400
199,49,6272
200,47,6016
201,48,6144
202,47,6016
203,48,6144
204,48,6144
205,48,6144
206,49,6272
207,49,6272
208,50,6400
209,50,6400
210,50,6400
211,51,6528
212,50,6400
213,50,6400
214,49,6272
215,51,6528
216,50,6400
217,51,6528
218,51,6528
219,54,6912
220,55,7040
221,52,6656
222,51,6528
223,51,6528
224,50,6400
225,51,6528
226,51,6528
227,50,6400
228,49,6272
229,52,6656
230,50,6400
231,51,6528
232,49,6272
233,49,6272
234,50,6400
235,50,6400
236,52,6656
237,50,6400
238,51,6528
239,51,6528
240,52,6656
241,52,6656
242,52,6656
243,50,6400
244,51,6528
245,50,6400
246,51,6528
247,50,6400
248,50,6400
249,49,6272
250,50,6400
251,49,6272
252,50,6400
253,50,6400
254,51,6528
255,50,6400
256,50,6400
257,51,6528
258,51,6528
259,52,6656
260,51,6528
261,51,6528
262,53,6784
263,52,6656
264,51,6528
265,50,6400
266,50,6400
267,51,6528
268,49,6272
269,51,6528
270,50,6400
271,50,6400
272,49,6272
273,49,6272
274,50,6400
275,50,6400
276,51,6528
277,50,6400
278,50,6400
279,50,6400
280,51,6528
281,50,6400
282,51,6528
283,51,6528
284,51,6528
285,51,6528
286,52,6656
287,51,6528
288,52,6656
289,52,6656
290,51,6528
291,52,6656
292,52,6656
293,52,6656
294,53,6784
295,52,6656
296,51,6528
297,53,6784
298,52,6656
299,52,6656
300,51,6528
301,52,6656
302,50,6400
303,51,6528
304,50,6400
305,50,6400
306,51,6528
307,52,6656
308,52,6656
309,52,6656
310,53,6784
311,52,6656
312,53,6784
313,53,6784
314,54,6912
315,53,6784
316,52,6656
317,53,6784
318,53,6784
319,54,6912
320,53,6784
321,53,6784
322,52,6656
323,50,6400
324,52,6656
325,51,6528
326,51,6528
327,52,6656
328,53,6784
329,54,6912
330,52,6656
331,52,6656
332,52,6656
333,53,6784
334,52,6656
335,52,6656
336,53,6784
337,53,6784
338,53,6784
339,54,6912
340,52,6656
341,52,6656
342,51,6528
343,54,6912
344,54,6912
345,50,6400
346,51,6528
347,52,6656
348,51,6528
349,52,6656
350,52,6656
351,51,6528
352,51,6528
353,52,6656
354,52,6656
355,52,6656
356,52,6656
357,51,6528
358,52,6656
359,52,6656
360,52,6656
361,53,6784
362,52,6656
363,51,6528
364,50,6400
365,50,6400
366,50,6400
367,51,6528
368,51,6528
369,51,6528
370,52,6656
371,52,6656
372,52,6656
373,51,6528
374,53,6784
375,53,6784
376,54,6912
377,54,6912
378,51,6528
379,52,6656
380,52,6656
381,52,6656
382,52,6656
383,52,6656
384,53,6784
385,54,6912
386,54,6912
387,56,7168
388,55,7040
389,55,7040
390,54,6912
391,55,7040
392,54,6912
393,56,7168
394,57,7296
395,55,7040
396,54,6912
397,55,7040
398,55,7040
399,55,7040
400,55,7040
401,55,7040
402,55,7040
403,57,7296
404,57,7296
405,58,7424
406,57,7296
407,54,6912
408,56,7168
409,55,7040
410,55,7040
411,56,7168
412,56,7168
413,55,7040
414,56,7168
415,56,7168
416,56,7168
417,56,7168
418,56,7168
419,56,7168
420,56,7168
421,56,7168
422,56,7168
423,56,7168
424,56,7168
425,55,7040
426,55,7040
427,56,7168
428,55,7040
429,55,7040
430,55,7040
431,56,7168
432,55,7040
433,56,7168
434,56,7168
435,56,7168
436,55,7040
437,56,7168
438,56,7168
439,56,7168
440,56,7168
441,56,7168
442,54,6912
443,55,7040
444,55,7040
445,54,6912
446,54,6912
447,55,7040
448,54,6912
449,53,6784
450,54,6912
451,55,7040
452,55,7040
453,55,7040
454,54,6912
455,56,7168
456,55,7040
457,55,7040
458,54,6912
459,55,7040
460,53,6784
461,54,6912
462,55,7040
463,53,6784
464,54,6912
465,53,6784
466,54,6912
467,53,6784
468,53,6784
469,54,6912
470,54,6912
471,54,6912
472,54,6912
473,54,6912
474,54,6912
475,53,6784
476,53,6784
477,53,6784
478,55,7040
479,53,6784
480,54,6912
481,53,6784
482,55,7040
483,55,7040
484,55,7040
485,55,7040
486,54,6912
487,54,6912
488,55,7040
489,55,7040
490,54,6912
491,54,6912
492,54,6912
493,54,6912
494,53,6784
495,53,6784
496,53,6784
497,53,6784
498,53,6784
499,53,6784
500,53,6784
501,52,6656
502,52,6656
503,52,6656
504,53,6784
505,53,6784
506,52,6656
507,53,6784
508,53,6784
509,55,7040
510,51,6528
511,51,6528
512,52,6656
513,53,6784
514,52,6656
515,54,6912
516,53,6784
517,52,6656
518,52,6656
519,52,6656
520,53,6784
521,51,6528
522,51,6528
523,51,6528
524,51,6528
525,51,6528
526,51,6528
527,52,6656
528,53,6784
529,54,6912
530,52,6656
531,52,6656
532,52,6656
533,52,6656
534,52,6656
535,53,6784
536,53,6784
537,53,6784
538,52,6656
539,52,6656
540,50,6400
541,50,6400
542,51,6528
543,51,6528
544,50,6400
545,50,6400
546,50,6400
547,51,6528
548,50,6400
549,50,6400
550,51,6528
551,50,6400
552,52,6656
553,52,6656
554,53,6784
555,51,6528
556,51,6528
557,51,6528
558,51,6528
559,51,6528
560,51,6528
561,52,6656
562,52,6656
563,52,6656
564,52,6656
565,53,6784
566,53,6784
567,52,6656
568,52,6656
569,52,6656
570,52,6656
571,51,6528
572,51,6528
573,50,6400
574,52,6656
575,51,6528
576,51,6528
577,50,6400
578,51,6528
579,52,6656
580,51,6528
581,51,6528
582,51,6528
583,51,6528
584,50,6400
585,51,6528
586,53,6784
587,53,6784
588,52,6656
589,53,6784
590,51,6528
591,53,6784
592,51,6528
593,51,6528
594,53,6784
595,53,6784
596,53,6784
597,54,6912
598,54,6912
599,54,6912
600,55,7040
601,54,6912
602,54,6912
603,54,6912
604,53,6784
605,54,6912
606,54,6912
607,55,7040
608,53,6784
609,53,6784
610,53,6784
611,53,6784
612,53,6784
613,54,6912
614,53,6784
615,53,6784
616,54,6912
617,53,6784
618,54,6912
619,54,6912
620,54,6912
621,54,6912
622,54,6912
623,54,6912
624,54,6912
625,55,7040
626,54,6912
627,54,6912
628,54,6912
629,55,7040
630,53,6784
631,54,6912
632,53,6784
633,53,6784
634,53,6784
635,54,6912
636,54,6912
637,54,6912
638,53,6784
639,53,6784
640,54,6912
641,54,6912
642,52,6656
643,51,6528
644,51,6528
645,53,6784
646,52,6656
647,51,6528
648,52,6656
649,53,6784
650,53,6784
651,54,6912
652,54,6912
653,54,6912
654,54,6912
655,53,6784
656,53,6784
657,53,6784
658,54,6912
659,55,7040
660,55,7040
661,53,6784
662,56,7168
663,55,7040
664,55,7040
665,57,7296
666,54,6912
667,55,7040
668,55,7040
669,54,6912
670,54,6912
671,54,6912
672,55,7040
673,54,6912
674,54,6912
675,55,7040
676,54,6912
677,54,6912
678,54,6912
679,53,6784
680,54,6912
681,53,6784
682,54,6912
683,55,7040
684,56,7168
685,55,7040
686,55,7040
687,54,6912
688,54,6912
689,55,7040
690,53,6784
691,53,6784
692,52,6656
693,53,6784
694,53,6784
695,53,6784
696,53,6784
697,52,6656
698,52,6656
699,52,6656
700,52,6656
701,52,6656
702,52,6656
703,51,6528
704,53,6784
705,53,6784
706,52,6656
707,52,6656
708,53,6784
709,52,6656
710,53,6784
711,53,6784
712,54,6912
713,55,7040
714,54,6912
715,54,6912
716,54,6912
717,54,6912
718,54,6912
719,55,7040
720,53,6784
721,55,7040
722,54,6912
723,54,6912
724,54,6912
725,53,6784
726,53,6784
727,54,6912
728,53,6784
729,53,6784
730,54,6912
731,54,6912
732,53,6784
733,53,6784
734,53,6784
735,54,6912
736,54,6912
737,54,6912
738,55,7040
739,55,7040
740,54,6912
741,55,7040
742,52,6656
743,53,6784
744,54,6912
745,54,6912
746,53,6784
747,52,6656
748,52,6656
749,54,6912
750,55,7040
751,56,7168
752,55,7040
753,55,7040
754,55,7040
755,54,6912
756,55,7040
757,56,7168
758,54,6912
759,54,6912
760,54,6912
761,54,6912
762,57,7296
763,55,7040
764,55,7040
765,54,6912
766,53,6784
767,55,7040
768,56,7168
769,56,7168
770,55,7040
771,55,7040
772,54,6912
773,54,6912
774,55,7040
775,54,6912
776,54,6912
777,54,6912
778,53,6784
779,53,6784
780,54,6912
781,54,6912
782,54,6912
783,54,6912
784,54,6912
785,54,6912
786,53,6784
787,53,6784
788,53,6784
789,53,6784
790,53,6784
791,53,6784
792,54,6912
793,54,6912
794,54,6912
795,54,6912
796,54,6912
797,54,6912
798,54,6912
799,54,6912
800,54,6912
801,55,7040
802,53,6784
803,53,6784
804,51,6528
805,51,6528
806,52,6656
807,52,6656
808,52,6656
809,52,6656
810,52,6656
811,53,6784
812,52,6656
813,51,6528
814,52,6656
815,52,6656
816,54,6912
817,52,6656
818,55,7040
819,53,6784
820,52,6656
821,52,6656
822,51,6528
823,54,6912
824,50,6400
825,50,6400
826,50,6400
827,50,6400
828,50,6400
829,50,6400
830,50,6400
831,51,6528
832,50,6400
833,50,6400
834,50,6400
835,52,6656
836,50,6400
837,51,6528
838,50,6400
839,50,6400
840,50,6400
841,50,6400
842,50,6400
843,50,6400
844,49,6272
845,50,6400
846,49,6272
847,50,6400
848,50,6400
849,52,6656
850,50,6400
851,52,6656
852,53,6784
853,53,6784
854,53,6784
855,53,6784
856,53,6784
857,53,6784
858,53,6784
859,54,6912
860,53,6784
861,53,6784
862,53,6784
863,51,6528
864,52,6656
865,52,6656
866,52,6656
867,51,6528
868,51,6528
869,51,6528
870,53,6784
871,54,6912
872,54,6912
873,52,6656
874,52,6656
875,52,6656
876,52,6656
877,52,6656
878,50,6400
879,52,6656
880,52,6656
881,51,6528
882,51,6528
883,51,6528
884,50,6400
885,51,6528
886,52,6656
887,51,6528
888,52,6656
889,52,6656
890,51,6528
891,50,6400
892,50,6400
893,50,6400
894,49,6272
895,51,6528
896,50,6400
897,49,6272
898,50,6400
899,50,6400
900,50,6400
901,49,6272
902,51,6528
903,52,6656
904,50,6400
905,50,6400
906,51,6528
907,51,6528
908,51,6528
909,53,6784
910,53,6784
911,52,6656
912,52,6656
913,53,6784
914,53,6784
915,52,6656
916,53,6784
917,53,6784
918,54,6912
919,52,6656
920,53,6784
921,53,6784
922,52,6656
923,52,6656
924,51,6528
925,52,6656
926,54,6912
927,54,6912
928,52,6656
929,52,6656
930,53,6784
931,52,6656
932,53,6784
933,52,6656
934,50,6400
935,50,6400
936,50,6400
937,49,6272
938,50,6400
939,50,6400
940,49,6272
941,51,6528
942,51,6528
943,50,6400
944,50,6400
945,51,6528
946,53,6784
947,50,6400
948,52,6656
949,51,6528
950,51,6528
951,51,6528
952,53,6784
953,53,6784
954,52,6656
955,53,6784
956,52,6656
957,51,6528
958,52,6656
959,52,6656
960,52,6656
961,52,6656
962,52,6656
963,52,6656
964,53,6784
965,52,6656
966,51,6528
967,51,6528
968,52,6656
969,52,6656
970,53,6784
971,54,6912
972,53,6784
973,53,6784
974,54,6912
975,53,6784
976,52,6656
977,52,6656
978,51,6528
979,51,6528
980,51,6528
981,51,6528
982,51,6528
983,51,6528
984,52,6656
985,51,6528
986,51,6528
987,51,6528
988,51,6528
989,51,6528
990,50,6400
991,52,6656
992,52,6656
993,52,6656
994,51,6528
995,52,6656
996,52,6656
997,50,6400
998,50,6400
999,51,6528
1000,50,6400
1001,50,6400
1002,50,6400
1003,50,6400
1004,50,6400
1005,50,6400
1006,51,6528
1007,50,6400
1008,50,6400
1009,51,6528
1010,50,6400
1011,52,6656
1012,51,6528
1013,51,6528
1014,51,6528
1015,52,6656
1016,50,6400
1017,50,6400
1018,50,6400
1019,51,6528
1020,50,6400
1021,51,6528
1022,51,6528
1023,53,6784
1024,52,6656
1025,51,6528
1026,54,6912
1027,52,6656
1028,52,6656
1029,52,6656
1030,51,6528
1031,51,6528
1032,51,6528
1033,50,6400
1034,49,6272
1035,51,6528
1036,52,6656
1037,52,6656
1038,53,6784
1039,52,6656
1040,51,6528
1041,49,6272
1042,50,6400
1043,50,6400
1044,50,6400
1045,53,6784
1046,50,6400
1047,49,6272
1048,49,6272
1049,49,6272
1050,50,6400
1051,48,6144
1052,49,6272
1053,50,6400
1054,50,6400
1055,49,6272
1056,50,6400
1057,49,6272
1058,49,6272
1059,50,6400
1060,49,6272
1061,49,6272
1062,49,6272
1063,49,6272
1064,51,6528
1065,50,6400
1066,49,6272
1067,49,6272
1068,50,6400
1069,50,6400
1070,51,6528
1071,51,6528
1072,52,6656
1073,51,6528
1074,51,6528
1075,51,6528
1076,51,6528
1077,52,6656
1078,52,6656
1079,50,6400
1080,49,6272
1081,49,6272
1082,50,6400
1083,50,6400
1084,50,6400
1085,51,6528
1086,49,6272
1087,50,6400
1088,50,6400
1089,51,6528
1090,51,6528
1091,52,6656
1092,50,6400
1093,50,6400
1094,52,6656
1095,53,6784
1096,50,6400
1097,50,6400
1098,49,6272
1099,49,6272
1100,50,6400
1101,50,6400
1102,50,6400
1103,49,6272
1104,48,6144
1105,48,6144
1106,48,6144
1107,48,6144
1108,48,6144
1109,47,6016
1110,48,6144
1111,49,6272
1112,48,6144
1113,46,5888
1114,47,6016
1115,47,6016
1116,47,6016
1117,47,6016
1118,47,6016
1119,47,6016
1120,48,6144
1121,47,6016
1122,47,6016
1123,46,5888
1124,46,5888
1125,45,5760
1126,45,5760
1127,46,5888
1128,46,5888
1129,46,5888
1130,45,5760
1131,45,5760
1132,45,5760
1133,46,5888
1134,46,5888
1135,46,5888
1136,46,5888
1137,45,5760
1138,45,5760
1139,46,5888
1140,48,6144
1141,48,6144
1142,48,6144
1143,48,6144
1144,47,6016
1145,47,6016
1146,46,5888
1147,49,6272
1148,46,5888
1149,47,6016
1150,47,6016
1151,47,6016
1152,47,6016
1153,46,5888
1154,47,6016
1155,47,6016
1156,47,6016
1157,46,5888
1158,46,5888
1159,46,5888
1160,47,6016
1161,47,6016
1162,48,6144
1163,48,6144
1164,48,6144
1165,48,6144
1166,49,6272
1167,48,6144
1168,48,6144
1169,49,6272
1170,49,6272
1171,48,6144
1172,49,6272
1173,48,6144
1174,49,6272
1175,50,6400
1176,49,6272
1177,48,6144
1178,48,6144
1179,49,6272
1180,49,6272
1181,49,6272
1182,49,6272
1183,49,6272
1184,50,6400
1185,50,6400
1186,51,6528
1187,51,6528
1188,52,6656
1189,52,6656
1190,52,6656
1191,52,6656
1192,53,6784
1193,53,6784
1194,53,6784
1195,52,6656
1196,56,7168
1197,57,7296
1198,57,7296
1199,52,6656
1200,53,6784
1201,52,6656
1202,51,6528
1203,53,6784
1204,53,6784
1205,51,6528
1206,52,6656
1207,53,6784
1208,52,6656
1209,53,6784
1210,53,6784
1211,54,6912
1212,53,6784
1213,53,6784
1214,52,6656
1215,52,6656
1216,51,6528
1217,55,7040
1218,54,6912
1219,52,6656
1220,52,6656
1221,53,6784
1222,51,6528
1223,51,6528
1224,54,6912
1225,52,6656
1226,52,6656
1227,52,6656
1228,52,6656
1229,51,6528
1230,52,6656
1231,50,6400
1232,49,6272
1233,50,6400
1234,49,6272
1235,49,6272
1236,49,6272
1237,49,6272
1238,48,6144
1239,48,6144
1240,49,6272
1241,48,6144
1242,48,6144
1243,48,6144
1244,48,6144
1245,48,6144
1246,48,6144
1247,48,6144
1248,48,6144
1249,48,6144
1250,49,6272
1251,48,6144
1252,48,6144
1253,47,6016
1254,48,6144
1255,48,6144
1256,49,6272
1257,48,6144
1258,47,6016
1259,48,6144
1260,47,6016
1261,48,6144
1262,48,6144
1263,49,6272
1264,49,6272
1265,48,6144
1266,48,6144
1267,48,6144
1268,49,6272
1269,49,6272
1270,49,6272
1271,53,6784
1272,53,6784
1273,53,6784
1274,52,6656
1275,50,6400
1276,48,6144
1277,48,6144
1278,49,6272
1279,49,6272
1280,50,6400
1281,51,6528
1282,49,6272
1283,49,6272
1284,48,6144
1285,48,6144
1286,48,6144
1287,48,6144
1288,49,6272
1289,49,6272
1290,49,6272
1291,49,6272
1292,49,6272
1293,48,6144
1294,48,6144
1295,48,6144
1296,48,6144
1297,49,6272
1298,49,6272
1299,49,6272
1300,48,6144
1301,48,6144
1302,48,6144
1303,48,6144
1304,48,6144
1305,49,6272
1306,50,6400
1307,49,6272
1308,50,6400
1309,49,6272
1310,49,6272
1311,50,6400
1312,50,6400
1313,49,6272
1314,49,6272
1315,50,6400
1316,51,6528
1317,51,6528
1318,51,6528
1319,51,6528
1320,50,6400
1321,51,6528
1322,52,6656
1323,50,6400
1324,51,6528
1325,53,6784
1326,52,6656
1327,52,6656
1328,51,6528
1329,51,6528
1330,51,6528
1331,52,6656
1332,50,6400
1333,52,6656
1334,52,6656
1335,52,6656
1336,53,6784
1337,51,6528
1338,50,6400
1339,50,6400
1340,50,6400
1341,51,6528
1342,51,6528
1343,53,6784
1344,52,6656
1345,54,6912
1346,54,6912
1347,54,6912
1348,53,6784
1349,54,6912
1350,51,6528
1351,51,6528
1352,52,6656
1353,52,6656
1354,51,6528
1355,51,6528
1356,51,6528
1357,51,6528
1358,51,6528
1359,50,6400
1360,51,6528
1361,51,6528
1362,53,6784
1363,52,6656
1364,52,6656
1365,53,6784
1366,52,6656
1367,53,6784
1368,54,6912
1369,52,6656
1370,52,6656
1371,51,6528
1372,51,6528
1373,52,6656
1374,52,6656
1375,52,6656
1376,52,6656
1377,51,6528
1378,54,6912
1379,51,6528
1380,52,6656
1381,53,6784
1382,53,6784
1383,53,6784
1384,54,6912
1385,53,6784
1386,53,6784
1387,55,7040
1388,53,6784
1389,52,6656
1390,52,6656
1391,50,6400
1392,51,6528
1393,51,6528
1394,51,6528
1395,52,6656
1396,52,6656
1397,52,6656
1398,52,6656
1399,52,6656
1400,54,6912
1401,53,6784
1402,54,6912
1403,54,6912
1404,54,6912
1405,55,7040
1406,54,6912
1407,54,6912
1408,54,6912
1409,52,6656
1410,53,6784
1411,54,6912
1412,55,7040
1413,55,7040
1414,55,7040
1415,54,6912
1416,54,6912
1417,54,6912
1418,53,6784
1419,52,6656
1420,53,6784
1421,52,6656
1422,52,6656
1423,53,6784
1424,53,6784
1425,52,6656
1426,53,6784
1427,53,6784
1428,54,6912
1429,53,6784
1430,54,6912
1431,53,6784
1432,53,6784
1433,53,6784
1434,53,6784
1435,54,6912
1436,52,6656
1437,53,6784
1438,53,6784
1439,53,6784
1440,54,6912
1441,53,6784
1442,53,6784
1443,53,6784
1444,53,6784
1445,53,6784
1446,53,6784
1447,54,6912
1448,52,6656
1449,52,6656
1450,53,6784
1451,52,6656
1452,53,6784
1453,53,6784
1454,52,6656
1455,53,6784
1456,52,6656
1457,52,6656
1458,53,6784
1459,54,6912
1460,54,6912
1461,55,7040
1462,55,7040
1463,55,7040
1464,56,7168
1465,55,7040
1466,56,7168
1467,56,7168
1468,55,7040
1469,54,6912
1470,55,7040
1471,56,7168
1472,54,6912
1473,53,6784
1474,54,6912
1475,54,6912
1476,54,6912
1477,54,6912
1478,55,7040
1479,55,7040
1480,54,6912
1481,54,6912
1482,54,6912
1483,54,6912
1484,55,7040
1485,56,7168
1486,56,7168
1487,55,7040
1488,55,7040
1489,56,7168
1490,56,7168
1491,56,7168
1492,56,7168
1493,57,7296
1494,55,7040
1495,55,7040
1496,55,7040
1497,56,7168
1498,56,7168
1499,56,7168
1500,55,7040
1501,55,7040
1502,55,7040
1503,56,7168
1504,56,7168
1505,57,7296
1506,57,7296
1507,54,6912
1508,54,6912
1509,54,6912
1510,54,6912
1511,54,6912
1512,54,6912
1513,55,7040
1514,55,7040
1515,55,7040
1516,55,7040
1517,55,7040
1518,55,7040
1519,55,7040
1520,53,6784
1521,54,6912
1522,54,6912
1523,55,7040
1524,54,6912
1525,54,6912
1526,54,6912
1527,54,6912
1528,54,6912
1529,55,7040
1530,54,6912
1531,54,6912
1532,53,6784
1533,54,6912
1534,53,6784
1535,53,6784
1536,52,6656
1537,52,6656
1538,52,6656
1539,53,6784
1540,52,6656
1541,54,6912
1542,54,6912
1543,54,6912
1544,53,6784
1545,53,6784
1546,52,6656
1547,51,6528
1548,50,6400
1549,49,6272
1550,50,6400
1551,50,6400
1552,50,6400
1553,51,6528
1554,49,6272
1555,49,6272
1556,49,6272
1557,50,6400
1558,50,6400
1559,49,6272
1560,50,6400
1561,51,6528
1562,51,6528
1563,49,6272
1564,49,6272
1565,51,6528
1566,51,6528
1567,50,6400
1568,50,6400
1569,51,6528
1570,51,6528
1571,50,6400
1572,50,6400
1573,50,6400
1574,51,6528
1575,51,6528
1576,51,6528
1577,52,6656
1578,51,6528
1579,52,6656
1580,51,6528
1581,51,6528
1582,50,6400
1583,52,6656
1584,52,6656
1585,52,6656
1586,53,6784
1587,54,6912
1588,53,6784
1589,53,6784
1590,53,6784
1591,53,6784
1592,54,6912
1593,54,6912
1594,54,6912
1595,54,6912
1596,54,6912
1597,54,6912
1598,55,7040
1599,55,7040
1600,54,6912
1601,55,7040
1602,56,7168
1603,53,6784
1604,54,6912
1605,54,6912
1606,54,6912
1607,54,6912
1608,55,7040
1609,54,6912
1610,54,6912
1611,54,6912
1612,57,7296
1613,57,7296
1614,56,7168
1615,54,6912
1616,54,6912
1617,54,6912
1618,54,6912
1619,53,6784
1620,53,6784
1621,53,6784
1622,53,6784
1623,52,6656
1624,53,6784
1625,53,6784
1626,53,6784
1627,52,6656
1628,51,6528
1629,50,6400
1630,50,6400
1631,51,6528
1632,50,6400
1633,50,6400
1634,51,6528
1635,51,6528
1636,51,6528
1637,51,6528
1638,52,6656
1639,52,6656
1640,53,6784
1641,52,6656
1642,51,6528
1643,51,6528
1644,51,6528
1645,52,6656
1646,53,6784
1647,51,6528
1648,52,6656
1649,51,6528
1650,52,6656
1651,51,6528
1652,52,6656
1653,52,6656
1654,51,6528
1655,52,6656
1656,53,6784
1657,52,6656
1658,52,6656
1659,51,6528
1660,51,6528
1661,52,6656
1662,53,6784
1663,51,6528
1664,50,6400
1665,51,6528
1666,50,6400
1667,50,6400
1668,50,6400
1669,50,6400
1670,51,6528
1671,51,6528
1672,51,6528
1673,51,6528
1674,51,6528
1675,51,6528
1676,51,6528
1677,50,6400
1678,49,6272
1679,51,6528
1680,51,6528
1681,52,6656
1682,51,6528
1683,51,6528
1684,49,6272
1685,50,6400
1686,50,6400
1687,48,6144
1688,48,6144
1689,48,6144
1690,48,6144
1691,48,6144
1692,49,6272
1693,47,6016
1694,49,6272
1695,51,6528
1696,49,6272
1697,50,6400
1698,50,6400
1699,46,5888
1700,48,6144
1701,47,6016
1702,48,6144
1703,47,6016
1704,47,6016
1705,46,5888
1706,47,6016
1707,46,5888
1708,46,5888
1709,47,6016
1710,47,6016
1711,48,6144
1712,48,6144
1713,48,6144
1714,48,6144
1715,48,6144
1716,48,6144
1717,48,6144
1718,49,6272
1719,47,6016
1720,48,6144
1721,50,6400
1722,50,6400
1723,50,6400
1724,50,6400
1725,49,6272
1726,49,6272
1727,49,6272
1728,49,6272
1729,49,6272
1730,48,6144
1731,48,6144
1732,49,6272
1733,48,6144
1734,49,6272
1735,49,6272
1736,49,6272
1737,49,6272
1738,49,6272
1739,49,6272
1740,49,6272
1741,51,6528
1742,51,6528
1743,50,6400
1744,50,6400
1745,50,6400
1746,50,6400
1747,49,6272
1748,48,6144
1749,48,6144
1750,48,6144
1751,48,6144
1752,48,6144
1753,49,6272
1754,49,6272
1755,50,6400
1756,50,6400
1757,50,6400
1758,50,6400
1759,50,6400
1760,50,6400
1761,49,6272
1762,49,6272
1763,50,6400
1764,48,6144
1765,48,6144
1766,50,6400
1767,50,6400
1768,50,6400
1769,52,6656
1770,50,6400
1771,51,6528
1772,51,6528
1773,50,6400
1774,51,6528
1775,52,6656
1776,51,6528
1777,52,6656
1778,50,6400
1779,50,6400
1780,50,6400
1781,50,6400
1782,50,6400
1783,50,6400
1784,51,6528
1785,51,6528
1786,49,6272
1787,50,6400
1788,52,6656
1789,51,6528
1790,52,6656
1791,51,6528
1792,52,6656
1793,52,6656
1794,51,6528
1795,52,6656
1796,52,6656
1797,52,6656
1798,52,6656
1799,52,6656
1800,52,6656
1801,52,6656
1802,52,6656
1803,51,6528
1804,52,6656
1805,51,6528
1806,52,6656
1807,50,6400
1808,50,6400
1809,51,6528
1810,51,6528
1811,52,6656
1812,49,6272
1813,51,6528
1814,51,6528
1815,49,6272
1816,49,6272
1817,49,6272
1818,50,6400
1819,50,6400
1820,49,6272
1821,49,6272
1822,50,6400
1823,49,6272
1824,50,6400
1825,50,6400
1826,49,6272
1827,49,6272
1828,51,6528
1829,50,6400
1830,51,6528
1831,50,6400
1832,50,6400
1833,51,6528
1834,51,6528
1835,52,6656
1836,51,6528
1837,51,6528
1838,51,6528
1839,50,6400
1840,51,6528
1841,52,6656
1842,52,6656
1843,53,6784
1844,54,6912
1845,52,6656
1846,52,6656
1847,52,6656
1848,51,6528
1849,53,6784
1850,52,6656
1851,52,6656
1852,51,6528
1853,51,6528
1854,51,6528
1855,52,6656
1856,49,6272
1857,50,6400
1858,49,6272
1859,49,6272
1860,50,6400
1861,50,6400
1862,51,6528
1863,51,6528
1864,50,6400
1865,50,6400
1866,50,6400
1867,50,6400
1868,49,6272
1869,48,6144
1870,48,6144
1871,48,6144
1872,48,6144
1873,50,6400
1874,51,6528
1875,51,6528
1876,50,6400
1877,50,6400
1878,50,6400
1879,50,6400
1880,50,6400
1881,50,6400
1882,49,6272
1883,48,6144
1884,48,6144
1885,48,6144
1886,48,6144
1887,48,6144
1888,49,6272
1889,48,6144
1890,48,6144
1891,48,6144
1892,48,6144
1893,48,6144
1894,49,6272
1895,48,6144
1896,49,6272
1897,50,6400
1898,50,6400
1899,51,6528
1900,50,6400
1901,49,6272
1902,48,6144
1903,48,6144
1904,47,6016
1905,48,6144
1906,47,6016
1907,48,6144
1908,48,6144
1909,47,6016
1910,48,6144
1911,49,6272
1912,49,6272
1913,49,6272
1914,48,6144
1915,48,6144
1916,49,6272
1917,48,6144
1918,47,6016
1919,47,6016
1920,48,6144
1921,48,6144
1922,50,6400
1923,50,6400
1924,50,6400
1925,50,6400
1926,49,6272
1927,48,6144
1928,47,6016
1929,47,6016
1930,45,5760
1931,47,6016
1932,47,6016
1933,45,5760
1934,45,5760
1935,45,5760
1936,45,5760
1937,45,5760
1938,46,5888
1939,47,6016
1940,46,5888
1941,46,5888
1942,46,5888
1943,46,5888
1944,45,5760
1945,47,6016
1946,47,6016
1947,46,5888
1948,46,5888
1949,46,5888
1950,47,6016
1951,47,6016
1952,46,5888
1953,46,5888
1954,47,6016
1955,47,6016
1956,47,6016
1957,46,5888
1958,46,5888
1959,48,6144
1960,47,6016
1961,48,6144
1962,48,6144
1963,49,6272
1964,49,6272
1965,48,6144
1966,49,6272
1967,50,6400
1968,50,6400
1969,51,6528
1970,52,6656
1971,53,6784
1972,52,6656
1973,51,6528
1974,52,6656
1975,51,6528
1976,52,6656
1977,52,6656
1978,52,6656
1979,51,6528
1980,52,6656
1981,52,6656
1982,51,6528
1983,50,6400
1984,51,6528
1985,51,6528
1986,51,6528
1987,49,6272
1988,49,6272
1989,50,6400
1990,50,6400
1991,49,6272
1992,49,6272
1993,49,6272
1994,48,6144
1995,48,6144
1996,48,6144
1997,47,6016
1998,47,6016
1999,48,6144
2000,48,6144
