RandomSeed,36517,Population size:128,Bit Length:64,Crossover Rate:0.7,Mutation Rate:0.005
gen,BestFitness,FitnessEval
1,41,5248
2,43,5504
3,44,5632
4,43,5504
5,44,5632
6,44,5632
7,45,5760
8,43,5504
9,44,5632
10,44,5632
11,43,5504
12,44,5632
13,44,5632
14,43,5504
15,44,5632
16,45,5760
17,45,5760
18,44,5632
19,45,5760
20,46,5888
21,47,6016
22,45,5760
23,46,5888
24,46,5888
25,46,5888
26,46,5888
27,46,5888
28,46,5888
29,47,6016
30,47,6016
31,47,6016
32,49,6272
33,47,6016
34,46,5888
35,46,5888
36,47,6016
37,47,6016
38,47,6016
39,46,5888
40,46,5888
41,47,6016
42,46,5888
43,46,5888
44,47,6016
45,48,6144
46,48,6144
47,48,6144
48,48,6144
49,47,6016
50,46,5888
51,46,5888
52,47,6016
53,46,5888
54,48,6144
55,47,6016
56,47,6016
57,46,5888
58,46,5888
59,47,6016
60,46,5888
61,46,5888
62,47,6016
63,48,6144
64,48,6144
65,48,6144
66,47,6016
67,47,6016
68,48,6144
69,47,6016
70,48,6144
71,46,5888
72,47,6016
73,48,6144
74,47,6016
75,47,6016
76,48,6144
77,48,6144
78,49,6272
79,48,6144
80,47,6016
81,48,6144
82,48,6144
83,48,6144
84,50,6400
85,50,6400
86,50,6400
87,51,6528
88,50,6400
89,50,6400
90,51,6528
91,48,6144
92,48,6144
93,48,6144
94,48,6144
95,48,6144
96,48,6144
97,48,6144
98,48,6144
99,49,6272
100,48,6144
101,47,6016
102,48,6144
103,47,6016
104,47,6016
105,46,5888
106,47,6016
107,48,6144
108,49,6272
109,50,6400
110,52,6656
111,52,6656
112,50,6400
113,49,6272
114,51,6528
115,50,6400
116,49,6272
117,48,6144
118,47,6016
119,46,5888
120,46,5888
121,48,6144
122,48,6144
123,46,5888
124,46,5888
125,48,6144
126,49,6272
127,48,6144
128,50,6400
129,48,6144
130,51,6528
131,49,6272
132,48,6144
133,49,6272
134,49,6272
135,48,6144
136,47,6016
137,46,5888
138,48,6144
139,46,5888
140,48,6144
141,47,6016
142,48,6144
143,48,6144
144,49,6272
145,47,6016
146,48,6144
147,48,6144
148,48,6144
149,48,6144
150,48,6144
151,47,6016
152,48,6144
153,49,6272
154,48,6144
155,49,6272
156,48,6144
157,47,6016
158,49,6272
159,49,6272
160,49,6272
161,48,6144
162,49,6272
163,49,6272
164,49,6272
165,50,6400
166,50,6400
167,50,6400
168,50,6400
169,48,6144
170,49,6272
171,51,6528
172,52,6656
173,51,6528
174,51,6528
175,49,6272
176,51,6528
177,49,6272
178,49,6272
179,51,6528
180,49,6272
181,48,6144
182,49,6272
183,49,6272
184,51,6528
185,49,6272
186,50,6400
187,49,6272
188,50,6400
189,50,6400
190,50,6400
191,51,6528
192,51,6528
193,53,6784
194,51,6528
195,52,6656
196,52,6656
197,52,6656
198,52,6656
199,52,6656
200,52,6656
201,52,6656
202,52,6656
203,50,6400
204,48,6144
205,49,6272
206,49,6272
207,48,6144
208,48,6144
209,49,6272
210,50,6400
211,50,6400
212,50,6400
213,51,6528
214,52,6656
215,52,6656
216,52,6656
217,52,6656
218,52,6656
219,52,6656
220,52,6656
221,52,6656
222,51,6528
223,52,6656
224,51,6528
225,51,6528
226,51,6528
227,51,6528
228,52,6656
229,52,6656
230,52,6656
231,52,6656
232,51,6528
233,51,6528
234,50,6400
235,51,6528
236,51,6528
237,51,6528
238,52,6656
239,52,6656
240,50,6400
241,51,6528
242,51,6528
243,51,6528
244,52,6656
245,53,6784
246,54,6912
247,52,6656
248,52,6656
249,52,6656
250,53,6784
251,52,6656
252,53,6784
253,52,6656
254,52,6656
255,51,6528
256,51,6528
257,51,6528
258,50,6400
259,51,6528
260,51,6528
261,51,6528
262,51,6528
263,51,6528
264,52,6656
265,55,7040
266,53,6784
267,52,6656
268,51,6528
269,51,6528
270,52,6656
271,51,6528
272,51,6528
273,52,6656
274,50,6400
275,49,6272
276,49,6272
277,48,6144
278,50,6400
279,53,6784
280,53,6784
281,53,6784
282,52,6656
283,51,6528
284,52,6656
285,51,6528
286,50,6400
287,50,6400
288,50,6400
289,51,6528
290,51,6528
291,51,6528
292,53,6784
293,52,6656
294,52,6656
295,52,6656
296,52,6656
297,53,6784
298,54,6912
299,53,6784
300,53,6784
301,53,6784
302,53,6784
303,52,6656
304,52,6656
305,53,6784
306,52,6656
307,52,6656
308,54,6912
309,53,6784
310,52,6656
311,51,6528
312,51,6528
313,52,6656
314,52,6656
315,50,6400
316,50,6400
317,52,6656
318,52,6656
319,48,6144
320,50,6400
321,50,6400
322,50,6400
323,51,6528
324,53,6784
325,50,6400
326,50,6400
327,51,6528
328,49,6272
329,50,6400
330,53,6784
331,53,6784
332,53,6784
333,50,6400
334,51,6528
335,50,6400
336,51,6528
337,49,6272
338,50,6400
339,51,6528
340,51,6528
341,53,6784
342,51,6528
343,51,6528
344,51,6528
345,50,6400
346,51,6528
347,51,6528
348,52,6656
349,50,6400
350,53,6784
351,53,6784
352,53,6784
353,51,6528
354,51,6528
355,51,6528
356,51,6528
357,52,6656
358,53,6784
359,51,6528
360,52,6656
361,50,6400
362,50,6400
363,51,6528
364,51,6528
365,51,6528
366,50,6400
367,51,6528
368,51,6528
369,52,6656
370,52,6656
371,53,6784
372,53,6784
373,51,6528
374,52,6656
375,51,6528
376,52,6656
377,53,6784
378,53,6784
379,53,6784
380,54,6912
381,54,6912
382,54,6912
383,53,6784
384,52,6656
385,52,6656
386,52,6656
387,52,6656
388,51,6528
389,52,6656
390,52,6656
391,52,6656
392,52,6656
393,52,6656
394,52,6656
395,52,6656
396,52,6656
397,52,6656
398,52,6656
399,51,6528
400,52,6656
401,52,6656
402,52,6656
403,51,6528
404,51,6528
405,51,6528
406,52,6656
407,53,6784
408,53,6784
409,53,6784
410,52,6656
411,53,6784
412,52,6656
413,51,6528
414,52,6656
415,52,6656
416,54,6912
417,53,6784
418,53,6784
419,54,6912
420,54,6912
421,54,6912
422,54,6912
423,55,7040
424,53,6784
425,54,6912
426,54,6912
427,54,6912
428,53,6784
429,53,6784
430,52,6656
431,52,6656
432,52,6656
433,53,6784
434,54,6912
435,54,6912
436,54,6912
437,55,7040
438,54,6912
439,54,6912
440,54,6912
441,53,6784
442,54,6912
443,52,6656
444,52,6656
445,52,6656
446,52,6656
447,53,6784
448,54,6912
449,55,7040
450,55,7040
451,54,6912
452,54,6912
453,54,6912
454,53,6784
455,53,6784
456,53,6784
457,54,6912
458,54,6912
459,54,6912
460,53,6784
461,55,7040
462,54,6912
463,54,6912
464,54,6912
465,55,7040
466,54,6912
467,55,7040
468,55,7040
469,55,7040
470,54,6912
471,54,6912
472,54,6912
473,55,7040
474,55,7040
475,55,7040
476,55,7040
477,54,6912
478,54,6912
479,53,6784
480,54,6912
481,58,7424
482,54,6912
483,54,6912
484,53,6784
485,54,6912
486,54,6912
487,54,6912
488,51,6528
489,53,6784
490,53,6784
491,53,6784
492,52,6656
493,53,6784
494,52,6656
495,54,6912
496,53,6784
497,54,6912
498,54,6912
499,53,6784
500,54,6912
501,54,6912
502,54,6912
503,55,7040
504,54,6912
505,56,7168
506,54,6912
507,54,6912
508,55,7040
509,56,7168
510,55,7040
511,55,7040
512,55,7040
513,56,7168
514,57,7296
515,57,7296
516,56,7168
517,56,7168
518,57,7296
519,57,7296
520,57,7296
521,57,7296
522,58,7424
523,57,7296
524,57,7296
525,56,7168
526,56,7168
527,55,7040
528,54,6912
529,55,7040
530,56,7168
531,56,7168
532,56,7168
533,55,7040
534,55,7040
535,55,7040
536,55,7040
537,55,7040
538,55,7040
539,54,6912
540,54,6912
541,54,6912
542,54,6912
543,54,6912
544,53,6784
545,53,6784
546,53,6784
547,53,6784
548,53,6784
549,54,6912
550,54,6912
551,54,6912
552,54,6912
553,53,6784
554,51,6528
555,51,6528
556,52,6656
557,52,6656
558,52,6656
559,53,6784
560,51,6528
561,51,6528
562,51,6528
563,51,6528
564,53,6784
565,51,6528
566,51,6528
567,51,6528
568,50,6400
569,51,6528
570,51,6528
571,51,6528
572,51,6528
573,52,6656
574,52,6656
575,51,6528
576,51,6528
577,52,6656
578,52,6656
579,52,6656
580,52,6656
581,50,6400
582,51,6528
583,51,6528
584,50,6400
585,51,6528
586,52,6656
587,53,6784
588,53,6784
589,52,6656
590,52,6656
591,52,6656
592,51,6528
593,51,6528
594,52,6656
595,52,6656
596,50,6400
597,51,6528
598,51,6528
599,51,6528
600,50,6400
601,53,6784
602,51,6528
603,50,6400
604,50,6400
605,51,6528
606,50,6400
607,50,6400
608,50,6400
609,50,6400
610,50,6400
611,50,6400
612,50,6400
613,50,6400
614,51,6528
615,51,6528
616,51,6528
617,51,6528
618,52,6656
619,52,6656
620,52,6656
621,51,6528
622,52,6656
623,52,6656
624,52,6656
625,51,6528
626,53,6784
627,54,6912
628,53,6784
629,53,6784
630,55,7040
631,55,7040
632,54,6912
633,55,7040
634,55,7040
635,55,7040
636,55,7040
637,55,7040
638,54,6912
639,56,7168
640,57,7296
641,57,7296
642,57,7296
643,57,7296
644,57,7296
645,57,7296
646,57,7296
647,57,7296
648,57,7296
649,57,7296
650,56,7168
651,55,7040
652,55,7040
653,57,7296
654,56,7168
655,56,7168
656,54,6912
657,54,6912
658,52,6656
659,52,6656
660,53,6784
661,52,6656
662,51,6528
663,53,6784
664,54,6912
665,54,6912
666,55,7040
667,55,7040
668,54,6912
669,54,6912
670,55,7040
671,52,6656
672,53,6784
673,52,6656
674,52,6656
675,54,6912
676,54,6912
677,54,6912
678,53,6784
679,53,6784
680,50,6400
681,50,6400
682,50,6400
683,49,6272
684,51,6528
685,50,6400
686,50,6400
687,50,6400
688,50,6400
689,50,6400
690,50,6400
691,52,6656
692,50,6400
693,50,6400
694,50,6400
695,51,6528
696,51,6528
697,51,6528
698,52,6656
699,51,6528
700,50,6400
701,50,6400
702,51,6528
703,50,6400
704,51,6528
705,50,6400
706,50,6400
707,51,6528
708,49,6272
709,49,6272
710,49,6272
711,50,6400
712,52,6656
713,53,6784
714,49,6272
715,49,6272
716,49,6272
717,48,6144
718,48,6144
719,48,6144
720,47,6016
721,49,6272
722,47,6016
723,47,6016
724,49,6272
725,50,6400
726,50,6400
727,51,6528
728,50,6400
729,52,6656
730,50,6400
731,51,6528
732,51,6528
733,52,6656
734,51,6528
735,50,6400
736,50,6400
737,50,6400
738,50,6400
739,51,6528
740,49,6272
741,50,6400
742,50,6400
743,49,6272
744,50,6400
745,48,6144
746,48,6144
747,49,6272
748,48,6144
749,49,6272
750,48,6144
751,51,6528
752,49,6272
753,49,6272
754,48,6144
755,47,6016
756,48,6144
757,48,6144
758,49,6272
759,49,6272
760,49,6272
761,49,6272
762,49,6272
763,51,6528
764,51,6528
765,51,6528
766,50,6400
767,50,6400
768,52,6656
769,53,6784
770,53,6784
771,49,6272
772,50,6400
773,51,6528
774,50,6400
775,48,6144
776,49,6272
777,49,6272
778,51,6528
779,49,6272
780,49,6272
781,50,6400
782,48,6144
783,49,6272
784,49,6272
785,49,6272
786,49,6272
787,49,6272
788,50,6400
789,50,6400
790,49,6272
791,48,6144
792,48,6144
793,47,6016
794,48,6144
795,47,6016
796,48,6144
797,48,6144
798,47,6016
799,48,6144
800,48,6144
801,46,5888
802,46,5888
803,47,6016
804,47,6016
805,48,6144
806,47,6016
807,47,6016
808,47,6016
809,46,5888
810,47,6016
811,47,6016
812,47,6016
813,47,6016
814,46,5888
815,49,6272
816,48,6144
817,48,6144
818,50,6400
819,51,6528
820,51,6528
821,49,6272
822,49,6272
823,49,6272
824,48,6144
825,48,6144
826,49,6272
827,47,6016
828,48,6144
829,48,6144
830,48,6144
831,49,6272
832,48,6144
833,47,6016
834,48,6144
835,49,6272
836,49,6272
837,49,6272
838,50,6400
839,48,6144
840,48,6144
841,48,6144
842,49,6272
843,49,6272
844,49,6272
845,50,6400
846,50,6400
847,52,6656
848,50,6400
849,50,6400
850,50,6400
851,51,6528
852,51,6528
853,50,6400
854,50,6400
855,49,6272
856,50,6400
857,49,6272
858,50,6400
859,49,6272
860,50,6400
861,50,6400
862,51,6528
863,51,6528
864,51,6528
865,52,6656
866,52,6656
867,52,6656
868,51,6528
869,51,6528
870,54,6912
871,51,6528
872,52,6656
873,50,6400
874,51,6528
875,51,6528
876,51,6528
877,51,6528
878,50,6400
879,51,6528
880,52,6656
881,52,6656
882,52,6656
883,53,6784
884,53,6784
885,53,6784
886,55,7040
887,55,7040
888,55,7040
889,57,7296
890,57,7296
891,54,6912
892,53,6784
893,53,6784
894,53,6784
895,52,6656
896,52,6656
897,54,6912
898,54,6912
899,55,7040
900,55,7040
901,55,7040
902,55,7040
903,55,7040
904,54,6912
905,54,6912
906,53,6784
907,52,6656
908,54,6912
909,53,6784
910,53,6784
911,51,6528
912,50,6400
913,51,6528
914,53,6784
915,51,6528
916,51,6528
917,51,6528
918,51,6528
919,51,6528
920,51,6528
921,51,6528
922,52,6656
923,50,6400
924,52,6656
925,52,6656
926,53,6784
927,53,6784
928,54,6912
929,54,6912
930,53,6784
931,52,6656
932,53,6784
933,53,6784
934,53,6784
935,54,6912
936,52,6656
937,52,6656
938,53,6784
939,51,6528
940,50,6400
941,50,6400
942,50,6400
943,51,6528
944,51,6528
945,48,6144
946,50,6400
947,49,6272
948,50,6400
949,51,6528
950,50,6400
951,50,6400
952,50,6400
953,49,6272
954,50,6400
955,48,6144
956,49,6272
957,51,6528
958,50,6400
959,49,6272
960,50,6400
961,50,6400
962,51,6528
963,51,6528
964,50,6400
965,50,6400
966,49,6272
967,49,6272
968,50,6400
969,50,6400
970,52,6656
971,53,6784
972,52,6656
973,52,6656
974,53,6784
975,54,6912
976,54,6912
977,54,6912
978,55,7040
979,56,7168
980,53,6784
981,54,6912
982,54,6912
983,54,6912
984,53,6784
985,53,6784
986,53,6784
987,51,6528
988,51,6528
989,54,6912
990,52,6656
991,52,6656
992,52,6656
993,53,6784
994,53,6784
995,52,6656
996,53,6784
997,53,6784
998,53,6784
999,51,6528
1000,53,6784
1001,53,6784
1002,53,6784
1003,53,6784
1004,54,6912
1005,53,6784
1006,52,6656
1007,53,6784
1008,53,6784
1009,53,6784
1010,52,6656
1011,52,6656
1012,53,6784
1013,54,6912
1014,54,6912
1015,56,7168
1016,56,7168
1017,54,6912
1018,52,6656
1019,53,6784
1020,53,6784
1021,53,6784
1022,52,6656
1023,54,6912
1024,52,6656
1025,52,6656
1026,53,6784
1027,54,6912
1028,54,6912
1029,52,6656
1030,52,6656
1031,54,6912
1032,51,6528
1033,52,6656
1034,52,6656
1035,52,6656
1036,53,6784
1037,53,6784
1038,54,6912
1039,53,6784
1040,51,6528
1041,52,6656
1042,51,6528
1043,51,6528
1044,53,6784
1045,51,6528
1046,52,6656
1047,52,6656
1048,51,6528
1049,52,6656
1050,51,6528
1051,51,6528
1052,52,6656
1053,52,6656
1054,52,6656
1055,50,6400
1056,50,6400
1057,50,6400
1058,51,6528
1059,50,6400
1060,51,6528
1061,52,6656
1062,52,6656
1063,53,6784
1064,51,6528
1065,53,6784
1066,53,6784
1067,52,6656
1068,50,6400
1069,51,6528
1070,51,6528
1071,49,6272
1072,51,6528
1073,49,6272
1074,50,6400
1075,49,6272
1076,49,6272
1077,50,6400
1078,49,6272
1079,49,6272
1080,50,6400
1081,50,6400
1082,50,6400
1083,49,6272
1084,50,6400
1085,50,6400
1086,51,6528
1087,50,6400
1088,50,6400
1089,51,6528
1090,50,6400
1091,50,6400
1092,51,6528
1093,49,6272
1094,49,6272
1095,47,6016
1096,46,5888
1097,47,6016
1098,47,6016
1099,48,6144
1100,48,6144
1101,47,6016
1102,48,6144
1103,48,6144
1104,48,6144
1105,49,6272
1106,49,6272
1107,49,6272
1108,47,6016
1109,48,6144
1110,47,6016
1111,49,6272
1112,49,6272
1113,49,6272
1114,49,6272
1115,49,6272
1116,51,6528
1117,49,6272
1118,49,6272
1119,48,6144
1120,49,6272
1121,50,6400
1122,50,6400
1123,51,6528
1124,49,6272
1125,49,6272
1126,50,6400
1127,51,6528
1128,49,6272
1129,51,6528
1130,48,6144
1131,48,6144
1132,48,6144
1133,48,6144
1134,47,6016
1135,47,6016
1136,48,6144
1137,48,6144
1138,48,6144
1139,50,6400
1140,50,6400
1141,49,6272
1142,50,6400
1143,49,6272
1144,48,6144
1145,49,6272
1146,49,6272
1147,50,6400
1148,51,6528
1149,50,6400
1150,51,6528
1151,51,6528
1152,52,6656
1153,52,6656
1154,51,6528
1155,51,6528
1156,51,6528
1157,50,6400
1158,51,6528
1159,51,6528
1160,51,6528
1161,52,6656
1162,51,6528
1163,52,6656
1164,53,6784
1165,53,6784
1166,54,6912
1167,52,6656
1168,52,6656
1169,51,6528
1170,52,6656
1171,52,6656
1172,54,6912
1173,54,6912
1174,53,6784
1175,52,6656
1176,52,6656
1177,51,6528
1178,51,6528
1179,51,6528
1180,51,6528
1181,52,6656
1182,53,6784
1183,52,6656
1184,51,6528
1185,52,6656
1186,53,6784
1187,53,6784
1188,52,6656
1189,51,6528
1190,52,6656
1191,52,6656
1192,52,6656
1193,53,6784
1194,52,6656
1195,52,6656
1196,54,6912
1197,53,6784
1198,53,6784
1199,52,6656
1200,53,6784
1201,54,6912
1202,54,6912
1203,53,6784
1204,54,6912
1205,54,6912
1206,49,6272
1207,50,6400
1208,50,6400
1209,50,6400
1210,50,6400
1211,52,6656
1212,52,6656
1213,52,6656
1214,52,6656
1215,52,6656
1216,53,6784
1217,53,6784
1218,53,6784
1219,52,6656
1220,53,6784
1221,54,6912
1222,54,6912
1223,54,6912
1224,54,6912
1225,55,7040
1226,54,6912
1227,53,6784
1228,52,6656
1229,52,6656
1230,54,6912
1231,54,6912
1232,54,6912
1233,54,6912
1234,53,6784
1235,53,6784
1236,53,6784
1237,53,6784
1238,54,6912
1239,55,7040
1240,56,7168
1241,55,7040
1242,58,7424
1243,58,7424
1244,58,7424
1245,55,7040
1246,55,7040
1247,59,7552
1248,56,7168
1249,57,7296
1250,56,7168
1251,55,7040
1252,56,7168
1253,56,7168
1254,56,7168
1255,56,7168
1256,56,7168
1257,55,7040
1258,55,7040
1259,55,7040
1260,55,7040
1261,55,7040
1262,55,7040
1263,55,7040
1264,55,7040
1265,55,7040
1266,56,7168
1267,55,7040
1268,53,6784
1269,54,6912
1270,53,6784
1271,53,6784
1272,56,7168
1273,55,7040
1274,57,7296
1275,57,7296
1276,53,6784
1277,55,7040
1278,55,7040
1279,54,6912
1280,55,7040
1281,53,6784
1282,53,6784
1283,51,6528
1284,53,6784
1285,53,6784
1286,51,6528
1287,53,6784
1288,54,6912
1289,53,6784
1290,53,6784
1291,52,6656
1292,53,6784
1293,51,6528
1294,51,6528
1295,51,6528
1296,51,6528
1297,50,6400
1298,52,6656
1299,51,6528
1300,51,6528
1301,52,6656
1302,52,6656
1303,52,6656
1304,53,6784
1305,52,6656
1306,52,6656
1307,51,6528
1308,50,6400
1309,51,6528
1310,53,6784
1311,53,6784
1312,53,6784
1313,50,6400
1314,51,6528
1315,50,6400
1316,50,6400
1317,51,6528
1318,52,6656
1319,52,6656
1320,52,6656
1321,53,6784
1322,54,6912
1323,52,6656
1324,51,6528
1325,51,6528
1326,51,6528
1327,52,6656
1328,52,6656
1329,52,6656
1330,53,6784
1331,51,6528
1332,51,6528
1333,52,6656
1334,52,6656
1335,51,6528
1336,50,6400
1337,50,6400
1338,50,6400
1339,49,6272
1340,50,6400
1341,52,6656
1342,50,6400
1343,51,6528
1344,50,6400
1345,50,6400
1346,50,6400
1347,51,6528
1348,51,6528
1349,51,6528
1350,50,6400
1351,51,6528
1352,52,6656
1353,52,6656
1354,53,6784
1355,51,6528
1356,51,6528
1357,50,6400
1358,49,6272
1359,50,6400
1360,51,6528
1361,49,6272
1362,50,6400
1363,49,6272
1364,49,6272
1365,49,6272
1366,50,6400
1367,48,6144
1368,49,6272
1369,50,6400
1370,49,6272
1371,49,6272
1372,49,6272
1373,50,6400
1374,50,6400
1375,48,6144
1376,48,6144
1377,48,6144
1378,48,6144
1379,48,6144
1380,50,6400
1381,51,6528
1382,50,6400
1383,50,6400
1384,49,6272
1385,50,6400
1386,50,6400
1387,50,6400
1388,49,6272
1389,49,6272
1390,48,6144
1391,48,6144
1392,49,6272
1393,48,6144
1394,47,6016
1395,48,6144
1396,49,6272
1397,49,6272
1398,49,6272
1399,50,6400
1400,50,6400
1401,51,6528
1402,50,6400
1403,50,6400
1404,51,6528
1405,51,6528
1406,51,6528
1407,51,6528
1408,51,6528
1409,50,6400
1410,50,6400
1411,51,6528
1412,49,6272
1413,49,6272
1414,50,6400
1415,50,6400
1416,50,6400
1417,50,6400
1418,49,6272
1419,49,6272
1420,48,6144
1421,49,6272
1422,48,6144
1423,49,6272
1424,49,6272
1425,49,6272
1426,50,6400
1427,50,6400
1428,49,6272
1429,48,6144
1430,49,6272
1431,50,6400
1432,51,6528
1433,50,6400
1434,51,6528
1435,49,6272
1436,48,6144
1437,49,6272
1438,49,6272
1439,48,6144
1440,49,6272
1441,50,6400
1442,50,6400
1443,49,6272
1444,48,6144
1445,47,6016
1446,48,6144
1447,47,6016
1448,48,6144
1449,48,6144
1450,48,6144
1451,47,6016
1452,47,6016
1453,48,6144
1454,49,6272
1455,49,6272
1456,48,6144
1457,47,6016
1458,48,6144
1459,49,6272
1460,50,6400
1461,49,6272
1462,49,6272
1463,50,6400
1464,51,6528
1465,50,6400
1466,49,6272
1467,49,6272
1468,49,6272
1469,49,6272
1470,49,6272
1471,50,6400
1472,50,6400
1473,49,6272
1474,49,6272
1475,50,6400
1476,50,6400
1477,51,6528
1478,51,6528
1479,51,6528
1480,50,6400
1481,50,6400
1482,49,6272
1483,49,6272
1484,49,6272
1485,49,6272
1486,49,6272
1487,49,6272
1488,49,6272
1489,49,6272
1490,49,6272
1491,50,6400
1492,48,6144
1493,49,6272
1494,49,6272
1495,49,6272
1496,50,6400
1497,50,6400
1498,49,6272
1499,49,6272
1500,49,6272
1501,49,6272
1502,49,6272
1503,49,6272
1504,48,6144
1505,48,6144
1506,48,6144
1507,49,6272
1508,48,6144
1509,48,6144
1510,49,6272
1511,48,6144
1512,48,6144
1513,48,6144
1514,49,6272
1515,49,6272
1516,48,6144
1517,49,6272
1518,49,6272
1519,50,6400
1520,49,6272
1521,49,6272
1522,50,6400
1523,51,6528
1524,51,6528
1525,49,6272
1526,50,6400
1527,50,6400
1528,49,6272
1529,50,6400
1530,50,6400
1531,50,6400
1532,50,6400
1533,50,6400
1534,51,6528
1535,51,6528
1536,51,6528
1537,49,6272
1538,49,6272
1539,49,6272
1540,49,6272
1541,49,6272
1542,50,6400
1543,49,6272
1544,49,6272
1545,51,6528
1546,51,6528
1547,52,6656
1548,52,6656
1549,50,6400
1550,49,6272
1551,49,6272
1552,49,6272
1553,49,6272
1554,49,6272
1555,48,6144
1556,49,6272
1557,50,6400
1558,52,6656
1559,50,6400
1560,49,6272
1561,48,6144
1562,48,6144
1563,48,6144
1564,48,6144
1565,48,6144
1566,49,6272
1567,51,6528
1568,50,6400
1569,49,6272
1570,49,6272
1571,50,6400
1572,50,6400
1573,50,6400
1574,49,6272
1575,50,6400
1576,50,6400
1577,49,6272
1578,50,6400
1579,50,6400
1580,52,6656
1581,50,6400
1582,49,6272
1583,53,6784
1584,53,6784
1585,52,6656
1586,53,6784
1587,52,6656
1588,51,6528
1589,52,6656
1590,52,6656
1591,53,6784
1592,53,6784
1593,56,7168
1594,56,7168
1595,56,7168
1596,53,6784
1597,53,6784
1598,54,6912
1599,52,6656
1600,52,6656
1601,52,6656
1602,53,6784
1603,52,6656
1604,51,6528
1605,53,6784
1606,53,6784
1607,52,6656
1608,51,6528
1609,52,6656
1610,52,6656
1611,53,6784
1612,55,7040
1613,52,6656
1614,53,6784
1615,52,6656
1616,52,6656
1617,53,6784
1618,53,6784
1619,50,6400
1620,50,6400
1621,52,6656
1622,53,6784
1623,51,6528
1624,51,6528
1625,51,6528
1626,52,6656
1627,51,6528
1628,53,6784
1629,53,6784
1630,53,6784
1631,52,6656
1632,51,6528
1633,50,6400
1634,51,6528
1635,50,6400
1636,50,6400
1637,50,6400
1638,51,6528
1639,51,6528
1640,52,6656
1641,52,6656
1642,52,6656
1643,52,6656
1644,52,6656
1645,53,6784
1646,53,6784
1647,54,6912
1648,54,6912
1649,56,7168
1650,54,6912
1651,54,6912
1652,54,6912
1653,55,7040
1654,55,7040
1655,55,7040
1656,55,7040
1657,55,7040
1658,55,7040
1659,55,7040
1660,55,7040
1661,55,7040
1662,55,7040
1663,53,6784
1664,53,6784
1665,54,6912
1666,54,6912
1667,54,6912
1668,54,6912
1669,54,6912
1670,54,6912
1671,54,6912
1672,54,6912
1673,55,7040
1674,55,7040
1675,55,7040
1676,53,6784
1677,53,6784
1678,53,6784
1679,53,6784
1680,53,6784
1681,54,6912
1682,54,6912
1683,54,6912
1684,54,6912
1685,55,7040
1686,54,6912
1687,55,7040
1688,54,6912
1689,54,6912
1690,55,7040
1691,53,6784
1692,52,6656
1693,53,6784
1694,52,6656
1695,54,6912
1696,54,6912
1697,56,7168
1698,55,7040
1699,54,6912
1700,55,7040
1701,54,6912
1702,54,6912
1703,54,6912
1704,54,6912
1705,54,6912
1706,55,7040
1707,56,7168
1708,56,7168
1709,57,7296
1710,55,7040
1711,56,7168
1712,56,7168
1713,56,7168
1714,55,7040
1715,57,7296
1716,56,7168
1717,55,7040
1718,55,7040
1719,55,7040
1720,55,7040
1721,54,6912
1722,55,7040
1723,53,6784
1724,54,6912
1725,54,6912
1726,54,6912
1727,53,6784
1728,54,6912
1729,54,6912
1730,55,7040
1731,54,6912
1732,55,7040
1733,55,7040
1734,56,7168
1735,58,7424
1736,59,7552
1737,59,7552
1738,55,7040
1739,56,7168
1740,56,7168
1741,56,7168
1742,56,7168
1743,56,7168
1744,56,7168
1745,56,7168
1746,53,6784
1747,54,6912
1748,53,6784
1749,55,7040
1750,55,7040
1751,56,7168
1752,55,7040
1753,56,7168
1754,55,7040
1755,54,6912
1756,54,6912
1757,53,6784
1758,53,6784
1759,53,6784
1760,53,6784
1761,54,6912
1762,54,6912
1763,54,6912
1764,52,6656
1765,51,6528
1766,52,6656
1767,54,6912
1768,52,6656
1769,51,6528
1770,52,6656
1771,54,6912
1772,54,6912
1773,55,7040
1774,55,7040
1775,55,7040
1776,55,7040
1777,55,7040
1778,55,7040
1779,56,7168
1780,54,6912
1781,53,6784
1782,52,6656
1783,53,6784
1784,54,6912
1785,54,6912
1786,53,6784
1787,54,6912
1788,53,6784
1789,54,6912
1790,55,7040
1791,54,6912
1792,56,7168
1793,54,6912
1794,56,7168
1795,55,7040
1796,56,7168
1797,56,7168
1798,55,7040
1799,56,7168
1800,56,7168
1801,56,7168
1802,56,7168
1803,56,7168
1804,56,7168
1805,56,7168
1806,57,7296
1807,57,7296
1808,57,7296
1809,58,7424
1810,58,7424
1811,57,7296
1812,58,7424
1813,56,7168
1814,56,7168
1815,55,7040
1816,55,7040
1817,56,7168
1818,56,7168
1819,55,7040
1820,56,7168
1821,58,7424
1822,56,7168
1823,56,7168
1824,56,7168
1825,56,7168
1826,55,7040
1827,55,7040
1828,56,7168
1829,55,7040
1830,54,6912
1831,53,6784
1832,55,7040
1833,56,7168
1834,55,7040
1835,56,7168
1836,56,7168
1837,55,7040
1838,55,7040
1839,55,7040
1840,55,7040
1841,55,7040
1842,56,7168
1843,55,7040
1844,53,6784
1845,54,6912
1846,54,6912
1847,54,6912
1848,57,7296
1849,57,7296
1850,54,6912
1851,54,6912
1852,52,6656
1853,51,6528
1854,52,6656
1855,51,6528
1856,53,6784
1857,55,7040
1858,55,7040
1859,54,6912
1860,51,6528
1861,52,6656
1862,52,6656
1863,51,6528
1864,50,6400
1865,52,6656
1866,49,6272
1867,50,6400
1868,50,6400
1869,52,6656
1870,51,6528
1871,51,6528
1872,52,6656
1873,51,6528
1874,51,6528
1875,51,6528
1876,51,6528
1877,50,6400
1878,51,6528
1879,52,6656
1880,52,6656
1881,53,6784
1882,52,6656
1883,52,6656
1884,52,6656
1885,52,6656
1886,53,6784
1887,53,6784
1888,53,6784
1889,52,6656
1890,52,6656
1891,53,6784
1892,51,6528
1893,51,6528
1894,51,6528
1895,52,6656
1896,50,6400
1897,49,6272
1898,50,6400
1899,49,6272
1900,49,6272
1901,49,6272
1902,49,6272
1903,49,6272
1904,49,6272
1905,49,6272
1906,49,6272
1907,49,6272
1908,49,6272
1909,49,6272
1910,48,6144
1911,49,6272
1912,49,6272
1913,49,6272
1914,49,6272
1915,50,6400
1916,51,6528
1917,50,6400
1918,50,6400
1919,51,6528
1920,51,6528
1921,50,6400
1922,50,6400
1923,50,6400
1924,50,6400
1925,50,6400
1926,50,6400
1927,51,6528
1928,51,6528
1929,51,6528
1930,51,6528
1931,51,6528
1932,52,6656
1933,52,6656
1934,51,6528
1935,51,6528
1936,52,6656
1937,51,6528
1938,50,6400
1939,51,6528
1940,50,6400
1941,51,6528
1942,49,6272
1943,48,6144
1944,50,6400
1945,50,6400
1946,50,6400
1947,49,6272
1948,50,6400
1949,50,6400
1950,49,6272
1951,49,6272
1952,49,6272
1953,49,6272
1954,50,6400
1955,51,6528
1956,52,6656
1957,51,6528
1958,52,6656
1959,51,6528
1960,51,6528
1961,53,6784
1962,53,6784
1963,52,6656
1964,52,6656
1965,54,6912
1966,53,6784
1967,53,6784
1968,53,6784
1969,51,6528
1970,51,6528
1971,51,6528
1972,51,6528
1973,52,6656
1974,52,6656
1975,52,6656
1976,53,6784
1977,52,6656
1978,52,6656
1979,51,6528
1980,52,6656
1981,53,6784
1982,52,6656
1983,52,6656
1984,53,6784
1985,54,6912
1986,53,6784
1987,55,7040
1988,55,7040
1989,55,7040
1990,54,6912
1991,55,7040
1992,53,6784
1993,54,6912
1994,54,6912
1995,54,6912
1996,53,6784
1997,53,6784
1998,53,6784
1999,55,7040
2000,54,6912
