RandomSeed,782,Population size:128,Bit Length:64,Crossover Rate:0.7,Mutation Rate:0.005
gen,BestFitness,FitnessEval
1,45,5760
2,39,4992
3,44,5632
4,45,5760
5,42,5376
6,40,5120
7,40,5120
8,41,5248
9,43,5504
10,41,5248
11,41,5248
12,40,5120
13,40,5120
14,37,4736
15,35,4480
16,37,4736
17,38,4864
18,40,5120
19,40,5120
20,41,5248
21,41,5248
22,40,5120
23,40,5120
24,41,5248
25,41,5248
26,40,5120
27,40,5120
28,39,4992
29,38,4864
30,39,4992
31,39,4992
32,38,4864
33,40,5120
34,39,4992
35,39,4992
36,38,4864
37,38,4864
38,39,4992
39,40,5120
40,40,5120
41,40,5120
42,41,5248
43,41,5248
44,40,5120
45,39,4992
46,39,4992
47,41,5248
48,41,5248
49,42,5376
50,41,5248
51,43,5504
52,43,5504
53,42,5376
54,43,5504
55,41,5248
56,42,5376
57,43,5504
58,44,5632
59,44,5632
60,44,5632
61,44,5632
62,45,5760
63,46,5888
64,46,5888
65,46,5888
66,46,5888
67,48,6144
68,47,6016
69,47,6016
70,48,6144
71,47,6016
72,50,6400
73,50,6400
74,50,6400
75,51,6528
76,51,6528
77,50,6400
78,50,6400
79,50,6400
80,51,6528
81,51,6528
82,51,6528
83,52,6656
84,52,6656
85,52,6656
86,52,6656
87,52,6656
88,53,6784
89,53,6784
90,54,6912
91,52,6656
92,54,6912
93,52,6656
94,51,6528
95,51,6528
96,51,6528
97,50,6400
98,51,6528
99,51,6528
100,51,6528
101,50,6400
102,49,6272
103,49,6272
104,49,6272
105,49,6272
106,48,6144
107,49,6272
108,48,6144
109,49,6272
110,49,6272
111,48,6144
112,48,6144
113,49,6272
114,48,6144
115,49,6272
116,49,6272
117,48,6144
118,48,6144
119,48,6144
120,47,6016
121,50,6400
122,50,6400
123,49,6272
124,49,6272
125,49,6272
126,49,6272
127,51,6528
128,51,6528
129,48,6144
130,50,6400
131,51,6528
132,51,6528
133,49,6272
134,49,6272
135,50,6400
136,51,6528
137,50,6400
138,49,6272
139,49,6272
140,49,6272
141,49,6272
142,50,6400
143,47,6016
144,48,6144
145,49,6272
146,49,6272
147,49,6272
148,48,6144
149,48,6144
150,49,6272
151,49,6272
152,49,6272
153,48,6144
154,47,6016
155,49,6272
156,48,6144
157,48,6144
158,48,6144
159,49,6272
160,49,6272
161,49,6272
162,50,6400
163,49,6272
164,48,6144
165,50,6400
166,51,6528
167,51,6528
168,52,6656
169,53,6784
170,53,6784
171,51,6528
172,51,6528
173,52,6656
174,53,6784
175,52,6656
176,52,6656
177,52,6656
178,52,6656
179,53,6784
180,52,6656
181,51,6528
182,52,6656
183,51,6528
184,51,6528
185,51,6528
186,52,6656
187,52,6656
188,51,6528
189,53,6784
190,51,6528
191,51,6528
192,51,6528
193,52,6656
194,51,6528
195,53,6784
196,53,6784
197,54,6912
198,54,6912
199,53,6784
200,52,6656
201,53,6784
202,54,6912
203,54,6912
204,52,6656
205,53,6784
206,52,6656
207,52,6656
208,53,6784
209,55,7040
210,54,6912
211,54,6912
212,54,6912
213,54,6912
214,55,7040
215,55,7040
216,55,7040
217,55,7040
218,55,7040
219,56,7168
220,54,6912
221,55,7040
222,55,7040
223,55,7040
224,55,7040
225,55,7040
226,55,7040
227,55,7040
228,55,7040
229,55,7040
230,54,6912
231,54,6912
232,54,6912
233,55,7040
234,55,7040
235,54,6912
236,55,7040
237,55,7040
238,55,7040
239,55,7040
240,56,7168
241,55,7040
242,55,7040
243,55,7040
244,55,7040
245,56,7168
246,56,7168
247,56,7168
248,56,7168
249,54,6912
250,54,6912
251,54,6912
252,53,6784
253,54,6912
254,54,6912
255,53,6784
256,54,6912
257,54,6912
258,54,6912
259,53,6784
260,54,6912
261,53,6784
262,53,6784
263,53,6784
264,53,6784
265,52,6656
266,53,6784
267,54,6912
268,56,7168
269,53,6784
270,52,6656
271,53,6784
272,54,6912
273,54,6912
274,52,6656
275,53,6784
276,53,6784
277,52,6656
278,51,6528
279,52,6656
280,52,6656
281,52,6656
282,51,6528
283,51,6528
284,52,6656
285,51,6528
286,51,6528
287,51,6528
288,52,6656
289,52,6656
290,52,6656
291,52,6656
292,52,6656
293,52,6656
294,52,6656
295,52,6656
296,53,6784
297,52,6656
298,51,6528
299,52,6656
300,53,6784
301,53,6784
302,53,6784
303,53,6784
304,53,6784
305,51,6528
306,53,6784
307,53,6784
308,54,6912
309,54,6912
310,54,6912
311,54,6912
312,52,6656
313,52,6656
314,52,6656
315,52,6656
316,53,6784
317,54,6912
318,54,6912
319,52,6656
320,52,6656
321,52,6656
322,54,6912
323,53,6784
324,53,6784
325,53,6784
326,53,6784
327,52,6656
328,53,6784
329,53,6784
330,52,6656
331,52,6656
332,52,6656
333,53,6784
334,53,6784
335,52,6656
336,52,6656
337,54,6912
338,52,6656
339,54,6912
340,55,7040
341,54,6912
342,52,6656
343,52,6656
344,52,6656
345,52,6656
346,53,6784
347,53,6784
348,53,6784
349,53,6784
350,54,6912
351,54,6912
352,54,6912
353,55,7040
354,54,6912
355,54,6912
356,54,6912
357,55,7040
358,54,6912
359,54,6912
360,55,7040
361,57,7296
362,56,7168
363,57,7296
364,55,7040
365,55,7040
366,55,7040
367,55,7040
368,55,7040
369,56,7168
370,55,7040
371,56,7168
372,57,7296
373,55,7040
374,56,7168
375,55,7040
376,55,7040
377,55,7040
378,55,7040
379,56,7168
380,54,6912
381,55,7040
382,55,7040
383,55,7040
384,55,7040
385,55,7040
386,54,6912
387,55,7040
388,55,7040
389,56,7168
390,55,7040
391,55,7040
392,54,6912
393,55,7040
394,56,7168
395,56,7168
396,54,6912
397,53,6784
398,52,6656
399,51,6528
400,51,6528
401,51,6528
402,51,6528
403,51,6528
404,51,6528
405,51,6528
406,51,6528
407,51,6528
408,51,6528
409,50,6400
410,52,6656
411,52,6656
412,52,6656
413,53,6784
414,53,6784
415,52,6656
416,52,6656
417,52,6656
418,52,6656
419,52,6656
420,53,6784
421,53,6784
422,52,6656
423,50,6400
424,51,6528
425,52,6656
426,52,6656
427,50,6400
428,50,6400
429,52,6656
430,51,6528
431,51,6528
432,52,6656
433,53,6784
434,52,6656
435,53,6784
436,51,6528
437,52,6656
438,52,6656
439,52,6656
440,55,7040
441,52,6656
442,54,6912
443,54,6912
444,54,6912
445,55,7040
446,55,7040
447,54,6912
448,53,6784
449,55,7040
450,54,6912
451,53,6784
452,54,6912
453,53,6784
454,54,6912
455,53,6784
456,53,6784
457,52,6656
458,51,6528
459,52,6656
460,51,6528
461,52,6656
462,52,6656
463,52,6656
464,52,6656
465,52,6656
466,52,6656
467,52,6656
468,53,6784
469,55,7040
470,54,6912
471,53,6784
472,53,6784
473,51,6528
474,52,6656
475,53,6784
476,54,6912
477,54,6912
478,54,6912
479,55,7040
480,53,6784
481,54,6912
482,53,6784
483,53,6784
484,53,6784
485,53,6784
486,53,6784
487,53,6784
488,53,6784
489,53,6784
490,53,6784
491,54,6912
492,53,6784
493,52,6656
494,52,6656
495,53,6784
496,53,6784
497,53,6784
498,52,6656
499,52,6656
500,52,6656
501,52,6656
502,51,6528
503,51,6528
504,54,6912
505,52,6656
506,51,6528
507,52,6656
508,54,6912
509,54,6912
510,54,6912
511,52,6656
512,51,6528
513,51,6528
514,54,6912
515,52,6656
516,53,6784
517,52,6656
518,52,6656
519,52,6656
520,53,6784
521,52,6656
522,53,6784
523,52,6656
524,51,6528
525,51,6528
526,52,6656
527,52,6656
528,52,6656
529,52,6656
530,53,6784
531,52,6656
532,50,6400
533,51,6528
534,51,6528
535,50,6400
536,50,6400
537,50,6400
538,48,6144
539,49,6272
540,49,6272
541,49,6272
542,50,6400
543,51,6528
544,50,6400
545,50,6400
546,50,6400
547,51,6528
548,50,6400
549,49,6272
550,51,6528
551,50,6400
552,49,6272
553,48,6144
554,50,6400
555,50,6400
556,50,6400
557,50,6400
558,49,6272
559,50,6400
560,49,6272
561,50,6400
562,51,6528
563,52,6656
564,49,6272
565,48,6144
566,52,6656
567,48,6144
568,49,6272
569,49,6272
570,51,6528
571,51,6528
572,53,6784
573,51,6528
574,51,6528
575,51,6528
576,52,6656
577,52,6656
578,52,6656
579,53,6784
580,53,6784
581,53,6784
582,53,6784
583,52,6656
584,51,6528
585,51,6528
586,51,6528
587,51,6528
588,51,6528
589,50,6400
590,50,6400
591,50,6400
592,50,6400
593,51,6528
594,52,6656
595,51,6528
596,51,6528
597,53,6784
598,51,6528
599,51,6528
600,52,6656
601,51,6528
602,53,6784
603,53,6784
604,53,6784
605,53,6784
606,54,6912
607,52,6656
608,52,6656
609,52,6656
610,52,6656
611,52,6656
612,52,6656
613,52,6656
614,52,6656
615,52,6656
616,52,6656
617,53,6784
618,53,6784
619,53,6784
620,53,6784
621,53,6784
622,54,6912
623,52,6656
624,53,6784
625,52,6656
626,52,6656
627,54,6912
628,54,6912
629,53,6784
630,55,7040
631,55,7040
632,55,7040
633,53,6784
634,54,6912
635,55,7040
636,52,6656
637,54,6912
638,53,6784
639,52,6656
640,52,6656
641,52,6656
642,54,6912
643,51,6528
644,52,6656
645,51,6528
646,51,6528
647,50,6400
648,51,6528
649,50,6400
650,49,6272
651,49,6272
652,49,6272
653,50,6400
654,49,6272
655,48,6144
656,49,6272
657,49,6272
658,48,6144
659,48,6144
660,50,6400
661,50,6400
662,49,6272
663,50,6400
664,50,6400
665,50,6400
666,50,6400
667,51,6528
668,51,6528
669,52,6656
670,52,6656
671,52,6656
672,51,6528
673,53,6784
674,53,6784
675,53,6784
676,53,6784
677,53,6784
678,51,6528
679,51,6528
680,52,6656
681,49,6272
682,48,6144
683,49,6272
684,49,6272
685,49,6272
686,47,6016
687,47,6016
688,48,6144
689,48,6144
690,47,6016
691,46,5888
692,48,6144
693,48,6144
694,48,6144
695,48,6144
696,48,6144
697,47,6016
698,47,6016
699,48,6144
700,48,6144
701,47,6016
702,48,6144
703,49,6272
704,48,6144
705,50,6400
706,50,6400
707,49,6272
708,48,6144
709,49,6272
710,49,6272
711,49,6272
712,49,6272
713,49,6272
714,48,6144
715,49,6272
716,49,6272
717,49,6272
718,50,6400
719,48,6144
720,48,6144
721,49,6272
722,49,6272
723,48,6144
724,50,6400
725,48,6144
726,49,6272
727,49,6272
728,49,6272
729,50,6400
730,50,6400
731,50,6400
732,51,6528
733,49,6272
734,49,6272
735,48,6144
736,47,6016
737,48,6144
738,47,6016
739,47,6016
740,48,6144
741,48,6144
742,48,6144
743,47,6016
744,48,6144
745,48,6144
746,47,6016
747,47,6016
748,47,6016
749,47,6016
750,49,6272
751,47,6016
752,48,6144
753,46,5888
754,47,6016
755,47,6016
756,48,6144
757,48,6144
758,47,6016
759,48,6144
760,49,6272
761,48,6144
762,49,6272
763,49,6272
764,50,6400
765,50,6400
766,49,6272
767,48,6144
768,48,6144
769,48,6144
770,49,6272
771,47,6016
772,48,6144
773,47,6016
774,48,6144
775,48,6144
776,48,6144
777,49,6272
778,49,6272
779,49,6272
780,49,6272
781,48,6144
782,47,6016
783,48,6144
784,48,6144
785,48,6144
786,49,6272
787,49,6272
788,49,6272
789,50,6400
790,48,6144
791,48,6144
792,49,6272
793,47,6016
794,48,6144
795,50,6400
796,49,6272
797,49,6272
798,49,6272
799,49,6272
800,50,6400
801,49,6272
802,48,6144
803,48,6144
804,50,6400
805,49,6272
806,49,6272
807,50,6400
808,50,6400
809,49,6272
810,49,6272
811,49,6272
812,49,6272
813,47,6016
814,49,6272
815,49,6272
816,49,6272
817,49,6272
818,48,6144
819,49,6272
820,50,6400
821,51,6528
822,49,6272
823,51,6528
824,50,6400
825,50,6400
826,48,6144
827,49,6272
828,48,6144
829,47,6016
830,48,6144
831,47,6016
832,47,6016
833,50,6400
834,45,5760
835,46,5888
836,47,6016
837,46,5888
838,46,5888
839,47,6016
840,47,6016
841,48,6144
842,49,6272
843,46,5888
844,47,6016
845,47,6016
846,46,5888
847,46,5888
848,47,6016
849,48,6144
850,48,6144
851,50,6400
852,50,6400
853,51,6528
854,50,6400
855,51,6528
856,50,6400
857,50,6400
858,50,6400
859,50,6400
860,49,6272
861,50,6400
862,49,6272
863,50,6400
864,50,6400
865,50,6400
866,49,6272
867,48,6144
868,49,6272
869,49,6272
870,50,6400
871,47,6016
872,49,6272
873,50,6400
874,50,6400
875,50,6400
876,50,6400
877,49,6272
878,50,6400
879,50,6400
880,50,6400
881,50,6400
882,51,6528
883,50,6400
884,50,6400
885,50,6400
886,51,6528
887,50,6400
888,53,6784
889,52,6656
890,54,6912
891,53,6784
892,52,6656
893,52,6656
894,52,6656
895,52,6656
896,54,6912
897,52,6656
898,52,6656
899,52,6656
900,52,6656
901,52,6656
902,52,6656
903,51,6528
904,52,6656
905,52,6656
906,52,6656
907,53,6784
908,51,6528
909,53,6784
910,52,6656
911,50,6400
912,50,6400
913,50,6400
914,49,6272
915,49,6272
916,50,6400
917,52,6656
918,52,6656
919,50,6400
920,49,6272
921,53,6784
922,51,6528
923,52,6656
924,50,6400
925,51,6528
926,51,6528
927,49,6272
928,51,6528
929,51,6528
930,50,6400
931,51,6528
932,52,6656
933,52,6656
934,51,6528
935,50,6400
936,50,6400
937,50,6400
938,50,6400
939,50,6400
940,50,6400
941,50,6400
942,50,6400
943,50,6400
944,49,6272
945,49,6272
946,49,6272
947,49,6272
948,50,6400
949,50,6400
950,49,6272
951,51,6528
952,50,6400
953,50,6400
954,52,6656
955,50,6400
956,51,6528
957,52,6656
958,51,6528
959,51,6528
960,51,6528
961,52,6656
962,51,6528
963,53,6784
964,53,6784
965,53,6784
966,53,6784
967,51,6528
968,51,6528
969,52,6656
970,50,6400
971,51,6528
972,51,6528
973,52,6656
974,52,6656
975,52,6656
976,52,6656
977,52,6656
978,51,6528
979,53,6784
980,52,6656
981,52,6656
982,52,6656
983,52,6656
984,52,6656
985,51,6528
986,52,6656
987,51,6528
988,50,6400
989,50,6400
990,52,6656
991,50,6400
992,50,6400
993,50,6400
994,50,6400
995,52,6656
996,53,6784
997,52,6656
998,52,6656
999,51,6528
1000,51,6528
1001,51,6528
1002,52,6656
1003,53,6784
1004,51,6528
1005,51,6528
1006,50,6400
1007,52,6656
1008,53,6784
1009,52,6656
1010,52,6656
1011,52,6656
1012,53,6784
1013,53,6784
1014,53,6784
1015,53,6784
1016,53,6784
1017,53,6784
1018,53,6784
1019,55,7040
1020,54,6912
1021,54,6912
1022,54,6912
1023,56,7168
1024,55,7040
1025,55,7040
1026,57,7296
1027,56,7168
1028,54,6912
1029,54,6912
1030,55,7040
1031,55,7040
1032,55,7040
1033,56,7168
1034,56,7168
1035,57,7296
1036,56,7168
1037,55,7040
1038,56,7168
1039,56,7168
1040,55,7040
1041,55,7040
1042,56,7168
1043,55,7040
1044,56,7168
1045,57,7296
1046,54,6912
1047,54,6912
1048,53,6784
1049,53,6784
1050,54,6912
1051,55,7040
1052,53,6784
1053,55,7040
1054,54,6912
1055,54,6912
1056,53,6784
1057,54,6912
1058,53,6784
1059,53,6784
1060,54,6912
1061,53,6784
1062,52,6656
1063,52,6656
1064,53,6784
1065,53,6784
1066,51,6528
1067,52,6656
1068,53,6784
1069,52,6656
1070,52,6656
1071,53,6784
1072,52,6656
1073,53,6784
1074,52,6656
1075,54,6912
1076,53,6784
1077,53,6784
1078,54,6912
1079,53,6784
1080,54,6912
1081,54,6912
1082,53,6784
1083,53,6784
1084,54,6912
1085,52,6656
1086,52,6656
1087,52,6656
1088,52,6656
1089,51,6528
1090,51,6528
1091,51,6528
1092,51,6528
1093,52,6656
1094,51,6528
1095,51,6528
1096,51,6528
1097,51,6528
1098,51,6528
1099,51,6528
1100,51,6528
1101,51,6528
1102,50,6400
1103,50,6400
1104,51,6528
1105,50,6400
1106,51,6528
1107,51,6528
1108,53,6784
1109,51,6528
1110,51,6528
1111,53,6784
1112,51,6528
1113,52,6656
1114,52,6656
1115,52,6656
1116,53,6784
1117,53,6784
1118,52,6656
1119,51,6528
1120,51,6528
1121,53,6784
1122,52,6656
1123,51,6528
1124,51,6528
1125,51,6528
1126,50,6400
1127,50,6400
1128,51,6528
1129,51,6528
1130,52,6656
1131,51,6528
1132,52,6656
1133,52,6656
1134,51,6528
1135,51,6528
1136,51,6528
1137,52,6656
1138,52,6656
1139,52,6656
1140,52,6656
1141,52,6656
1142,52,6656
1143,52,6656
1144,52,6656
1145,52,6656
1146,52,6656
1147,53,6784
1148,52,6656
1149,53,6784
1150,53,6784
1151,52,6656
1152,51,6528
1153,52,6656
1154,53,6784
1155,53,6784
1156,53,6784
1157,54,6912
1158,54,6912
1159,52,6656
1160,51,6528
1161,53,6784
1162,53,6784
1163,54,6912
1164,53,6784
1165,52,6656
1166,52,6656
1167,54,6912
1168,52,6656
1169,51,6528
1170,51,6528
1171,52,6656
1172,52,6656
1173,52,6656
1174,51,6528
1175,51,6528
1176,52,6656
1177,52,6656
1178,53,6784
1179,53,6784
1180,53,6784
1181,53,6784
1182,53,6784
1183,51,6528
1184,52,6656
1185,52,6656
1186,50,6400
1187,51,6528
1188,52,6656
1189,52,6656
1190,50,6400
1191,51,6528
1192,51,6528
1193,51,6528
1194,51,6528
1195,50,6400
1196,49,6272
1197,49,6272
1198,49,6272
1199,48,6144
1200,50,6400
1201,50,6400
1202,50,6400
1203,50,6400
1204,50,6400
1205,50,6400
1206,51,6528
1207,51,6528
1208,51,6528
1209,53,6784
1210,52,6656
1211,52,6656
1212,52,6656
1213,51,6528
1214,51,6528
1215,51,6528
1216,51,6528
1217,52,6656
1218,53,6784
1219,52,6656
1220,54,6912
1221,52,6656
1222,52,6656
1223,52,6656
1224,53,6784
1225,53,6784
1226,52,6656
1227,53,6784
1228,53,6784
1229,54,6912
1230,50,6400
1231,51,6528
1232,52,6656
1233,51,6528
1234,52,6656
1235,52,6656
1236,50,6400
1237,50,6400
1238,49,6272
1239,50,6400
1240,51,6528
1241,52,6656
1242,51,6528
1243,51,6528
1244,52,6656
1245,53,6784
1246,56,7168
1247,56,7168
1248,56,7168
1249,54,6912
1250,55,7040
1251,56,7168
1252,56,7168
1253,56,7168
1254,56,7168
1255,56,7168
1256,56,7168
1257,56,7168
1258,55,7040
1259,54,6912
1260,56,7168
1261,55,7040
1262,56,7168
1263,56,7168
1264,56,7168
1265,56,7168
1266,55,7040
1267,54,6912
1268,55,7040
1269,54,6912
1270,54,6912
1271,54,6912
1272,54,6912
1273,53,6784
1274,54,6912
1275,53,6784
1276,54,6912
1277,54,6912
1278,54,6912
1279,54,6912
1280,54,6912
1281,54,6912
1282,54,6912
1283,55,7040
1284,54,6912
1285,55,7040
1286,53,6784
1287,52,6656
1288,53,6784
1289,53,6784
1290,51,6528
1291,51,6528
1292,52,6656
1293,53,6784
1294,52,6656
1295,51,6528
1296,51,6528
1297,51,6528
1298,51,6528
1299,52,6656
1300,52,6656
1301,51,6528
1302,51,6528
1303,50,6400
1304,51,6528
1305,51,6528
1306,52,6656
1307,52,6656
1308,52,6656
1309,52,6656
1310,51,6528
1311,52,6656
1312,52,6656
1313,53,6784
1314,54,6912
1315,52,6656
1316,52,6656
1317,52,6656
1318,52,6656
1319,52,6656
1320,52,6656
1321,52,6656
1322,53,6784
1323,53,6784
1324,54,6912
1325,54,6912
1326,53,6784
1327,53,6784
1328,52,6656
1329,52,6656
1330,53,6784
1331,53,6784
1332,53,6784
1333,53,6784
1334,53,6784
1335,52,6656
1336,52,6656
1337,53,6784
1338,53,6784
1339,50,6400
1340,51,6528
1341,50,6400
1342,51,6528
1343,51,6528
1344,50,6400
1345,51,6528
1346,52,6656
1347,52,6656
1348,53,6784
1349,52,6656
1350,53,6784
1351,51,6528
1352,52,6656
1353,52,6656
1354,51,6528
1355,52,6656
1356,51,6528
1357,52,6656
1358,51,6528
1359,51,6528
1360,51,6528
1361,51,6528
1362,51,6528
1363,53,6784
1364,54,6912
1365,54,6912
1366,53,6784
1367,52,6656
1368,52,6656
1369,50,6400
1370,49,6272
1371,50,6400
1372,52,6656
1373,52,6656
1374,54,6912
1375,52,6656
1376,52,6656
1377,53,6784
1378,53,6784
1379,53,6784
1380,53,6784
1381,54,6912
1382,54,6912
1383,53,6784
1384,52,6656
1385,52,6656
1386,52,6656
1387,51,6528
1388,51,6528
1389,51,6528
1390,50,6400
1391,50,6400
1392,50,6400
1393,50,6400
1394,51,6528
1395,49,6272
1396,51,6528
1397,50,6400
1398,50,6400
1399,51,6528
1400,50,6400
1401,51,6528
1402,51,6528
1403,51,6528
1404,51,6528
1405,52,6656
1406,51,6528
1407,52,6656
1408,50,6400
1409,52,6656
1410,51,6528
1411,51,6528
1412,50,6400
1413,50,6400
1414,50,6400
1415,51,6528
1416,51,6528
1417,53,6784
1418,53,6784
1419,54,6912
1420,54,6912
1421,52,6656
1422,54,6912
1423,52,6656
1424,53,6784
1425,53,6784
1426,53,6784
1427,53,6784
1428,52,6656
1429,52,6656
1430,52,6656
1431,52,6656
1432,52,6656
1433,52,6656
1434,53,6784
1435,53,6784
1436,52,6656
1437,53,6784
1438,53,6784
1439,53,6784
1440,54,6912
1441,54,6912
1442,54,6912
1443,54,6912
1444,54,6912
1445,55,7040
1446,53,6784
1447,53,6784
1448,54,6912
1449,55,7040
1450,55,7040
1451,56,7168
1452,56,7168
1453,55,7040
1454,54,6912
1455,55,7040
1456,55,7040
1457,54,6912
1458,54,6912
1459,54,6912
1460,53,6784
1461,54,6912
1462,55,7040
1463,54,6912
1464,55,7040
1465,55,7040
1466,55,7040
1467,56,7168
1468,56,7168
1469,55,7040
1470,56,7168
1471,54,6912
1472,54,6912
1473,54,6912
1474,55,7040
1475,55,7040
1476,55,7040
1477,53,6784
1478,54,6912
1479,54,6912
1480,54,6912
1481,54,6912
1482,55,7040
1483,55,7040
1484,55,7040
1485,55,7040
1486,55,7040
1487,55,7040
1488,55,7040
1489,53,6784
1490,53,6784
1491,54,6912
1492,53,6784
1493,53,6784
1494,52,6656
1495,52,6656
1496,52,6656
1497,52,6656
1498,52,6656
1499,53,6784
1500,53,6784
1501,53,6784
1502,53,6784
1503,53,6784
1504,53,6784
1505,53,6784
1506,52,6656
1507,50,6400
1508,51,6528
1509,51,6528
1510,51,6528
1511,52,6656
1512,52,6656
1513,51,6528
1514,51,6528
1515,51,6528
1516,52,6656
1517,50,6400
1518,50,6400
1519,49,6272
1520,51,6528
1521,51,6528
1522,51,6528
1523,51,6528
1524,52,6656
1525,52,6656
1526,52,6656
1527,51,6528
1528,50,6400
1529,50,6400
1530,50,6400
1531,50,6400
1532,51,6528
1533,51,6528
1534,51,6528
1535,51,6528
1536,51,6528
1537,51,6528
1538,51,6528
1539,51,6528
1540,50,6400
1541,49,6272
1542,50,6400
1543,50,6400
1544,51,6528
1545,50,6400
1546,49,6272
1547,50,6400
1548,50,6400
1549,51,6528
1550,49,6272
1551,50,6400
1552,50,6400
1553,50,6400
1554,51,6528
1555,52,6656
1556,50,6400
1557,50,6400
1558,52,6656
1559,51,6528
1560,51,6528
1561,52,6656
1562,52,6656
1563,53,6784
1564,53,6784
1565,52,6656
1566,51,6528
1567,51,6528
1568,51,6528
1569,52,6656
1570,53,6784
1571,52,6656
1572,53,6784
1573,52,6656
1574,52,6656
1575,51,6528
1576,51,6528
1577,51,6528
1578,51,6528
1579,50,6400
1580,51,6528
1581,51,6528
1582,53,6784
1583,53,6784
1584,52,6656
1585,52,6656
1586,52,6656
1587,52,6656
1588,52,6656
1589,52,6656
1590,53,6784
1591,52,6656
1592,51,6528
1593,52,6656
1594,51,6528
1595,53,6784
1596,52,6656
1597,52,6656
1598,52,6656
1599,51,6528
1600,50,6400
1601,50,6400
1602,51,6528
1603,51,6528
1604,50,6400
1605,51,6528
1606,50,6400
1607,49,6272
1608,49,6272
1609,49,6272
1610,48,6144
1611,48,6144
1612,50,6400
1613,51,6528
1614,50,6400
1615,50,6400
1616,50,6400
1617,51,6528
1618,50,6400
1619,50,6400
1620,51,6528
1621,52,6656
1622,52,6656
1623,52,6656
1624,52,6656
1625,53,6784
1626,51,6528
1627,52,6656
1628,51,6528
1629,51,6528
1630,51,6528
1631,51,6528
1632,51,6528
1633,51,6528
1634,51,6528
1635,52,6656
1636,51,6528
1637,50,6400
1638,50,6400
1639,50,6400
1640,50,6400
1641,51,6528
1642,50,6400
1643,50,6400
1644,50,6400
1645,49,6272
1646,50,6400
1647,50,6400
1648,49,6272
1649,50,6400
1650,51,6528
1651,50,6400
1652,52,6656
1653,51,6528
1654,51,6528
1655,50,6400
1656,50,6400
1657,50,6400
1658,50,6400
1659,50,6400
1660,49,6272
1661,49,6272
1662,50,6400
1663,49,6272
1664,50,6400
1665,51,6528
1666,50,6400
1667,50,6400
1668,50,6400
1669,49,6272
1670,49,6272
1671,49,6272
1672,49,6272
1673,48,6144
1674,48,6144
1675,48,6144
1676,49,6272
1677,48,6144
1678,47,6016
1679,48,6144
1680,47,6016
1681,48,6144
1682,47,6016
1683,47,6016
1684,48,6144
1685,48,6144
1686,48,6144
1687,48,6144
1688,47,6016
1689,48,6144
1690,48,6144
1691,48,6144
1692,48,6144
1693,48,6144
1694,48,6144
1695,48,6144
1696,48,6144
1697,48,6144
1698,48,6144
1699,48,6144
1700,47,6016
1701,48,6144
1702,49,6272
1703,47,6016
1704,48,6144
1705,48,6144
1706,46,5888
1707,47,6016
1708,47,6016
1709,47,6016
1710,46,5888
1711,46,5888
1712,47,6016
1713,47,6016
1714,47,6016
1715,47,6016
1716,48,6144
1717,49,6272
1718,49,6272
1719,51,6528
1720,48,6144
1721,48,6144
1722,49,6272
1723,48,6144
1724,47,6016
1725,47,6016
1726,47,6016
1727,49,6272
1728,48,6144
1729,49,6272
1730,49,6272
1731,50,6400
1732,50,6400
1733,50,6400
1734,51,6528
1735,49,6272
1736,50,6400
1737,50,6400
1738,50,6400
1739,50,6400
1740,50,6400
1741,48,6144
1742,49,6272
1743,49,6272
1744,49,6272
1745,50,6400
1746,50,6400
1747,50,6400
1748,53,6784
1749,53,6784
1750,53,6784
1751,50,6400
1752,52,6656
1753,52,6656
1754,51,6528
1755,50,6400
1756,51,6528
1757,52,6656
1758,52,6656
1759,52,6656
1760,53,6784
1761,53,6784
1762,53,6784
1763,51,6528
1764,52,6656
1765,52,6656
1766,51,6528
1767,53,6784
1768,51,6528
1769,52,6656
1770,51,6528
1771,52,6656
1772,50,6400
1773,50,6400
1774,49,6272
1775,48,6144
1776,49,6272
1777,50,6400
1778,50,6400
1779,50,6400
1780,49,6272
1781,49,6272
1782,51,6528
1783,50,6400
1784,50,6400
1785,50,6400
1786,51,6528
1787,50,6400
1788,50,6400
1789,50,6400
1790,51,6528
1791,51,6528
1792,51,6528
1793,51,6528
1794,50,6400
1795,49,6272
1796,49,6272
1797,50,6400
1798,49,6272
1799,52,6656
1800,53,6784
1801,53,6784
1802,53,6784
1803,52,6656
1804,50,6400
1805,50,6400
1806,50,6400
1807,51,6528
1808,51,6528
1809,52,6656
1810,52,6656
1811,52,6656
1812,53,6784
1813,53,6784
1814,52,6656
1815,51,6528
1816,52,6656
1817,53,6784
1818,52,6656
1819,52,6656
1820,54,6912
1821,53,6784
1822,53,6784
1823,53,6784
1824,52,6656
1825,53,6784
1826,53,6784
1827,48,6144
1828,49,6272
1829,51,6528
1830,49,6272
1831,49,6272
1832,49,6272
1833,49,6272
1834,50,6400
1835,50,6400
1836,49,6272
1837,50,6400
1838,51,6528
1839,52,6656
1840,51,6528
1841,51,6528
1842,52,6656
1843,50,6400
1844,50,6400
1845,50,6400
1846,50,6400
1847,50,6400
1848,50,6400
1849,49,6272
1850,49,6272
1851,49,6272
1852,49,6272
1853,50,6400
1854,50,6400
1855,49,6272
1856,50,6400
1857,50,6400
1858,50,6400
1859,50,6400
1860,51,6528
1861,50,6400
1862,50,6400
1863,50,6400
1864,48,6144
1865,50,6400
1866,50,6400
1867,49,6272
1868,49,6272
1869,49,6272
1870,48,6144
1871,50,6400
1872,50,6400
1873,48,6144
1874,48,6144
1875,47,6016
1876,50,6400
1877,50,6400
1878,48,6144
1879,48,6144
1880,48,6144
1881,50,6400
1882,50,6400
1883,50,6400
1884,50,6400
1885,49,6272
1886,49,6272
1887,50,6400
1888,52,6656
1889,52,6656
1890,52,6656
1891,52,6656
1892,51,6528
1893,51,6528
1894,51,6528
1895,51,6528
1896,51,6528
1897,50,6400
1898,49,6272
1899,50,6400
1900,50,6400
1901,50,6400
1902,49,6272
1903,49,6272
1904,50,6400
1905,50,6400
1906,50,6400
1907,50,6400
1908,51,6528
1909,51,6528
1910,51,6528
1911,51,6528
1912,51,6528
1913,51,6528
1914,50,6400
1915,50,6400
1916,50,6400
1917,50,6400
1918,50,6400
1919,49,6272
1920,51,6528
1921,49,6272
1922,50,6400
1923,50,6400
1924,51,6528
1925,50,6400
1926,50,6400
1927,50,6400
1928,50,6400
1929,50,6400
1930,50,6400
1931,50,6400
1932,51,6528
1933,48,6144
1934,50,6400
1935,48,6144
1936,48,6144
1937,47,6016
1938,49,6272
1939,49,6272
1940,49,6272
1941,50,6400
1942,49,6272
1943,49,6272
1944,49,6272
1945,47,6016
1946,47,6016
1947,47,6016
1948,48,6144
1949,47,6016
1950,47,6016
1951,46,5888
1952,45,5760
1953,45,5760
1954,45,5760
1955,45,5760
1956,47,6016
1957,47,6016
1958,47,6016
1959,49,6272
1960,47,6016
1961,47,6016
1962,50,6400
1963,47,6016
1964,46,5888
1965,46,5888
1966,47,6016
1967,47,6016
1968,46,5888
1969,44,5632
1970,46,5888
1971,47,6016
1972,46,5888
1973,46,5888
1974,47,6016
1975,47,6016
1976,46,5888
1977,47,6016
1978,47,6016
1979,47,6016
1980,48,6144
1981,48,6144
1982,49,6272
1983,49,6272
1984,49,6272
1985,49,6272
1986,49,6272
1987,50,6400
1988,50,6400
1989,50,6400
1990,50,6400
1991,50,6400
1992,50,6400
1993,48,6144
1994,48,6144
1995,48,6144
1996,50,6400
1997,50,6400
1998,51,6528
1999,49,6272
2000,49,6272
