RandomSeed,58413,Population size:128,Bit Length:64,Crossover Rate:0.7,Mutation Rate:0.005
gen,BestFitness,FitnessEval
1,17.0,2176
2,17.0,2176
3,17.0,2176
4,17.0,2176
5,17.0,2176
6,25.0,3200
7,25.0,3200
8,25.0,3200
9,25.0,3200
10,25.0,3200
11,41.0,5248
12,41.0,5248
13,49.0,6272
14,49.0,6272
15,49.0,6272
16,49.0,6272
17,49.0,6272
18,49.0,6272
19,49.0,6272
20,49.0,6272
21,49.0,6272
22,49.0,6272
23,49.0,6272
24,49.0,6272
25,73.0,9344
26,49.0,6272
27,49.0,6272
28,73.0,9344
29,49.0,6272
30,49.0,6272
31,73.0,9344
32,49.0,6272
33,49.0,6272
34,49.0,6272
35,49.0,6272
36,49.0,6272
37,49.0,6272
38,49.0,6272
39,49.0,6272
40,49.0,6272
41,49.0,6272
42,49.0,6272
43,49.0,6272
44,49.0,6272
45,49.0,6272
46,49.0,6272
47,49.0,6272
48,49.0,6272
49,49.0,6272
50,49.0,6272
51,49.0,6272
52,49.0,6272
53,49.0,6272
54,49.0,6272
55,49.0,6272
56,65.0,8320
57,65.0,8320
58,49.0,6272
59,49.0,6272
60,49.0,6272
61,49.0,6272
62,49.0,6272
63,49.0,6272
64,57.0,7296
65,57.0,7296
66,57.0,7296
67,57.0,7296
68,57.0,7296
69,57.0,7296
70,49.0,6272
71,49.0,6272
72,49.0,6272
73,49.0,6272
74,49.0,6272
75,49.0,6272
76,49.0,6272
77,49.0,6272
78,49.0,6272
79,49.0,6272
80,49.0,6272
81,49.0,6272
82,49.0,6272
83,49.0,6272
84,49.0,6272
85,49.0,6272
86,49.0,6272
87,49.0,6272
88,49.0,6272
89,49.0,6272
90,65.0,8320
91,49.0,6272
92,49.0,6272
93,49.0,6272
94,49.0,6272
95,49.0,6272
96,49.0,6272
97,49.0,6272
98,49.0,6272
99,49.0,6272
100,49.0,6272
101,73.0,9344
102,73.0,9344
103,49.0,6272
104,49.0,6272
105,49.0,6272
106,49.0,6272
107,49.0,6272
108,49.0,6272
109,49.0,6272
110,49.0,6272
111,49.0,6272
112,49.0,6272
113,49.0,6272
114,49.0,6272
115,49.0,6272
116,49.0,6272
117,49.0,6272
118,49.0,6272
119,49.0,6272
120,49.0,6272
121,73.0,9344
122,65.0,8320
123,65.0,8320
124,65.0,8320
125,65.0,8320
126,73.0,9344
127,73.0,9344
128,65.0,8320
129,65.0,8320
130,65.0,8320
131,65.0,8320
132,73.0,9344
133,65.0,8320
134,65.0,8320
135,65.0,8320
136,73.0,9344
137,73.0,9344
138,73.0,9344
139,73.0,9344
140,73.0,9344
141,73.0,9344
142,73.0,9344
143,73.0,9344
144,73.0,9344
145,73.0,9344
146,73.0,9344
147,73.0,9344
148,73.0,9344
149,73.0,9344
150,73.0,9344
151,73.0,9344
152,73.0,9344
153,73.0,9344
154,73.0,9344
155,73.0,9344
156,73.0,9344
157,73.0,9344
158,73.0,9344
159,73.0,9344
160,73.0,9344
161,73.0,9344
162,73.0,9344
163,73.0,9344
164,73.0,9344
165,65.0,8320
166,65.0,8320
167,65.0,8320
168,65.0,8320
169,65.0,8320
170,65.0,8320
171,65.0,8320
172,65.0,8320
173,73.0,9344
174,65.0,8320
175,65.0,8320
176,65.0,8320
177,65.0,8320
178,65.0,8320
179,65.0,8320
180,65.0,8320
181,65.0,8320
182,65.0,8320
183,65.0,8320
184,65.0,8320
185,65.0,8320
186,65.0,8320
187,65.0,8320
188,65.0,8320
189,65.0,8320
190,65.0,8320
191,65.0,8320
192,65.0,8320
193,65.0,8320
194,65.0,8320
195,65.0,8320
196,65.0,8320
197,65.0,8320
198,65.0,8320
199,65.0,8320
200,65.0,8320
201,65.0,8320
202,65.0,8320
203,65.0,8320
204,65.0,8320
205,65.0,8320
206,65.0,8320
207,65.0,8320
208,65.0,8320
209,73.0,9344
210,65.0,8320
211,65.0,8320
212,65.0,8320
213,65.0,8320
214,65.0,8320
215,65.0,8320
216,65.0,8320
217,65.0,8320
218,65.0,8320
219,65.0,8320
220,65.0,8320
221,65.0,8320
222,65.0,8320
223,65.0,8320
224,65.0,8320
225,65.0,8320
226,65.0,8320
227,65.0,8320
228,65.0,8320
229,65.0,8320
230,65.0,8320
231,65.0,8320
232,73.0,9344
233,73.0,9344
234,73.0,9344
235,73.0,9344
236,73.0,9344
237,73.0,9344
238,73.0,9344
239,73.0,9344
240,73.0,9344
241,73.0,9344
242,73.0,9344
243,73.0,9344
244,73.0,9344
245,73.0,9344
246,73.0,9344
247,73.0,9344
248,73.0,9344
249,73.0,9344
250,73.0,9344
251,73.0,9344
252,73.0,9344
253,73.0,9344
254,73.0,9344
255,73.0,9344
256,73.0,9344
257,73.0,9344
258,73.0,9344
259,73.0,9344
260,73.0,9344
261,73.0,9344
262,73.0,9344
263,73.0,9344
264,73.0,9344
265,73.0,9344
266,73.0,9344
267,73.0,9344
268,73.0,9344
269,73.0,9344
270,73.0,9344
271,73.0,9344
272,73.0,9344
273,73.0,9344
274,73.0,9344
275,73.0,9344
276,73.0,9344
277,73.0,9344
278,73.0,9344
279,73.0,9344
280,73.0,9344
281,73.0,9344
282,73.0,9344
283,73.0,9344
284,73.0,9344
285,73.0,9344
286,73.0,9344
287,73.0,9344
288,73.0,9344
289,73.0,9344
290,73.0,9344
291,73.0,9344
292,73.0,9344
293,129.0,16512
294,129.0,16512
295,129.0,16512
296,129.0,16512
297,129.0,16512
298,129.0,16512
299,129.0,16512
300,129.0,16512
301,129.0,16512
302,129.0,16512
303,137.0,17536
304,129.0,16512
305,129.0,16512
306,129.0,16512
307,129.0,16512
308,129.0,16512
309,129.0,16512
310,129.0,16512
311,129.0,16512
312,129.0,16512
313,129.0,16512
314,129.0,16512
315,129.0,16512
316,129.0,16512
317,129.0,16512
318,129.0,16512
319,129.0,16512
320,129.0,16512
321,129.0,16512
322,129.0,16512
323,129.0,16512
324,129.0,16512
325,129.0,16512
326,129.0,16512
327,129.0,16512
328,129.0,16512
329,129.0,16512
330,129.0,16512
331,129.0,16512
332,129.0,16512
333,129.0,16512
334,129.0,16512
335,129.0,16512
336,129.0,16512
337,129.0,16512
338,129.0,16512
339,129.0,16512
340,129.0,16512
341,129.0,16512
342,129.0,16512
343,129.0,16512
344,129.0,16512
345,129.0,16512
346,129.0,16512
347,129.0,16512
348,129.0,16512
349,129.0,16512
350,129.0,16512
351,129.0,16512
352,129.0,16512
353,129.0,16512
354,137.0,17536
355,129.0,16512
356,129.0,16512
357,129.0,16512
358,129.0,16512
359,129.0,16512
360,129.0,16512
361,129.0,16512
362,129.0,16512
363,129.0,16512
364,129.0,16512
365,129.0,16512
366,129.0,16512
367,129.0,16512
368,129.0,16512
369,129.0,16512
370,129.0,16512
371,129.0,16512
372,129.0,16512
373,129.0,16512
374,129.0,16512
375,129.0,16512
376,129.0,16512
377,129.0,16512
378,129.0,16512
379,129.0,16512
380,129.0,16512
381,129.0,16512
382,129.0,16512
383,129.0,16512
384,129.0,16512
385,129.0,16512
386,129.0,16512
387,129.0,16512
388,129.0,16512
389,129.0,16512
390,129.0,16512
391,129.0,16512
392,129.0,16512
393,129.0,16512
394,129.0,16512
395,129.0,16512
396,129.0,16512
397,129.0,16512
398,129.0,16512
399,129.0,16512
400,129.0,16512
401,129.0,16512
402,129.0,16512
403,129.0,16512
404,129.0,16512
405,129.0,16512
406,129.0,16512
407,129.0,16512
408,129.0,16512
409,129.0,16512
410,129.0,16512
411,129.0,16512
412,129.0,16512
413,137.0,17536
414,129.0,16512
415,137.0,17536
416,129.0,16512
417,129.0,16512
418,129.0,16512
419,129.0,16512
420,129.0,16512
421,129.0,16512
422,129.0,16512
423,129.0,16512
424,129.0,16512
425,129.0,16512
426,129.0,16512
427,129.0,16512
428,129.0,16512
429,129.0,16512
430,129.0,16512
431,129.0,16512
432,137.0,17536
433,137.0,17536
434,129.0,16512
435,129.0,16512
436,129.0,16512
437,129.0,16512
438,129.0,16512
439,129.0,16512
440,129.0,16512
441,129.0,16512
442,129.0,16512
443,129.0,16512
444,137.0,17536
445,129.0,16512
446,129.0,16512
447,129.0,16512
448,129.0,16512
449,129.0,16512
450,129.0,16512
451,129.0,16512
452,129.0,16512
453,129.0,16512
454,129.0,16512
455,129.0,16512
456,129.0,16512
457,129.0,16512
458,129.0,16512
459,129.0,16512
460,129.0,16512
461,129.0,16512
462,129.0,16512
463,129.0,16512
464,129.0,16512
465,129.0,16512
466,129.0,16512
467,129.0,16512
468,129.0,16512
469,129.0,16512
470,129.0,16512
471,129.0,16512
472,129.0,16512
473,129.0,16512
474,129.0,16512
475,129.0,16512
476,129.0,16512
477,129.0,16512
478,129.0,16512
479,129.0,16512
480,129.0,16512
481,129.0,16512
482,129.0,16512
483,129.0,16512
484,129.0,16512
485,129.0,16512
486,129.0,16512
487,129.0,16512
488,129.0,16512
489,129.0,16512
490,129.0,16512
491,129.0,16512
492,129.0,16512
493,129.0,16512
494,129.0,16512
495,129.0,16512
496,129.0,16512
497,129.0,16512
498,129.0,16512
499,129.0,16512
500,129.0,16512
501,129.0,16512
502,129.0,16512
503,129.0,16512
504,129.0,16512
505,129.0,16512
506,129.0,16512
507,129.0,16512
508,129.0,16512
509,129.0,16512
510,129.0,16512
511,129.0,16512
512,129.0,16512
513,129.0,16512
514,129.0,16512
515,129.0,16512
516,129.0,16512
517,129.0,16512
518,129.0,16512
519,129.0,16512
520,129.0,16512
521,129.0,16512
522,129.0,16512
523,129.0,16512
524,129.0,16512
525,129.0,16512
526,129.0,16512
527,129.0,16512
528,129.0,16512
529,129.0,16512
530,129.0,16512
531,129.0,16512
532,129.0,16512
533,129.0,16512
534,129.0,16512
535,129.0,16512
536,129.0,16512
537,129.0,16512
538,129.0,16512
539,129.0,16512
540,129.0,16512
541,129.0,16512
542,129.0,16512
543,129.0,16512
544,129.0,16512
545,129.0,16512
546,129.0,16512
547,129.0,16512
548,129.0,16512
549,129.0,16512
550,129.0,16512
551,129.0,16512
552,129.0,16512
553,129.0,16512
554,129.0,16512
555,129.0,16512
556,129.0,16512
557,129.0,16512
558,129.0,16512
559,129.0,16512
560,129.0,16512
561,129.0,16512
562,129.0,16512
563,129.0,16512
564,129.0,16512
565,129.0,16512
566,129.0,16512
567,129.0,16512
568,129.0,16512
569,129.0,16512
570,129.0,16512
571,129.0,16512
572,129.0,16512
573,129.0,16512
574,129.0,16512
575,129.0,16512
576,129.0,16512
577,129.0,16512
578,129.0,16512
579,129.0,16512
580,129.0,16512
581,129.0,16512
582,129.0,16512
583,129.0,16512
584,129.0,16512
585,129.0,16512
586,129.0,16512
587,129.0,16512
588,129.0,16512
589,129.0,16512
590,129.0,16512
591,129.0,16512
592,129.0,16512
593,129.0,16512
594,129.0,16512
595,129.0,16512
596,129.0,16512
597,129.0,16512
598,129.0,16512
599,129.0,16512
600,129.0,16512
601,129.0,16512
602,129.0,16512
603,129.0,16512
604,129.0,16512
605,129.0,16512
606,129.0,16512
607,129.0,16512
608,129.0,16512
609,129.0,16512
610,129.0,16512
611,129.0,16512
612,129.0,16512
613,129.0,16512
614,129.0,16512
615,129.0,16512
616,129.0,16512
617,129.0,16512
618,129.0,16512
619,129.0,16512
620,129.0,16512
621,129.0,16512
622,129.0,16512
623,129.0,16512
624,129.0,16512
625,129.0,16512
626,129.0,16512
627,129.0,16512
628,129.0,16512
629,129.0,16512
630,129.0,16512
631,129.0,16512
632,129.0,16512
633,129.0,16512
634,129.0,16512
635,129.0,16512
636,129.0,16512
637,129.0,16512
638,129.0,16512
639,129.0,16512
640,129.0,16512
641,129.0,16512
642,129.0,16512
643,129.0,16512
644,129.0,16512
645,129.0,16512
646,129.0,16512
647,129.0,16512
648,129.0,16512
649,129.0,16512
650,129.0,16512
651,129.0,16512
652,129.0,16512
653,129.0,16512
654,129.0,16512
655,129.0,16512
656,129.0,16512
657,129.0,16512
658,129.0,16512
659,129.0,16512
660,129.0,16512
661,129.0,16512
662,129.0,16512
663,129.0,16512
664,129.0,16512
665,129.0,16512
666,129.0,16512
667,129.0,16512
668,129.0,16512
669,129.0,16512
670,129.0,16512
671,129.0,16512
672,129.0,16512
673,129.0,16512
674,129.0,16512
675,129.0,16512
676,129.0,16512
677,129.0,16512
678,129.0,16512
679,129.0,16512
680,129.0,16512
681,129.0,16512
682,129.0,16512
683,129.0,16512
684,129.0,16512
685,129.0,16512
686,129.0,16512
687,129.0,16512
688,129.0,16512
689,129.0,16512
690,129.0,16512
691,129.0,16512
692,129.0,16512
693,129.0,16512
694,129.0,16512
695,129.0,16512
696,129.0,16512
697,129.0,16512
698,129.0,16512
699,129.0,16512
700,129.0,16512
701,129.0,16512
702,129.0,16512
703,129.0,16512
704,129.0,16512
705,129.0,16512
706,129.0,16512
707,129.0,16512
708,129.0,16512
709,129.0,16512
710,129.0,16512
711,129.0,16512
712,129.0,16512
713,129.0,16512
714,129.0,16512
715,129.0,16512
716,129.0,16512
717,129.0,16512
718,129.0,16512
719,129.0,16512
720,129.0,16512
721,129.0,16512
722,129.0,16512
723,129.0,16512
724,129.0,16512
725,129.0,16512
726,129.0,16512
727,129.0,16512
728,129.0,16512
729,129.0,16512
730,129.0,16512
731,129.0,16512
732,137.0,17536
733,129.0,16512
734,129.0,16512
735,129.0,16512
736,129.0,16512
737,129.0,16512
738,129.0,16512
739,129.0,16512
740,129.0,16512
741,129.0,16512
742,129.0,16512
743,129.0,16512
744,129.0,16512
745,129.0,16512
746,129.0,16512
747,129.0,16512
748,129.0,16512
749,129.0,16512
750,129.0,16512
751,129.0,16512
752,129.0,16512
753,129.0,16512
754,129.0,16512
755,129.0,16512
756,129.0,16512
757,129.0,16512
758,129.0,16512
759,129.0,16512
760,129.0,16512
761,129.0,16512
762,129.0,16512
763,129.0,16512
764,129.0,16512
765,129.0,16512
766,129.0,16512
767,129.0,16512
768,129.0,16512
769,129.0,16512
770,129.0,16512
771,129.0,16512
772,129.0,16512
773,129.0,16512
774,129.0,16512
775,129.0,16512
776,129.0,16512
777,129.0,16512
778,129.0,16512
779,129.0,16512
780,129.0,16512
781,129.0,16512
782,129.0,16512
783,129.0,16512
784,129.0,16512
785,129.0,16512
786,129.0,16512
787,129.0,16512
788,129.0,16512
789,129.0,16512
790,129.0,16512
791,129.0,16512
792,129.0,16512
793,129.0,16512
794,129.0,16512
795,129.0,16512
796,129.0,16512
797,129.0,16512
798,129.0,16512
799,129.0,16512
800,129.0,16512
801,129.0,16512
802,129.0,16512
803,129.0,16512
804,129.0,16512
805,129.0,16512
806,129.0,16512
807,129.0,16512
808,129.0,16512
809,129.0,16512
810,129.0,16512
811,129.0,16512
812,129.0,16512
813,129.0,16512
814,129.0,16512
815,129.0,16512
816,129.0,16512
817,129.0,16512
818,129.0,16512
819,129.0,16512
820,129.0,16512
821,129.0,16512
822,129.0,16512
823,129.0,16512
824,129.0,16512
825,129.0,16512
826,129.0,16512
827,129.0,16512
828,129.0,16512
829,129.0,16512
830,129.0,16512
831,129.0,16512
832,129.0,16512
833,129.0,16512
834,129.0,16512
835,129.0,16512
836,129.0,16512
837,129.0,16512
838,129.0,16512
839,129.0,16512
840,129.0,16512
841,129.0,16512
842,129.0,16512
843,129.0,16512
844,129.0,16512
845,129.0,16512
846,129.0,16512
847,129.0,16512
848,129.0,16512
849,129.0,16512
850,129.0,16512
851,129.0,16512
852,129.0,16512
853,129.0,16512
854,129.0,16512
855,129.0,16512
856,129.0,16512
857,129.0,16512
858,129.0,16512
859,129.0,16512
860,129.0,16512
861,129.0,16512
862,129.0,16512
863,129.0,16512
864,129.0,16512
865,129.0,16512
866,129.0,16512
867,129.0,16512
868,129.0,16512
869,129.0,16512
870,129.0,16512
871,129.0,16512
872,129.0,16512
873,129.0,16512
874,129.0,16512
875,129.0,16512
876,129.0,16512
877,129.0,16512
878,129.0,16512
879,129.0,16512
880,129.0,16512
881,129.0,16512
882,129.0,16512
883,129.0,16512
884,129.0,16512
885,129.0,16512
886,137.0,17536
887,129.0,16512
888,129.0,16512
889,129.0,16512
890,129.0,16512
891,129.0,16512
892,129.0,16512
893,129.0,16512
894,129.0,16512
895,129.0,16512
896,129.0,16512
897,129.0,16512
898,129.0,16512
899,129.0,16512
900,129.0,16512
901,129.0,16512
902,129.0,16512
903,129.0,16512
904,129.0,16512
905,129.0,16512
906,129.0,16512
907,129.0,16512
908,129.0,16512
909,129.0,16512
910,129.0,16512
911,129.0,16512
912,129.0,16512
913,129.0,16512
914,129.0,16512
915,129.0,16512
916,129.0,16512
917,129.0,16512
918,129.0,16512
919,129.0,16512
920,129.0,16512
921,129.0,16512
922,129.0,16512
923,129.0,16512
924,129.0,16512
925,129.0,16512
926,129.0,16512
927,129.0,16512
928,129.0,16512
929,129.0,16512
930,129.0,16512
931,129.0,16512
932,129.0,16512
933,129.0,16512
934,129.0,16512
935,129.0,16512
936,129.0,16512
937,129.0,16512
938,129.0,16512
939,129.0,16512
940,129.0,16512
941,129.0,16512
942,129.0,16512
943,129.0,16512
944,129.0,16512
945,129.0,16512
946,129.0,16512
947,129.0,16512
948,129.0,16512
949,129.0,16512
950,129.0,16512
951,129.0,16512
952,129.0,16512
953,129.0,16512
954,129.0,16512
955,129.0,16512
956,129.0,16512
957,129.0,16512
958,129.0,16512
959,129.0,16512
960,129.0,16512
961,129.0,16512
962,129.0,16512
963,129.0,16512
964,129.0,16512
965,129.0,16512
966,129.0,16512
967,129.0,16512
968,129.0,16512
969,129.0,16512
970,129.0,16512
971,129.0,16512
972,129.0,16512
973,129.0,16512
974,129.0,16512
975,129.0,16512
976,129.0,16512
977,129.0,16512
978,129.0,16512
979,129.0,16512
980,129.0,16512
981,129.0,16512
982,129.0,16512
983,129.0,16512
984,129.0,16512
985,129.0,16512
986,129.0,16512
987,129.0,16512
988,129.0,16512
989,129.0,16512
990,129.0,16512
991,129.0,16512
992,129.0,16512
993,129.0,16512
994,129.0,16512
995,129.0,16512
996,129.0,16512
997,129.0,16512
998,129.0,16512
999,129.0,16512
1000,129.0,16512
1001,129.0,16512
1002,129.0,16512
1003,129.0,16512
1004,129.0,16512
1005,129.0,16512
1006,129.0,16512
1007,129.0,16512
1008,129.0,16512
1009,129.0,16512
1010,129.0,16512
1011,129.0,16512
1012,129.0,16512
1013,129.0,16512
1014,129.0,16512
1015,129.0,16512
1016,129.0,16512
1017,129.0,16512
1018,129.0,16512
1019,129.0,16512
1020,129.0,16512
1021,129.0,16512
1022,129.0,16512
1023,129.0,16512
1024,129.0,16512
1025,129.0,16512
1026,129.0,16512
1027,129.0,16512
1028,129.0,16512
1029,129.0,16512
1030,129.0,16512
1031,129.0,16512
1032,129.0,16512
1033,129.0,16512
1034,129.0,16512
1035,129.0,16512
1036,129.0,16512
1037,129.0,16512
1038,129.0,16512
1039,129.0,16512
1040,129.0,16512
1041,129.0,16512
1042,129.0,16512
1043,129.0,16512
1044,129.0,16512
1045,129.0,16512
1046,129.0,16512
1047,129.0,16512
1048,129.0,16512
1049,129.0,16512
1050,129.0,16512
1051,129.0,16512
1052,129.0,16512
1053,129.0,16512
1054,129.0,16512
1055,129.0,16512
1056,129.0,16512
1057,129.0,16512
1058,129.0,16512
1059,129.0,16512
1060,129.0,16512
1061,129.0,16512
1062,129.0,16512
1063,129.0,16512
1064,129.0,16512
1065,129.0,16512
1066,129.0,16512
1067,129.0,16512
1068,129.0,16512
1069,129.0,16512
1070,129.0,16512
1071,129.0,16512
1072,129.0,16512
1073,129.0,16512
1074,129.0,16512
1075,129.0,16512
1076,129.0,16512
1077,129.0,16512
1078,137.0,17536
1079,129.0,16512
1080,129.0,16512
1081,129.0,16512
1082,129.0,16512
1083,129.0,16512
1084,129.0,16512
1085,129.0,16512
1086,129.0,16512
1087,129.0,16512
1088,129.0,16512
1089,129.0,16512
1090,129.0,16512
1091,129.0,16512
1092,129.0,16512
1093,129.0,16512
1094,129.0,16512
1095,129.0,16512
1096,129.0,16512
1097,129.0,16512
1098,129.0,16512
1099,129.0,16512
1100,129.0,16512
1101,129.0,16512
1102,129.0,16512
1103,129.0,16512
1104,129.0,16512
1105,129.0,16512
1106,129.0,16512
1107,129.0,16512
1108,129.0,16512
1109,129.0,16512
1110,129.0,16512
1111,129.0,16512
1112,129.0,16512
1113,129.0,16512
1114,129.0,16512
1115,129.0,16512
1116,129.0,16512
1117,129.0,16512
1118,129.0,16512
1119,129.0,16512
1120,129.0,16512
1121,129.0,16512
1122,129.0,16512
1123,129.0,16512
1124,129.0,16512
1125,129.0,16512
1126,129.0,16512
1127,129.0,16512
1128,129.0,16512
1129,129.0,16512
1130,129.0,16512
1131,129.0,16512
1132,129.0,16512
1133,129.0,16512
1134,129.0,16512
1135,129.0,16512
1136,129.0,16512
1137,129.0,16512
1138,129.0,16512
1139,129.0,16512
1140,129.0,16512
1141,129.0,16512
1142,129.0,16512
1143,129.0,16512
1144,129.0,16512
1145,129.0,16512
1146,129.0,16512
1147,129.0,16512
1148,129.0,16512
1149,129.0,16512
1150,129.0,16512
1151,129.0,16512
1152,129.0,16512
1153,129.0,16512
1154,129.0,16512
1155,129.0,16512
1156,129.0,16512
1157,129.0,16512
1158,129.0,16512
1159,129.0,16512
1160,129.0,16512
1161,129.0,16512
1162,129.0,16512
1163,129.0,16512
1164,129.0,16512
1165,129.0,16512
1166,129.0,16512
1167,129.0,16512
1168,129.0,16512
1169,129.0,16512
1170,129.0,16512
1171,129.0,16512
1172,129.0,16512
1173,129.0,16512
1174,129.0,16512
1175,129.0,16512
1176,129.0,16512
1177,129.0,16512
1178,129.0,16512
1179,129.0,16512
1180,129.0,16512
1181,129.0,16512
1182,129.0,16512
1183,129.0,16512
1184,129.0,16512
1185,129.0,16512
1186,129.0,16512
1187,129.0,16512
1188,129.0,16512
1189,129.0,16512
1190,129.0,16512
1191,129.0,16512
1192,129.0,16512
1193,129.0,16512
1194,129.0,16512
1195,129.0,16512
1196,129.0,16512
1197,129.0,16512
1198,129.0,16512
1199,129.0,16512
1200,129.0,16512
1201,129.0,16512
1202,129.0,16512
1203,129.0,16512
1204,129.0,16512
1205,129.0,16512
1206,129.0,16512
1207,129.0,16512
1208,129.0,16512
1209,129.0,16512
1210,129.0,16512
1211,129.0,16512
1212,129.0,16512
1213,129.0,16512
1214,129.0,16512
1215,129.0,16512
1216,129.0,16512
1217,129.0,16512
1218,129.0,16512
1219,129.0,16512
1220,129.0,16512
1221,129.0,16512
1222,129.0,16512
1223,129.0,16512
1224,129.0,16512
1225,137.0,17536
1226,137.0,17536
1227,137.0,17536
1228,137.0,17536
1229,137.0,17536
1230,137.0,17536
1231,137.0,17536
1232,137.0,17536
1233,137.0,17536
1234,137.0,17536
1235,137.0,17536
1236,137.0,17536
1237,137.0,17536
1238,137.0,17536
1239,137.0,17536
1240,137.0,17536
1241,137.0,17536
1242,137.0,17536
1243,137.0,17536
1244,137.0,17536
1245,137.0,17536
1246,137.0,17536
1247,137.0,17536
1248,137.0,17536
1249,137.0,17536
1250,137.0,17536
1251,137.0,17536
1252,137.0,17536
1253,137.0,17536
1254,137.0,17536
1255,137.0,17536
1256,137.0,17536
1257,137.0,17536
1258,137.0,17536
1259,137.0,17536
1260,137.0,17536
1261,137.0,17536
1262,137.0,17536
1263,137.0,17536
1264,137.0,17536
1265,137.0,17536
1266,137.0,17536
1267,137.0,17536
1268,137.0,17536
1269,137.0,17536
1270,137.0,17536
1271,137.0,17536
1272,137.0,17536
1273,137.0,17536
1274,137.0,17536
1275,137.0,17536
1276,137.0,17536
1277,137.0,17536
1278,137.0,17536
1279,137.0,17536
1280,137.0,17536
1281,137.0,17536
1282,137.0,17536
1283,137.0,17536
1284,137.0,17536
1285,137.0,17536
1286,137.0,17536
1287,137.0,17536
1288,137.0,17536
1289,137.0,17536
1290,137.0,17536
1291,137.0,17536
1292,137.0,17536
1293,137.0,17536
1294,137.0,17536
1295,137.0,17536
1296,137.0,17536
1297,137.0,17536
1298,137.0,17536
1299,137.0,17536
1300,137.0,17536
1301,137.0,17536
1302,137.0,17536
1303,137.0,17536
1304,137.0,17536
1305,137.0,17536
1306,137.0,17536
1307,137.0,17536
1308,137.0,17536
1309,137.0,17536
1310,137.0,17536
1311,137.0,17536
1312,137.0,17536
1313,137.0,17536
1314,137.0,17536
1315,137.0,17536
1316,137.0,17536
1317,137.0,17536
1318,137.0,17536
1319,137.0,17536
1320,137.0,17536
1321,137.0,17536
1322,137.0,17536
1323,137.0,17536
1324,137.0,17536
1325,137.0,17536
1326,137.0,17536
1327,137.0,17536
1328,137.0,17536
1329,137.0,17536
1330,137.0,17536
1331,137.0,17536
1332,137.0,17536
1333,137.0,17536
1334,137.0,17536
1335,137.0,17536
1336,137.0,17536
1337,137.0,17536
1338,137.0,17536
1339,137.0,17536
1340,137.0,17536
1341,137.0,17536
1342,137.0,17536
1343,137.0,17536
1344,137.0,17536
1345,137.0,17536
1346,137.0,17536
1347,137.0,17536
1348,137.0,17536
1349,137.0,17536
1350,137.0,17536
1351,137.0,17536
1352,137.0,17536
1353,137.0,17536
1354,137.0,17536
1355,137.0,17536
1356,137.0,17536
1357,137.0,17536
1358,137.0,17536
1359,137.0,17536
1360,137.0,17536
1361,137.0,17536
1362,137.0,17536
1363,137.0,17536
1364,137.0,17536
1365,137.0,17536
1366,137.0,17536
1367,137.0,17536
1368,137.0,17536
1369,137.0,17536
1370,137.0,17536
1371,137.0,17536
1372,137.0,17536
1373,137.0,17536
1374,137.0,17536
1375,137.0,17536
1376,137.0,17536
1377,137.0,17536
1378,137.0,17536
1379,137.0,17536
1380,137.0,17536
1381,137.0,17536
1382,137.0,17536
1383,137.0,17536
1384,137.0,17536
1385,137.0,17536
1386,137.0,17536
1387,137.0,17536
1388,137.0,17536
1389,137.0,17536
1390,137.0,17536
1391,137.0,17536
1392,137.0,17536
1393,137.0,17536
1394,137.0,17536
1395,137.0,17536
1396,137.0,17536
1397,137.0,17536
1398,137.0,17536
1399,137.0,17536
1400,137.0,17536
1401,137.0,17536
1402,137.0,17536
1403,137.0,17536
1404,137.0,17536
1405,137.0,17536
1406,137.0,17536
1407,137.0,17536
1408,137.0,17536
1409,137.0,17536
1410,137.0,17536
1411,137.0,17536
1412,137.0,17536
1413,137.0,17536
1414,137.0,17536
1415,137.0,17536
1416,137.0,17536
1417,137.0,17536
1418,137.0,17536
1419,137.0,17536
1420,137.0,17536
1421,137.0,17536
1422,137.0,17536
1423,137.0,17536
1424,137.0,17536
1425,137.0,17536
1426,137.0,17536
1427,137.0,17536
1428,137.0,17536
1429,137.0,17536
1430,137.0,17536
1431,137.0,17536
1432,137.0,17536
1433,137.0,17536
1434,137.0,17536
1435,137.0,17536
1436,137.0,17536
1437,137.0,17536
1438,137.0,17536
1439,137.0,17536
1440,137.0,17536
1441,137.0,17536
1442,137.0,17536
1443,137.0,17536
1444,129.0,16512
1445,129.0,16512
1446,129.0,16512
1447,129.0,16512
1448,129.0,16512
1449,129.0,16512
1450,129.0,16512
1451,129.0,16512
1452,129.0,16512
1453,137.0,17536
1454,137.0,17536
1455,137.0,17536
1456,137.0,17536
1457,137.0,17536
1458,129.0,16512
1459,137.0,17536
1460,129.0,16512
1461,129.0,16512
1462,129.0,16512
1463,129.0,16512
1464,129.0,16512
1465,129.0,16512
1466,137.0,17536
1467,129.0,16512
1468,137.0,17536
1469,137.0,17536
1470,129.0,16512
1471,129.0,16512
1472,129.0,16512
1473,129.0,16512
1474,129.0,16512
1475,129.0,16512
1476,129.0,16512
1477,129.0,16512
1478,129.0,16512
1479,129.0,16512
1480,129.0,16512
1481,129.0,16512
1482,129.0,16512
1483,129.0,16512
1484,129.0,16512
1485,129.0,16512
1486,129.0,16512
1487,129.0,16512
1488,129.0,16512
1489,129.0,16512
1490,129.0,16512
1491,129.0,16512
1492,129.0,16512
1493,129.0,16512
1494,129.0,16512
1495,129.0,16512
1496,129.0,16512
1497,129.0,16512
1498,129.0,16512
1499,129.0,16512
1500,129.0,16512
1501,129.0,16512
1502,129.0,16512
1503,129.0,16512
1504,129.0,16512
1505,129.0,16512
1506,129.0,16512
1507,129.0,16512
1508,129.0,16512
1509,129.0,16512
1510,129.0,16512
1511,129.0,16512
1512,129.0,16512
1513,129.0,16512
1514,129.0,16512
1515,129.0,16512
1516,129.0,16512
1517,129.0,16512
1518,129.0,16512
1519,129.0,16512
1520,129.0,16512
1521,129.0,16512
1522,129.0,16512
1523,129.0,16512
1524,129.0,16512
1525,129.0,16512
1526,129.0,16512
1527,129.0,16512
1528,129.0,16512
1529,129.0,16512
1530,129.0,16512
1531,129.0,16512
1532,129.0,16512
1533,129.0,16512
1534,129.0,16512
1535,129.0,16512
1536,129.0,16512
1537,129.0,16512
1538,129.0,16512
1539,129.0,16512
1540,129.0,16512
1541,129.0,16512
1542,129.0,16512
1543,129.0,16512
1544,129.0,16512
1545,129.0,16512
1546,129.0,16512
1547,129.0,16512
1548,129.0,16512
1549,129.0,16512
1550,129.0,16512
1551,129.0,16512
1552,129.0,16512
1553,129.0,16512
1554,129.0,16512
1555,129.0,16512
1556,129.0,16512
1557,129.0,16512
1558,129.0,16512
1559,129.0,16512
1560,129.0,16512
1561,129.0,16512
1562,129.0,16512
1563,129.0,16512
1564,129.0,16512
1565,129.0,16512
1566,129.0,16512
1567,129.0,16512
1568,129.0,16512
1569,129.0,16512
1570,129.0,16512
1571,129.0,16512
1572,129.0,16512
1573,129.0,16512
1574,129.0,16512
1575,129.0,16512
1576,129.0,16512
1577,129.0,16512
1578,129.0,16512
1579,129.0,16512
1580,129.0,16512
1581,129.0,16512
1582,129.0,16512
1583,129.0,16512
1584,129.0,16512
1585,129.0,16512
1586,129.0,16512
1587,129.0,16512
1588,129.0,16512
1589,129.0,16512
1590,129.0,16512
1591,129.0,16512
1592,129.0,16512
1593,129.0,16512
1594,129.0,16512
1595,129.0,16512
1596,129.0,16512
1597,129.0,16512
1598,129.0,16512
1599,129.0,16512
1600,129.0,16512
1601,129.0,16512
1602,129.0,16512
1603,129.0,16512
1604,129.0,16512
1605,129.0,16512
1606,129.0,16512
1607,129.0,16512
1608,129.0,16512
1609,129.0,16512
1610,129.0,16512
1611,129.0,16512
1612,129.0,16512
1613,129.0,16512
1614,129.0,16512
1615,129.0,16512
1616,129.0,16512
1617,129.0,16512
1618,129.0,16512
1619,129.0,16512
1620,129.0,16512
1621,129.0,16512
1622,129.0,16512
1623,129.0,16512
1624,129.0,16512
1625,129.0,16512
1626,129.0,16512
1627,129.0,16512
1628,129.0,16512
1629,129.0,16512
1630,129.0,16512
1631,129.0,16512
1632,129.0,16512
1633,129.0,16512
1634,129.0,16512
1635,129.0,16512
1636,129.0,16512
1637,129.0,16512
1638,129.0,16512
1639,129.0,16512
1640,129.0,16512
1641,129.0,16512
1642,129.0,16512
1643,129.0,16512
1644,129.0,16512
1645,129.0,16512
1646,129.0,16512
1647,129.0,16512
1648,129.0,16512
1649,129.0,16512
1650,129.0,16512
1651,129.0,16512
1652,129.0,16512
1653,129.0,16512
1654,129.0,16512
1655,129.0,16512
1656,129.0,16512
1657,129.0,16512
1658,129.0,16512
1659,129.0,16512
1660,129.0,16512
1661,129.0,16512
1662,129.0,16512
1663,129.0,16512
1664,129.0,16512
1665,129.0,16512
1666,129.0,16512
1667,129.0,16512
1668,129.0,16512
1669,129.0,16512
1670,129.0,16512
1671,129.0,16512
1672,129.0,16512
1673,129.0,16512
1674,129.0,16512
1675,129.0,16512
1676,129.0,16512
1677,129.0,16512
1678,129.0,16512
1679,129.0,16512
1680,129.0,16512
1681,129.0,16512
1682,129.0,16512
1683,129.0,16512
1684,129.0,16512
1685,129.0,16512
1686,129.0,16512
1687,129.0,16512
1688,129.0,16512
1689,129.0,16512
1690,129.0,16512
1691,129.0,16512
1692,129.0,16512
1693,129.0,16512
1694,129.0,16512
1695,129.0,16512
1696,129.0,16512
1697,129.0,16512
1698,129.0,16512
1699,129.0,16512
1700,129.0,16512
1701,129.0,16512
1702,129.0,16512
1703,129.0,16512
1704,129.0,16512
1705,129.0,16512
1706,129.0,16512
1707,129.0,16512
1708,129.0,16512
1709,129.0,16512
1710,129.0,16512
1711,129.0,16512
1712,129.0,16512
1713,129.0,16512
1714,129.0,16512
1715,129.0,16512
1716,129.0,16512
1717,129.0,16512
1718,129.0,16512
1719,129.0,16512
1720,129.0,16512
1721,129.0,16512
1722,129.0,16512
1723,129.0,16512
1724,129.0,16512
1725,129.0,16512
1726,129.0,16512
1727,129.0,16512
1728,129.0,16512
1729,129.0,16512
1730,129.0,16512
1731,129.0,16512
1732,129.0,16512
1733,129.0,16512
1734,129.0,16512
1735,129.0,16512
1736,129.0,16512
1737,129.0,16512
1738,129.0,16512
1739,129.0,16512
1740,129.0,16512
1741,129.0,16512
1742,129.0,16512
1743,129.0,16512
1744,129.0,16512
1745,129.0,16512
1746,129.0,16512
1747,129.0,16512
1748,129.0,16512
1749,129.0,16512
1750,129.0,16512
1751,129.0,16512
1752,129.0,16512
1753,129.0,16512
1754,129.0,16512
1755,129.0,16512
1756,129.0,16512
1757,129.0,16512
1758,129.0,16512
1759,129.0,16512
1760,129.0,16512
1761,129.0,16512
1762,129.0,16512
1763,129.0,16512
1764,129.0,16512
1765,129.0,16512
1766,129.0,16512
1767,129.0,16512
1768,129.0,16512
1769,129.0,16512
1770,129.0,16512
1771,129.0,16512
1772,129.0,16512
1773,129.0,16512
1774,129.0,16512
1775,129.0,16512
1776,129.0,16512
1777,129.0,16512
1778,129.0,16512
1779,129.0,16512
1780,129.0,16512
1781,129.0,16512
1782,129.0,16512
1783,129.0,16512
1784,129.0,16512
1785,129.0,16512
1786,129.0,16512
1787,129.0,16512
1788,129.0,16512
1789,129.0,16512
1790,129.0,16512
1791,129.0,16512
1792,129.0,16512
1793,129.0,16512
1794,129.0,16512
1795,129.0,16512
1796,129.0,16512
1797,129.0,16512
1798,129.0,16512
1799,129.0,16512
1800,129.0,16512
1801,129.0,16512
1802,129.0,16512
1803,129.0,16512
1804,129.0,16512
1805,129.0,16512
1806,129.0,16512
1807,129.0,16512
1808,129.0,16512
1809,129.0,16512
1810,129.0,16512
1811,129.0,16512
1812,129.0,16512
1813,129.0,16512
1814,129.0,16512
1815,129.0,16512
1816,129.0,16512
1817,129.0,16512
1818,129.0,16512
1819,129.0,16512
1820,129.0,16512
1821,129.0,16512
1822,129.0,16512
1823,129.0,16512
1824,129.0,16512
1825,129.0,16512
1826,129.0,16512
1827,129.0,16512
1828,129.0,16512
1829,129.0,16512
1830,129.0,16512
1831,129.0,16512
1832,129.0,16512
1833,129.0,16512
1834,129.0,16512
1835,129.0,16512
1836,129.0,16512
1837,129.0,16512
1838,129.0,16512
1839,129.0,16512
1840,129.0,16512
1841,129.0,16512
1842,129.0,16512
1843,129.0,16512
1844,129.0,16512
1845,129.0,16512
1846,129.0,16512
1847,129.0,16512
1848,129.0,16512
1849,129.0,16512
1850,129.0,16512
1851,129.0,16512
1852,129.0,16512
1853,129.0,16512
1854,129.0,16512
1855,129.0,16512
1856,129.0,16512
1857,129.0,16512
1858,129.0,16512
1859,129.0,16512
1860,129.0,16512
1861,129.0,16512
1862,129.0,16512
1863,129.0,16512
1864,129.0,16512
1865,129.0,16512
1866,129.0,16512
1867,129.0,16512
1868,129.0,16512
1869,129.0,16512
1870,129.0,16512
1871,129.0,16512
1872,129.0,16512
1873,129.0,16512
1874,129.0,16512
1875,129.0,16512
1876,129.0,16512
1877,129.0,16512
1878,129.0,16512
1879,129.0,16512
1880,129.0,16512
1881,129.0,16512
1882,129.0,16512
1883,129.0,16512
1884,129.0,16512
1885,129.0,16512
1886,129.0,16512
1887,129.0,16512
1888,129.0,16512
1889,129.0,16512
1890,129.0,16512
1891,129.0,16512
1892,129.0,16512
1893,129.0,16512
1894,129.0,16512
1895,129.0,16512
1896,129.0,16512
1897,129.0,16512
1898,129.0,16512
1899,129.0,16512
1900,129.0,16512
1901,129.0,16512
1902,129.0,16512
1903,129.0,16512
1904,129.0,16512
1905,129.0,16512
1906,129.0,16512
1907,129.0,16512
1908,129.0,16512
1909,129.0,16512
1910,129.0,16512
1911,129.0,16512
1912,129.0,16512
1913,129.0,16512
1914,129.0,16512
1915,129.0,16512
1916,129.0,16512
1917,129.0,16512
1918,129.0,16512
1919,129.0,16512
1920,129.0,16512
1921,129.0,16512
1922,129.0,16512
1923,129.0,16512
1924,129.0,16512
1925,129.0,16512
1926,129.0,16512
1927,129.0,16512
1928,129.0,16512
1929,129.0,16512
1930,129.0,16512
1931,129.0,16512
1932,129.0,16512
1933,129.0,16512
1934,129.0,16512
1935,129.0,16512
1936,129.0,16512
1937,129.0,16512
1938,129.0,16512
1939,129.0,16512
1940,129.0,16512
1941,129.0,16512
1942,129.0,16512
1943,129.0,16512
1944,129.0,16512
1945,129.0,16512
1946,129.0,16512
1947,129.0,16512
1948,129.0,16512
1949,129.0,16512
1950,129.0,16512
1951,129.0,16512
1952,129.0,16512
1953,129.0,16512
1954,129.0,16512
1955,129.0,16512
1956,129.0,16512
1957,129.0,16512
1958,129.0,16512
1959,129.0,16512
1960,129.0,16512
1961,129.0,16512
1962,129.0,16512
1963,129.0,16512
1964,129.0,16512
1965,129.0,16512
1966,129.0,16512
1967,129.0,16512
1968,129.0,16512
1969,129.0,16512
1970,129.0,16512
1971,129.0,16512
1972,129.0,16512
1973,129.0,16512
1974,129.0,16512
1975,129.0,16512
1976,129.0,16512
1977,129.0,16512
1978,129.0,16512
1979,129.0,16512
1980,129.0,16512
1981,129.0,16512
1982,129.0,16512
1983,129.0,16512
1984,129.0,16512
1985,129.0,16512
1986,129.0,16512
1987,129.0,16512
1988,129.0,16512
1989,129.0,16512
1990,129.0,16512
1991,129.0,16512
1992,129.0,16512
1993,129.0,16512
1994,129.0,16512
1995,129.0,16512
1996,129.0,16512
1997,129.0,16512
1998,129.0,16512
1999,129.0,16512
2000,129.0,16512
