RandomSeed,62370,Population size:128,Bit Length:64,Crossover Rate:0.7,Mutation Rate:0.005
gen,BestFitness,FitnessEval
1,17.0,2176
2,17.0,2176
3,17.0,2176
4,17.0,2176
5,17.0,2176
6,25.0,3200
7,41.0,5248
8,41.0,5248
9,41.0,5248
10,41.0,5248
11,41.0,5248
12,41.0,5248
13,41.0,5248
14,41.0,5248
15,41.0,5248
16,41.0,5248
17,41.0,5248
18,49.0,6272
19,41.0,5248
20,41.0,5248
21,41.0,5248
22,41.0,5248
23,41.0,5248
24,49.0,6272
25,49.0,6272
26,49.0,6272
27,49.0,6272
28,49.0,6272
29,49.0,6272
30,41.0,5248
31,41.0,5248
32,41.0,5248
33,41.0,5248
34,41.0,5248
35,49.0,6272
36,41.0,5248
37,41.0,5248
38,41.0,5248
39,41.0,5248
40,41.0,5248
41,49.0,6272
42,41.0,5248
43,41.0,5248
44,41.0,5248
45,41.0,5248
46,41.0,5248
47,41.0,5248
48,41.0,5248
49,41.0,5248
50,41.0,5248
51,41.0,5248
52,41.0,5248
53,41.0,5248
54,41.0,5248
55,41.0,5248
56,41.0,5248
57,41.0,5248
58,41.0,5248
59,41.0,5248
60,41.0,5248
61,41.0,5248
62,41.0,5248
63,41.0,5248
64,41.0,5248
65,41.0,5248
66,41.0,5248
67,41.0,5248
68,41.0,5248
69,41.0,5248
70,41.0,5248
71,41.0,5248
72,41.0,5248
73,41.0,5248
74,49.0,6272
75,49.0,6272
76,49.0,6272
77,49.0,6272
78,49.0,6272
79,49.0,6272
80,49.0,6272
81,49.0,6272
82,49.0,6272
83,49.0,6272
84,49.0,6272
85,49.0,6272
86,49.0,6272
87,49.0,6272
88,49.0,6272
89,49.0,6272
90,49.0,6272
91,49.0,6272
92,49.0,6272
93,49.0,6272
94,49.0,6272
95,49.0,6272
96,49.0,6272
97,49.0,6272
98,49.0,6272
99,49.0,6272
100,49.0,6272
101,49.0,6272
102,49.0,6272
103,49.0,6272
104,49.0,6272
105,49.0,6272
106,49.0,6272
107,49.0,6272
108,49.0,6272
109,49.0,6272
110,49.0,6272
111,49.0,6272
112,49.0,6272
113,49.0,6272
114,49.0,6272
115,49.0,6272
116,49.0,6272
117,49.0,6272
118,49.0,6272
119,49.0,6272
120,49.0,6272
121,49.0,6272
122,49.0,6272
123,49.0,6272
124,49.0,6272
125,49.0,6272
126,49.0,6272
127,49.0,6272
128,49.0,6272
129,49.0,6272
130,49.0,6272
131,49.0,6272
132,49.0,6272
133,49.0,6272
134,49.0,6272
135,49.0,6272
136,49.0,6272
137,49.0,6272
138,49.0,6272
139,49.0,6272
140,49.0,6272
141,49.0,6272
142,49.0,6272
143,49.0,6272
144,49.0,6272
145,49.0,6272
146,49.0,6272
147,49.0,6272
148,49.0,6272
149,49.0,6272
150,49.0,6272
151,49.0,6272
152,49.0,6272
153,49.0,6272
154,57.0,7296
155,57.0,7296
156,57.0,7296
157,57.0,7296
158,57.0,7296
159,57.0,7296
160,57.0,7296
161,57.0,7296
162,57.0,7296
163,57.0,7296
164,57.0,7296
165,57.0,7296
166,57.0,7296
167,57.0,7296
168,57.0,7296
169,57.0,7296
170,57.0,7296
171,57.0,7296
172,57.0,7296
173,81.0,10368
174,81.0,10368
175,81.0,10368
176,81.0,10368
177,81.0,10368
178,81.0,10368
179,81.0,10368
180,81.0,10368
181,81.0,10368
182,81.0,10368
183,81.0,10368
184,81.0,10368
185,81.0,10368
186,81.0,10368
187,81.0,10368
188,81.0,10368
189,81.0,10368
190,81.0,10368
191,81.0,10368
192,129.0,16512
193,129.0,16512
194,129.0,16512
195,81.0,10368
196,81.0,10368
197,81.0,10368
198,81.0,10368
199,81.0,10368
200,81.0,10368
201,81.0,10368
202,81.0,10368
203,81.0,10368
204,81.0,10368
205,105.0,13440
206,81.0,10368
207,81.0,10368
208,81.0,10368
209,81.0,10368
210,81.0,10368
211,81.0,10368
212,113.0,14464
213,129.0,16512
214,137.0,17536
215,137.0,17536
216,137.0,17536
217,137.0,17536
218,137.0,17536
219,137.0,17536
220,137.0,17536
221,137.0,17536
222,137.0,17536
223,137.0,17536
224,137.0,17536
225,137.0,17536
226,137.0,17536
227,137.0,17536
228,137.0,17536
229,137.0,17536
230,137.0,17536
231,137.0,17536
232,137.0,17536
233,137.0,17536
234,137.0,17536
235,137.0,17536
236,137.0,17536
237,137.0,17536
238,137.0,17536
239,137.0,17536
240,137.0,17536
241,137.0,17536
242,137.0,17536
243,137.0,17536
244,137.0,17536
245,137.0,17536
246,137.0,17536
247,137.0,17536
248,137.0,17536
249,137.0,17536
250,137.0,17536
251,137.0,17536
252,137.0,17536
253,137.0,17536
254,137.0,17536
255,137.0,17536
256,137.0,17536
257,137.0,17536
258,137.0,17536
259,137.0,17536
260,137.0,17536
261,137.0,17536
262,137.0,17536
263,137.0,17536
264,137.0,17536
265,137.0,17536
266,137.0,17536
267,137.0,17536
268,137.0,17536
269,137.0,17536
270,137.0,17536
271,137.0,17536
272,137.0,17536
273,137.0,17536
274,137.0,17536
275,137.0,17536
276,137.0,17536
277,137.0,17536
278,137.0,17536
279,137.0,17536
280,137.0,17536
281,137.0,17536
282,137.0,17536
283,137.0,17536
284,137.0,17536
285,137.0,17536
286,137.0,17536
287,137.0,17536
288,137.0,17536
289,137.0,17536
290,137.0,17536
291,137.0,17536
292,137.0,17536
293,137.0,17536
294,137.0,17536
295,137.0,17536
296,137.0,17536
297,137.0,17536
298,137.0,17536
299,137.0,17536
300,137.0,17536
301,137.0,17536
302,137.0,17536
303,137.0,17536
304,137.0,17536
305,137.0,17536
306,137.0,17536
307,137.0,17536
308,137.0,17536
309,137.0,17536
310,137.0,17536
311,137.0,17536
312,137.0,17536
313,137.0,17536
314,137.0,17536
315,137.0,17536
316,137.0,17536
317,137.0,17536
318,137.0,17536
319,137.0,17536
320,137.0,17536
321,137.0,17536
322,137.0,17536
323,137.0,17536
324,137.0,17536
325,137.0,17536
326,137.0,17536
327,137.0,17536
328,137.0,17536
329,137.0,17536
330,137.0,17536
331,137.0,17536
332,137.0,17536
333,137.0,17536
334,137.0,17536
335,137.0,17536
336,137.0,17536
337,137.0,17536
338,137.0,17536
339,137.0,17536
340,137.0,17536
341,137.0,17536
342,137.0,17536
343,137.0,17536
344,137.0,17536
345,137.0,17536
346,137.0,17536
347,137.0,17536
348,137.0,17536
349,137.0,17536
350,137.0,17536
351,137.0,17536
352,137.0,17536
353,137.0,17536
354,137.0,17536
355,137.0,17536
356,137.0,17536
357,137.0,17536
358,137.0,17536
359,137.0,17536
360,137.0,17536
361,137.0,17536
362,137.0,17536
363,137.0,17536
364,137.0,17536
365,137.0,17536
366,137.0,17536
367,137.0,17536
368,137.0,17536
369,137.0,17536
370,137.0,17536
371,137.0,17536
372,137.0,17536
373,137.0,17536
374,137.0,17536
375,137.0,17536
376,137.0,17536
377,137.0,17536
378,137.0,17536
379,137.0,17536
380,137.0,17536
381,137.0,17536
382,137.0,17536
383,137.0,17536
384,137.0,17536
385,137.0,17536
386,137.0,17536
387,137.0,17536
388,129.0,16512
389,129.0,16512
390,129.0,16512
391,129.0,16512
392,129.0,16512
393,129.0,16512
394,129.0,16512
395,129.0,16512
396,129.0,16512
397,129.0,16512
398,129.0,16512
399,129.0,16512
400,129.0,16512
401,129.0,16512
402,129.0,16512
403,129.0,16512
404,129.0,16512
405,129.0,16512
406,129.0,16512
407,129.0,16512
408,129.0,16512
409,129.0,16512
410,129.0,16512
411,129.0,16512
412,129.0,16512
413,129.0,16512
414,129.0,16512
415,129.0,16512
416,129.0,16512
417,129.0,16512
418,129.0,16512
419,129.0,16512
420,129.0,16512
421,129.0,16512
422,129.0,16512
423,129.0,16512
424,129.0,16512
425,129.0,16512
426,129.0,16512
427,129.0,16512
428,129.0,16512
429,129.0,16512
430,129.0,16512
431,129.0,16512
432,129.0,16512
433,129.0,16512
434,129.0,16512
435,129.0,16512
436,129.0,16512
437,129.0,16512
438,129.0,16512
439,129.0,16512
440,129.0,16512
441,129.0,16512
442,129.0,16512
443,129.0,16512
444,137.0,17536
445,129.0,16512
446,129.0,16512
447,129.0,16512
448,129.0,16512
449,129.0,16512
450,129.0,16512
451,129.0,16512
452,129.0,16512
453,129.0,16512
454,129.0,16512
455,129.0,16512
456,129.0,16512
457,129.0,16512
458,129.0,16512
459,129.0,16512
460,129.0,16512
461,129.0,16512
462,129.0,16512
463,129.0,16512
464,129.0,16512
465,129.0,16512
466,129.0,16512
467,129.0,16512
468,129.0,16512
469,129.0,16512
470,137.0,17536
471,137.0,17536
472,129.0,16512
473,137.0,17536
474,137.0,17536
475,129.0,16512
476,129.0,16512
477,129.0,16512
478,129.0,16512
479,129.0,16512
480,129.0,16512
481,129.0,16512
482,129.0,16512
483,129.0,16512
484,129.0,16512
485,129.0,16512
486,129.0,16512
487,129.0,16512
488,129.0,16512
489,129.0,16512
490,129.0,16512
491,129.0,16512
492,129.0,16512
493,129.0,16512
494,129.0,16512
495,129.0,16512
496,129.0,16512
497,129.0,16512
498,129.0,16512
499,129.0,16512
500,129.0,16512
501,129.0,16512
502,129.0,16512
503,129.0,16512
504,129.0,16512
505,129.0,16512
506,129.0,16512
507,129.0,16512
508,129.0,16512
509,129.0,16512
510,129.0,16512
511,129.0,16512
512,129.0,16512
513,129.0,16512
514,129.0,16512
515,129.0,16512
516,129.0,16512
517,129.0,16512
518,129.0,16512
519,129.0,16512
520,129.0,16512
521,129.0,16512
522,129.0,16512
523,129.0,16512
524,129.0,16512
525,129.0,16512
526,129.0,16512
527,129.0,16512
528,129.0,16512
529,129.0,16512
530,129.0,16512
531,129.0,16512
532,129.0,16512
533,129.0,16512
534,129.0,16512
535,129.0,16512
536,129.0,16512
537,129.0,16512
538,129.0,16512
539,129.0,16512
540,129.0,16512
541,129.0,16512
542,129.0,16512
543,129.0,16512
544,129.0,16512
545,129.0,16512
546,129.0,16512
547,129.0,16512
548,129.0,16512
549,129.0,16512
550,129.0,16512
551,129.0,16512
552,129.0,16512
553,129.0,16512
554,129.0,16512
555,129.0,16512
556,129.0,16512
557,129.0,16512
558,129.0,16512
559,129.0,16512
560,129.0,16512
561,129.0,16512
562,129.0,16512
563,129.0,16512
564,129.0,16512
565,129.0,16512
566,129.0,16512
567,129.0,16512
568,129.0,16512
569,129.0,16512
570,129.0,16512
571,129.0,16512
572,129.0,16512
573,129.0,16512
574,129.0,16512
575,129.0,16512
576,129.0,16512
577,129.0,16512
578,129.0,16512
579,129.0,16512
580,129.0,16512
581,129.0,16512
582,129.0,16512
583,129.0,16512
584,129.0,16512
585,129.0,16512
586,129.0,16512
587,129.0,16512
588,129.0,16512
589,129.0,16512
590,129.0,16512
591,129.0,16512
592,129.0,16512
593,129.0,16512
594,137.0,17536
595,129.0,16512
596,129.0,16512
597,129.0,16512
598,129.0,16512
599,129.0,16512
600,129.0,16512
601,129.0,16512
602,129.0,16512
603,129.0,16512
604,129.0,16512
605,129.0,16512
606,129.0,16512
607,129.0,16512
608,129.0,16512
609,129.0,16512
610,129.0,16512
611,129.0,16512
612,129.0,16512
613,129.0,16512
614,129.0,16512
615,129.0,16512
616,129.0,16512
617,129.0,16512
618,129.0,16512
619,129.0,16512
620,129.0,16512
621,129.0,16512
622,129.0,16512
623,129.0,16512
624,129.0,16512
625,129.0,16512
626,137.0,17536
627,129.0,16512
628,129.0,16512
629,129.0,16512
630,129.0,16512
631,129.0,16512
632,129.0,16512
633,137.0,17536
634,137.0,17536
635,137.0,17536
636,137.0,17536
637,137.0,17536
638,137.0,17536
639,137.0,17536
640,137.0,17536
641,137.0,17536
642,137.0,17536
643,129.0,16512
644,129.0,16512
645,129.0,16512
646,129.0,16512
647,129.0,16512
648,129.0,16512
649,129.0,16512
650,129.0,16512
651,129.0,16512
652,129.0,16512
653,129.0,16512
654,129.0,16512
655,129.0,16512
656,129.0,16512
657,129.0,16512
658,129.0,16512
659,129.0,16512
660,129.0,16512
661,129.0,16512
662,129.0,16512
663,129.0,16512
664,129.0,16512
665,129.0,16512
666,129.0,16512
667,129.0,16512
668,129.0,16512
669,129.0,16512
670,129.0,16512
671,129.0,16512
672,129.0,16512
673,129.0,16512
674,129.0,16512
675,129.0,16512
676,129.0,16512
677,129.0,16512
678,129.0,16512
679,129.0,16512
680,129.0,16512
681,129.0,16512
682,129.0,16512
683,129.0,16512
684,129.0,16512
685,129.0,16512
686,129.0,16512
687,129.0,16512
688,129.0,16512
689,129.0,16512
690,129.0,16512
691,129.0,16512
692,129.0,16512
693,129.0,16512
694,129.0,16512
695,129.0,16512
696,129.0,16512
697,129.0,16512
698,129.0,16512
699,129.0,16512
700,129.0,16512
701,129.0,16512
702,129.0,16512
703,129.0,16512
704,129.0,16512
705,129.0,16512
706,129.0,16512
707,129.0,16512
708,129.0,16512
709,129.0,16512
710,129.0,16512
711,129.0,16512
712,129.0,16512
713,129.0,16512
714,129.0,16512
715,129.0,16512
716,129.0,16512
717,129.0,16512
718,129.0,16512
719,129.0,16512
720,129.0,16512
721,129.0,16512
722,129.0,16512
723,129.0,16512
724,129.0,16512
725,129.0,16512
726,129.0,16512
727,129.0,16512
728,129.0,16512
729,129.0,16512
730,129.0,16512
731,129.0,16512
732,129.0,16512
733,129.0,16512
734,129.0,16512
735,129.0,16512
736,129.0,16512
737,129.0,16512
738,129.0,16512
739,129.0,16512
740,129.0,16512
741,129.0,16512
742,129.0,16512
743,129.0,16512
744,129.0,16512
745,129.0,16512
746,129.0,16512
747,129.0,16512
748,129.0,16512
749,129.0,16512
750,129.0,16512
751,129.0,16512
752,129.0,16512
753,129.0,16512
754,129.0,16512
755,129.0,16512
756,129.0,16512
757,129.0,16512
758,129.0,16512
759,129.0,16512
760,129.0,16512
761,129.0,16512
762,129.0,16512
763,129.0,16512
764,129.0,16512
765,129.0,16512
766,129.0,16512
767,129.0,16512
768,129.0,16512
769,129.0,16512
770,129.0,16512
771,129.0,16512
772,129.0,16512
773,129.0,16512
774,137.0,17536
775,129.0,16512
776,129.0,16512
777,129.0,16512
778,129.0,16512
779,129.0,16512
780,129.0,16512
781,129.0,16512
782,129.0,16512
783,129.0,16512
784,129.0,16512
785,129.0,16512
786,129.0,16512
787,129.0,16512
788,129.0,16512
789,129.0,16512
790,129.0,16512
791,129.0,16512
792,129.0,16512
793,129.0,16512
794,129.0,16512
795,129.0,16512
796,129.0,16512
797,129.0,16512
798,129.0,16512
799,129.0,16512
800,129.0,16512
801,129.0,16512
802,129.0,16512
803,129.0,16512
804,129.0,16512
805,129.0,16512
806,129.0,16512
807,129.0,16512
808,129.0,16512
809,129.0,16512
810,129.0,16512
811,137.0,17536
812,129.0,16512
813,129.0,16512
814,129.0,16512
815,129.0,16512
816,129.0,16512
817,129.0,16512
818,129.0,16512
819,129.0,16512
820,129.0,16512
821,129.0,16512
822,129.0,16512
823,137.0,17536
824,129.0,16512
825,137.0,17536
826,137.0,17536
827,137.0,17536
828,137.0,17536
829,137.0,17536
830,137.0,17536
831,137.0,17536
832,137.0,17536
833,137.0,17536
834,129.0,16512
835,129.0,16512
836,129.0,16512
837,129.0,16512
838,129.0,16512
839,129.0,16512
840,129.0,16512
841,129.0,16512
842,129.0,16512
843,129.0,16512
844,129.0,16512
845,129.0,16512
846,129.0,16512
847,129.0,16512
848,129.0,16512
849,129.0,16512
850,129.0,16512
851,129.0,16512
852,129.0,16512
853,129.0,16512
854,129.0,16512
855,129.0,16512
856,129.0,16512
857,129.0,16512
858,129.0,16512
859,129.0,16512
860,129.0,16512
861,129.0,16512
862,129.0,16512
863,129.0,16512
864,129.0,16512
865,129.0,16512
866,129.0,16512
867,129.0,16512
868,129.0,16512
869,129.0,16512
870,129.0,16512
871,129.0,16512
872,129.0,16512
873,129.0,16512
874,129.0,16512
875,129.0,16512
876,129.0,16512
877,129.0,16512
878,129.0,16512
879,129.0,16512
880,129.0,16512
881,129.0,16512
882,129.0,16512
883,129.0,16512
884,129.0,16512
885,129.0,16512
886,129.0,16512
887,129.0,16512
888,129.0,16512
889,129.0,16512
890,129.0,16512
891,129.0,16512
892,129.0,16512
893,129.0,16512
894,129.0,16512
895,129.0,16512
896,129.0,16512
897,129.0,16512
898,129.0,16512
899,129.0,16512
900,129.0,16512
901,129.0,16512
902,129.0,16512
903,129.0,16512
904,129.0,16512
905,129.0,16512
906,129.0,16512
907,129.0,16512
908,129.0,16512
909,129.0,16512
910,129.0,16512
911,129.0,16512
912,129.0,16512
913,129.0,16512
914,129.0,16512
915,129.0,16512
916,129.0,16512
917,129.0,16512
918,129.0,16512
919,129.0,16512
920,129.0,16512
921,129.0,16512
922,129.0,16512
923,129.0,16512
924,129.0,16512
925,129.0,16512
926,129.0,16512
927,129.0,16512
928,129.0,16512
929,129.0,16512
930,129.0,16512
931,129.0,16512
932,129.0,16512
933,129.0,16512
934,129.0,16512
935,129.0,16512
936,129.0,16512
937,129.0,16512
938,129.0,16512
939,129.0,16512
940,137.0,17536
941,137.0,17536
942,137.0,17536
943,137.0,17536
944,137.0,17536
945,137.0,17536
946,137.0,17536
947,137.0,17536
948,137.0,17536
949,137.0,17536
950,137.0,17536
951,137.0,17536
952,137.0,17536
953,137.0,17536
954,137.0,17536
955,137.0,17536
956,137.0,17536
957,129.0,16512
958,129.0,16512
959,137.0,17536
960,137.0,17536
961,137.0,17536
962,137.0,17536
963,137.0,17536
964,129.0,16512
965,137.0,17536
966,137.0,17536
967,137.0,17536
968,137.0,17536
969,129.0,16512
970,129.0,16512
971,129.0,16512
972,137.0,17536
973,137.0,17536
974,137.0,17536
975,137.0,17536
976,137.0,17536
977,137.0,17536
978,137.0,17536
979,137.0,17536
980,137.0,17536
981,137.0,17536
982,137.0,17536
983,137.0,17536
984,137.0,17536
985,137.0,17536
986,137.0,17536
987,137.0,17536
988,137.0,17536
989,137.0,17536
990,137.0,17536
991,137.0,17536
992,137.0,17536
993,137.0,17536
994,137.0,17536
995,137.0,17536
996,137.0,17536
997,137.0,17536
998,129.0,16512
999,129.0,16512
1000,129.0,16512
1001,129.0,16512
1002,129.0,16512
1003,129.0,16512
1004,129.0,16512
1005,129.0,16512
1006,129.0,16512
1007,129.0,16512
1008,129.0,16512
1009,129.0,16512
1010,129.0,16512
1011,129.0,16512
1012,129.0,16512
1013,129.0,16512
1014,129.0,16512
1015,129.0,16512
1016,129.0,16512
1017,129.0,16512
1018,137.0,17536
1019,137.0,17536
1020,137.0,17536
1021,129.0,16512
1022,129.0,16512
1023,137.0,17536
1024,137.0,17536
1025,137.0,17536
1026,129.0,16512
1027,137.0,17536
1028,137.0,17536
1029,129.0,16512
1030,129.0,16512
1031,129.0,16512
1032,129.0,16512
1033,129.0,16512
1034,129.0,16512
1035,129.0,16512
1036,129.0,16512
1037,129.0,16512
1038,129.0,16512
1039,129.0,16512
1040,129.0,16512
1041,129.0,16512
1042,129.0,16512
1043,129.0,16512
1044,129.0,16512
1045,129.0,16512
1046,129.0,16512
1047,129.0,16512
1048,129.0,16512
1049,129.0,16512
1050,129.0,16512
1051,137.0,17536
1052,137.0,17536
1053,137.0,17536
1054,129.0,16512
1055,129.0,16512
1056,129.0,16512
1057,137.0,17536
1058,137.0,17536
1059,129.0,16512
1060,129.0,16512
1061,129.0,16512
1062,129.0,16512
1063,129.0,16512
1064,129.0,16512
1065,137.0,17536
1066,137.0,17536
1067,137.0,17536
1068,129.0,16512
1069,129.0,16512
1070,129.0,16512
1071,129.0,16512
1072,129.0,16512
1073,129.0,16512
1074,129.0,16512
1075,129.0,16512
1076,129.0,16512
1077,137.0,17536
1078,137.0,17536
1079,129.0,16512
1080,129.0,16512
1081,129.0,16512
1082,129.0,16512
1083,129.0,16512
1084,129.0,16512
1085,129.0,16512
1086,129.0,16512
1087,129.0,16512
1088,129.0,16512
1089,129.0,16512
1090,129.0,16512
1091,129.0,16512
1092,129.0,16512
1093,137.0,17536
1094,129.0,16512
1095,129.0,16512
1096,129.0,16512
1097,129.0,16512
1098,129.0,16512
1099,129.0,16512
1100,129.0,16512
1101,129.0,16512
1102,129.0,16512
1103,129.0,16512
1104,129.0,16512
1105,129.0,16512
1106,129.0,16512
1107,129.0,16512
1108,129.0,16512
1109,129.0,16512
1110,129.0,16512
1111,129.0,16512
1112,129.0,16512
1113,129.0,16512
1114,129.0,16512
1115,129.0,16512
1116,129.0,16512
1117,129.0,16512
1118,129.0,16512
1119,129.0,16512
1120,129.0,16512
1121,129.0,16512
1122,129.0,16512
1123,129.0,16512
1124,129.0,16512
1125,129.0,16512
1126,129.0,16512
1127,129.0,16512
1128,129.0,16512
1129,129.0,16512
1130,129.0,16512
1131,129.0,16512
1132,129.0,16512
1133,137.0,17536
1134,137.0,17536
1135,137.0,17536
1136,137.0,17536
1137,129.0,16512
1138,137.0,17536
1139,129.0,16512
1140,129.0,16512
1141,129.0,16512
1142,129.0,16512
1143,129.0,16512
1144,129.0,16512
1145,129.0,16512
1146,129.0,16512
1147,129.0,16512
1148,129.0,16512
1149,129.0,16512
1150,129.0,16512
1151,129.0,16512
1152,129.0,16512
1153,129.0,16512
1154,129.0,16512
1155,129.0,16512
1156,129.0,16512
1157,129.0,16512
1158,129.0,16512
1159,129.0,16512
1160,129.0,16512
1161,129.0,16512
1162,129.0,16512
1163,129.0,16512
1164,129.0,16512
1165,129.0,16512
1166,129.0,16512
1167,129.0,16512
1168,129.0,16512
1169,129.0,16512
1170,129.0,16512
1171,129.0,16512
1172,129.0,16512
1173,129.0,16512
1174,129.0,16512
1175,129.0,16512
1176,129.0,16512
1177,129.0,16512
1178,129.0,16512
1179,129.0,16512
1180,129.0,16512
1181,129.0,16512
1182,129.0,16512
1183,129.0,16512
1184,129.0,16512
1185,129.0,16512
1186,129.0,16512
1187,129.0,16512
1188,129.0,16512
1189,129.0,16512
1190,129.0,16512
1191,129.0,16512
1192,129.0,16512
1193,129.0,16512
1194,129.0,16512
1195,129.0,16512
1196,129.0,16512
1197,129.0,16512
1198,129.0,16512
1199,129.0,16512
1200,129.0,16512
1201,129.0,16512
1202,129.0,16512
1203,129.0,16512
1204,129.0,16512
1205,129.0,16512
1206,129.0,16512
1207,129.0,16512
1208,129.0,16512
1209,129.0,16512
1210,129.0,16512
1211,129.0,16512
1212,129.0,16512
1213,129.0,16512
1214,129.0,16512
1215,129.0,16512
1216,129.0,16512
1217,129.0,16512
1218,129.0,16512
1219,129.0,16512
1220,129.0,16512
1221,129.0,16512
1222,129.0,16512
1223,129.0,16512
1224,129.0,16512
1225,129.0,16512
1226,129.0,16512
1227,129.0,16512
1228,129.0,16512
1229,129.0,16512
1230,129.0,16512
1231,129.0,16512
1232,129.0,16512
1233,129.0,16512
1234,129.0,16512
1235,129.0,16512
1236,129.0,16512
1237,129.0,16512
1238,129.0,16512
1239,129.0,16512
1240,129.0,16512
1241,129.0,16512
1242,129.0,16512
1243,129.0,16512
1244,129.0,16512
1245,129.0,16512
1246,129.0,16512
1247,129.0,16512
1248,129.0,16512
1249,129.0,16512
1250,129.0,16512
1251,129.0,16512
1252,129.0,16512
1253,129.0,16512
1254,129.0,16512
1255,129.0,16512
1256,129.0,16512
1257,129.0,16512
1258,129.0,16512
1259,129.0,16512
1260,129.0,16512
1261,129.0,16512
1262,129.0,16512
1263,129.0,16512
1264,129.0,16512
1265,129.0,16512
1266,129.0,16512
1267,129.0,16512
1268,129.0,16512
1269,129.0,16512
1270,129.0,16512
1271,129.0,16512
1272,129.0,16512
1273,129.0,16512
1274,129.0,16512
1275,129.0,16512
1276,129.0,16512
1277,129.0,16512
1278,129.0,16512
1279,129.0,16512
1280,129.0,16512
1281,129.0,16512
1282,129.0,16512
1283,129.0,16512
1284,129.0,16512
1285,129.0,16512
1286,129.0,16512
1287,129.0,16512
1288,129.0,16512
1289,129.0,16512
1290,129.0,16512
1291,129.0,16512
1292,129.0,16512
1293,129.0,16512
1294,129.0,16512
1295,129.0,16512
1296,129.0,16512
1297,129.0,16512
1298,129.0,16512
1299,129.0,16512
1300,129.0,16512
1301,129.0,16512
1302,129.0,16512
1303,129.0,16512
1304,129.0,16512
1305,129.0,16512
1306,129.0,16512
1307,129.0,16512
1308,129.0,16512
1309,129.0,16512
1310,129.0,16512
1311,129.0,16512
1312,129.0,16512
1313,129.0,16512
1314,129.0,16512
1315,129.0,16512
1316,129.0,16512
1317,129.0,16512
1318,129.0,16512
1319,129.0,16512
1320,129.0,16512
1321,129.0,16512
1322,129.0,16512
1323,129.0,16512
1324,129.0,16512
1325,129.0,16512
1326,129.0,16512
1327,129.0,16512
1328,129.0,16512
1329,129.0,16512
1330,129.0,16512
1331,129.0,16512
1332,129.0,16512
1333,129.0,16512
1334,129.0,16512
1335,129.0,16512
1336,129.0,16512
1337,129.0,16512
1338,129.0,16512
1339,129.0,16512
1340,129.0,16512
1341,129.0,16512
1342,129.0,16512
1343,129.0,16512
1344,129.0,16512
1345,129.0,16512
1346,129.0,16512
1347,129.0,16512
1348,129.0,16512
1349,129.0,16512
1350,129.0,16512
1351,129.0,16512
1352,129.0,16512
1353,129.0,16512
1354,129.0,16512
1355,129.0,16512
1356,129.0,16512
1357,129.0,16512
1358,129.0,16512
1359,129.0,16512
1360,129.0,16512
1361,129.0,16512
1362,129.0,16512
1363,129.0,16512
1364,129.0,16512
1365,129.0,16512
1366,129.0,16512
1367,129.0,16512
1368,129.0,16512
1369,129.0,16512
1370,129.0,16512
1371,129.0,16512
1372,129.0,16512
1373,129.0,16512
1374,129.0,16512
1375,129.0,16512
1376,129.0,16512
1377,129.0,16512
1378,129.0,16512
1379,129.0,16512
1380,129.0,16512
1381,129.0,16512
1382,129.0,16512
1383,129.0,16512
1384,129.0,16512
1385,129.0,16512
1386,129.0,16512
1387,129.0,16512
1388,129.0,16512
1389,129.0,16512
1390,129.0,16512
1391,129.0,16512
1392,129.0,16512
1393,129.0,16512
1394,129.0,16512
1395,129.0,16512
1396,129.0,16512
1397,129.0,16512
1398,129.0,16512
1399,129.0,16512
1400,129.0,16512
1401,129.0,16512
1402,129.0,16512
1403,129.0,16512
1404,129.0,16512
1405,129.0,16512
1406,129.0,16512
1407,129.0,16512
1408,129.0,16512
1409,129.0,16512
1410,129.0,16512
1411,129.0,16512
1412,129.0,16512
1413,129.0,16512
1414,129.0,16512
1415,129.0,16512
1416,129.0,16512
1417,129.0,16512
1418,129.0,16512
1419,129.0,16512
1420,129.0,16512
1421,129.0,16512
1422,129.0,16512
1423,129.0,16512
1424,129.0,16512
1425,129.0,16512
1426,129.0,16512
1427,129.0,16512
1428,129.0,16512
1429,129.0,16512
1430,129.0,16512
1431,129.0,16512
1432,129.0,16512
1433,129.0,16512
1434,129.0,16512
1435,129.0,16512
1436,129.0,16512
1437,129.0,16512
1438,129.0,16512
1439,129.0,16512
1440,129.0,16512
1441,129.0,16512
1442,129.0,16512
1443,129.0,16512
1444,129.0,16512
1445,129.0,16512
1446,129.0,16512
1447,129.0,16512
1448,129.0,16512
1449,129.0,16512
1450,129.0,16512
1451,129.0,16512
1452,129.0,16512
1453,129.0,16512
1454,129.0,16512
1455,129.0,16512
1456,129.0,16512
1457,129.0,16512
1458,129.0,16512
1459,129.0,16512
1460,129.0,16512
1461,129.0,16512
1462,129.0,16512
1463,129.0,16512
1464,129.0,16512
1465,129.0,16512
1466,129.0,16512
1467,129.0,16512
1468,129.0,16512
1469,129.0,16512
1470,129.0,16512
1471,129.0,16512
1472,129.0,16512
1473,129.0,16512
1474,129.0,16512
1475,129.0,16512
1476,129.0,16512
1477,129.0,16512
1478,129.0,16512
1479,129.0,16512
1480,129.0,16512
1481,129.0,16512
1482,129.0,16512
1483,129.0,16512
1484,129.0,16512
1485,129.0,16512
1486,129.0,16512
1487,129.0,16512
1488,129.0,16512
1489,129.0,16512
1490,129.0,16512
1491,129.0,16512
1492,129.0,16512
1493,129.0,16512
1494,129.0,16512
1495,129.0,16512
1496,137.0,17536
1497,137.0,17536
1498,137.0,17536
1499,137.0,17536
1500,129.0,16512
1501,137.0,17536
1502,137.0,17536
1503,129.0,16512
1504,129.0,16512
1505,129.0,16512
1506,129.0,16512
1507,129.0,16512
1508,137.0,17536
1509,137.0,17536
1510,129.0,16512
1511,129.0,16512
1512,129.0,16512
1513,129.0,16512
1514,129.0,16512
1515,129.0,16512
1516,129.0,16512
1517,129.0,16512
1518,129.0,16512
1519,137.0,17536
1520,137.0,17536
1521,129.0,16512
1522,129.0,16512
1523,129.0,16512
1524,129.0,16512
1525,129.0,16512
1526,129.0,16512
1527,129.0,16512
1528,129.0,16512
1529,129.0,16512
1530,129.0,16512
1531,129.0,16512
1532,129.0,16512
1533,129.0,16512
1534,129.0,16512
1535,129.0,16512
1536,129.0,16512
1537,129.0,16512
1538,129.0,16512
1539,129.0,16512
1540,129.0,16512
1541,129.0,16512
1542,129.0,16512
1543,129.0,16512
1544,129.0,16512
1545,129.0,16512
1546,129.0,16512
1547,129.0,16512
1548,129.0,16512
1549,129.0,16512
1550,129.0,16512
1551,129.0,16512
1552,129.0,16512
1553,129.0,16512
1554,129.0,16512
1555,129.0,16512
1556,129.0,16512
1557,129.0,16512
1558,129.0,16512
1559,129.0,16512
1560,129.0,16512
1561,129.0,16512
1562,129.0,16512
1563,129.0,16512
1564,129.0,16512
1565,129.0,16512
1566,129.0,16512
1567,129.0,16512
1568,129.0,16512
1569,129.0,16512
1570,129.0,16512
1571,129.0,16512
1572,129.0,16512
1573,129.0,16512
1574,129.0,16512
1575,129.0,16512
1576,129.0,16512
1577,129.0,16512
1578,129.0,16512
1579,129.0,16512
1580,129.0,16512
1581,129.0,16512
1582,137.0,17536
1583,129.0,16512
1584,137.0,17536
1585,137.0,17536
1586,137.0,17536
1587,137.0,17536
1588,137.0,17536
1589,137.0,17536
1590,129.0,16512
1591,137.0,17536
1592,129.0,16512
1593,129.0,16512
1594,129.0,16512
1595,137.0,17536
1596,129.0,16512
1597,129.0,16512
1598,129.0,16512
1599,129.0,16512
1600,129.0,16512
1601,137.0,17536
1602,137.0,17536
1603,137.0,17536
1604,137.0,17536
1605,137.0,17536
1606,137.0,17536
1607,129.0,16512
1608,129.0,16512
1609,129.0,16512
1610,129.0,16512
1611,137.0,17536
1612,129.0,16512
1613,129.0,16512
1614,129.0,16512
1615,129.0,16512
1616,129.0,16512
1617,129.0,16512
1618,129.0,16512
1619,129.0,16512
1620,129.0,16512
1621,129.0,16512
1622,129.0,16512
1623,129.0,16512
1624,129.0,16512
1625,129.0,16512
1626,129.0,16512
1627,129.0,16512
1628,129.0,16512
1629,129.0,16512
1630,129.0,16512
1631,129.0,16512
1632,129.0,16512
1633,129.0,16512
1634,129.0,16512
1635,129.0,16512
1636,129.0,16512
1637,129.0,16512
1638,129.0,16512
1639,137.0,17536
1640,137.0,17536
1641,129.0,16512
1642,129.0,16512
1643,129.0,16512
1644,129.0,16512
1645,129.0,16512
1646,129.0,16512
1647,129.0,16512
1648,137.0,17536
1649,137.0,17536
1650,137.0,17536
1651,137.0,17536
1652,129.0,16512
1653,137.0,17536
1654,137.0,17536
1655,137.0,17536
1656,137.0,17536
1657,137.0,17536
1658,137.0,17536
1659,137.0,17536
1660,137.0,17536
1661,129.0,16512
1662,129.0,16512
1663,137.0,17536
1664,129.0,16512
1665,129.0,16512
1666,129.0,16512
1667,129.0,16512
1668,129.0,16512
1669,129.0,16512
1670,129.0,16512
1671,129.0,16512
1672,129.0,16512
1673,129.0,16512
1674,129.0,16512
1675,129.0,16512
1676,129.0,16512
1677,129.0,16512
1678,129.0,16512
1679,129.0,16512
1680,129.0,16512
1681,129.0,16512
1682,129.0,16512
1683,129.0,16512
1684,129.0,16512
1685,129.0,16512
1686,129.0,16512
1687,129.0,16512
1688,129.0,16512
1689,129.0,16512
1690,129.0,16512
1691,129.0,16512
1692,129.0,16512
1693,129.0,16512
1694,129.0,16512
1695,129.0,16512
1696,129.0,16512
1697,129.0,16512
1698,129.0,16512
1699,129.0,16512
1700,129.0,16512
1701,129.0,16512
1702,129.0,16512
1703,129.0,16512
1704,129.0,16512
1705,129.0,16512
1706,129.0,16512
1707,129.0,16512
1708,129.0,16512
1709,129.0,16512
1710,129.0,16512
1711,129.0,16512
1712,129.0,16512
1713,129.0,16512
1714,129.0,16512
1715,129.0,16512
1716,129.0,16512
1717,129.0,16512
1718,129.0,16512
1719,129.0,16512
1720,129.0,16512
1721,129.0,16512
1722,129.0,16512
1723,129.0,16512
1724,129.0,16512
1725,129.0,16512
1726,137.0,17536
1727,129.0,16512
1728,137.0,17536
1729,137.0,17536
1730,129.0,16512
1731,129.0,16512
1732,129.0,16512
1733,129.0,16512
1734,129.0,16512
1735,129.0,16512
1736,129.0,16512
1737,137.0,17536
1738,137.0,17536
1739,129.0,16512
1740,129.0,16512
1741,129.0,16512
1742,129.0,16512
1743,129.0,16512
1744,129.0,16512
1745,129.0,16512
1746,129.0,16512
1747,129.0,16512
1748,129.0,16512
1749,129.0,16512
1750,129.0,16512
1751,129.0,16512
1752,129.0,16512
1753,129.0,16512
1754,129.0,16512
1755,129.0,16512
1756,137.0,17536
1757,137.0,17536
1758,137.0,17536
1759,137.0,17536
1760,137.0,17536
1761,137.0,17536
1762,137.0,17536
1763,137.0,17536
1764,137.0,17536
1765,137.0,17536
1766,137.0,17536
1767,137.0,17536
1768,137.0,17536
1769,137.0,17536
1770,137.0,17536
1771,137.0,17536
1772,129.0,16512
1773,129.0,16512
1774,137.0,17536
1775,137.0,17536
1776,137.0,17536
1777,137.0,17536
1778,129.0,16512
1779,129.0,16512
1780,137.0,17536
1781,129.0,16512
1782,129.0,16512
1783,129.0,16512
1784,129.0,16512
1785,129.0,16512
1786,129.0,16512
1787,129.0,16512
1788,129.0,16512
1789,129.0,16512
1790,129.0,16512
1791,137.0,17536
1792,137.0,17536
1793,137.0,17536
1794,137.0,17536
1795,129.0,16512
1796,137.0,17536
1797,137.0,17536
1798,137.0,17536
1799,137.0,17536
1800,137.0,17536
1801,137.0,17536
1802,137.0,17536
1803,137.0,17536
1804,137.0,17536
1805,137.0,17536
1806,137.0,17536
1807,137.0,17536
1808,137.0,17536
1809,137.0,17536
1810,137.0,17536
1811,137.0,17536
1812,129.0,16512
1813,129.0,16512
1814,129.0,16512
1815,129.0,16512
1816,129.0,16512
1817,129.0,16512
1818,129.0,16512
1819,129.0,16512
1820,129.0,16512
1821,129.0,16512
1822,129.0,16512
1823,129.0,16512
1824,129.0,16512
1825,129.0,16512
1826,129.0,16512
1827,129.0,16512
1828,129.0,16512
1829,137.0,17536
1830,137.0,17536
1831,137.0,17536
1832,129.0,16512
1833,129.0,16512
1834,137.0,17536
1835,129.0,16512
1836,129.0,16512
1837,137.0,17536
1838,129.0,16512
1839,129.0,16512
1840,137.0,17536
1841,137.0,17536
1842,137.0,17536
1843,137.0,17536
1844,137.0,17536
1845,137.0,17536
1846,137.0,17536
1847,137.0,17536
1848,137.0,17536
1849,129.0,16512
1850,137.0,17536
1851,137.0,17536
1852,137.0,17536
1853,137.0,17536
1854,137.0,17536
1855,137.0,17536
1856,137.0,17536
1857,137.0,17536
1858,137.0,17536
1859,137.0,17536
1860,137.0,17536
1861,137.0,17536
1862,137.0,17536
1863,137.0,17536
1864,137.0,17536
1865,137.0,17536
1866,137.0,17536
1867,137.0,17536
1868,137.0,17536
1869,137.0,17536
1870,137.0,17536
1871,137.0,17536
1872,137.0,17536
1873,137.0,17536
1874,129.0,16512
1875,137.0,17536
1876,137.0,17536
1877,137.0,17536
1878,137.0,17536
1879,137.0,17536
1880,129.0,16512
1881,129.0,16512
1882,129.0,16512
1883,137.0,17536
1884,137.0,17536
1885,129.0,16512
1886,137.0,17536
1887,137.0,17536
1888,129.0,16512
1889,129.0,16512
1890,137.0,17536
1891,137.0,17536
1892,137.0,17536
1893,137.0,17536
1894,137.0,17536
1895,137.0,17536
1896,137.0,17536
1897,137.0,17536
1898,137.0,17536
1899,137.0,17536
1900,137.0,17536
1901,137.0,17536
1902,137.0,17536
1903,137.0,17536
1904,137.0,17536
1905,137.0,17536
1906,137.0,17536
1907,137.0,17536
1908,137.0,17536
1909,137.0,17536
1910,137.0,17536
1911,137.0,17536
1912,137.0,17536
1913,137.0,17536
1914,137.0,17536
1915,137.0,17536
1916,137.0,17536
1917,137.0,17536
1918,137.0,17536
1919,137.0,17536
1920,137.0,17536
1921,137.0,17536
1922,137.0,17536
1923,137.0,17536
1924,137.0,17536
1925,137.0,17536
1926,137.0,17536
1927,137.0,17536
1928,137.0,17536
1929,137.0,17536
1930,137.0,17536
1931,137.0,17536
1932,137.0,17536
1933,137.0,17536
1934,137.0,17536
1935,137.0,17536
1936,129.0,16512
1937,129.0,16512
1938,129.0,16512
1939,129.0,16512
1940,137.0,17536
1941,137.0,17536
1942,137.0,17536
1943,137.0,17536
1944,129.0,16512
1945,129.0,16512
1946,129.0,16512
1947,129.0,16512
1948,129.0,16512
1949,129.0,16512
1950,129.0,16512
1951,129.0,16512
1952,129.0,16512
1953,129.0,16512
1954,137.0,17536
1955,137.0,17536
1956,137.0,17536
1957,137.0,17536
1958,137.0,17536
1959,137.0,17536
1960,137.0,17536
1961,137.0,17536
1962,137.0,17536
1963,137.0,17536
1964,137.0,17536
1965,137.0,17536
1966,137.0,17536
1967,137.0,17536
1968,137.0,17536
1969,137.0,17536
1970,137.0,17536
1971,137.0,17536
1972,137.0,17536
1973,137.0,17536
1974,137.0,17536
1975,137.0,17536
1976,137.0,17536
1977,137.0,17536
1978,137.0,17536
1979,137.0,17536
1980,137.0,17536
1981,137.0,17536
1982,137.0,17536
1983,137.0,17536
1984,137.0,17536
1985,137.0,17536
1986,137.0,17536
1987,137.0,17536
1988,137.0,17536
1989,137.0,17536
1990,137.0,17536
1991,137.0,17536
1992,137.0,17536
1993,129.0,16512
1994,137.0,17536
1995,129.0,16512
1996,129.0,16512
1997,129.0,16512
1998,129.0,16512
1999,129.0,16512
2000,129.0,16512
