RandomSeed,66444,Population size:128,Bit Length:64,Crossover Rate:0.7,Mutation Rate:0.005
gen,BestFitness,FitnessEval
1,44,5632
2,45,5760
3,43,5504
4,41,5248
5,42,5376
6,42,5376
7,43,5504
8,43,5504
9,41,5248
10,43,5504
11,41,5248
12,43,5504
13,41,5248
14,40,5120
15,41,5248
16,41,5248
17,41,5248
18,41,5248
19,40,5120
20,41,5248
21,41,5248
22,42,5376
23,41,5248
24,42,5376
25,41,5248
26,42,5376
27,42,5376
28,43,5504
29,43,5504
30,42,5376
31,41,5248
32,41,5248
33,43,5504
34,44,5632
35,42,5376
36,42,5376
37,44,5632
38,45,5760
39,43,5504
40,44,5632
41,43,5504
42,43,5504
43,43,5504
44,44,5632
45,44,5632
46,43,5504
47,43,5504
48,43,5504
49,43,5504
50,44,5632
51,43,5504
52,42,5376
53,43,5504
54,42,5376
55,42,5376
56,43,5504
57,44,5632
58,40,5120
59,42,5376
60,44,5632
61,41,5248
62,41,5248
63,42,5376
64,42,5376
65,44,5632
66,45,5760
67,45,5760
68,45,5760
69,46,5888
70,45,5760
71,45,5760
72,45,5760
73,46,5888
74,47,6016
75,44,5632
76,45,5760
77,45,5760
78,46,5888
79,46,5888
80,47,6016
81,48,6144
82,48,6144
83,47,6016
84,50,6400
85,50,6400
86,50,6400
87,50,6400
88,52,6656
89,51,6528
90,50,6400
91,51,6528
92,50,6400
93,50,6400
94,49,6272
95,48,6144
96,49,6272
97,49,6272
98,50,6400
99,50,6400
100,49,6272
101,49,6272
102,49,6272
103,50,6400
104,49,6272
105,49,6272
106,50,6400
107,50,6400
108,49,6272
109,51,6528
110,50,6400
111,49,6272
112,50,6400
113,48,6144
114,48,6144
115,48,6144
116,49,6272
117,49,6272
118,49,6272
119,49,6272
120,49,6272
121,49,6272
122,50,6400
123,51,6528
124,51,6528
125,50,6400
126,49,6272
127,49,6272
128,50,6400
129,50,6400
130,49,6272
131,49,6272
132,49,6272
133,49,6272
134,49,6272
135,49,6272
136,49,6272
137,49,6272
138,49,6272
139,50,6400
140,51,6528
141,49,6272
142,49,6272
143,49,6272
144,48,6144
145,49,6272
146,49,6272
147,48,6144
148,48,6144
149,48,6144
150,47,6016
151,49,6272
152,48,6144
153,47,6016
154,48,6144
155,50,6400
156,48,6144
157,48,6144
158,48,6144
159,48,6144
160,48,6144
161,48,6144
162,48,6144
163,48,6144
164,49,6272
165,49,6272
166,49,6272
167,48,6144
168,49,6272
169,50,6400
170,50,6400
171,51,6528
172,50,6400
173,51,6528
174,52,6656
175,52,6656
176,50,6400
177,50,6400
178,50,6400
179,50,6400
180,49,6272
181,49,6272
182,52,6656
183,51,6528
184,51,6528
185,51,6528
186,50,6400
187,53,6784
188,53,6784
189,50,6400
190,51,6528
191,51,6528
192,51,6528
193,51,6528
194,50,6400
195,52,6656
196,53,6784
197,54,6912
198,54,6912
199,54,6912
200,54,6912
201,56,7168
202,53,6784
203,54,6912
204,54,6912
205,54,6912
206,54,6912
207,56,7168
208,55,7040
209,55,7040
210,55,7040
211,54,6912
212,55,7040
213,56,7168
214,54,6912
215,55,7040
216,56,7168
217,55,7040
218,56,7168
219,54,6912
220,54,6912
221,54,6912
222,55,7040
223,55,7040
224,54,6912
225,54,6912
226,55,7040
227,56,7168
228,56,7168
229,56,7168
230,56,7168
231,56,7168
232,55,7040
233,55,7040
234,56,7168
235,54,6912
236,55,7040
237,56,7168
238,56,7168
239,55,7040
240,56,7168
241,56,7168
242,56,7168
243,56,7168
244,57,7296
245,56,7168
246,55,7040
247,55,7040
248,56,7168
249,55,7040
250,55,7040
251,56,7168
252,56,7168
253,56,7168
254,56,7168
255,55,7040
256,55,7040
257,56,7168
258,56,7168
259,56,7168
260,55,7040
261,56,7168
262,56,7168
263,56,7168
264,57,7296
265,55,7040
266,56,7168
267,56,7168
268,56,7168
269,56,7168
270,57,7296
271,56,7168
272,56,7168
273,55,7040
274,55,7040
275,54,6912
276,56,7168
277,55,7040
278,55,7040
279,55,7040
280,55,7040
281,55,7040
282,55,7040
283,54,6912
284,55,7040
285,55,7040
286,54,6912
287,54,6912
288,55,7040
289,54,6912
290,55,7040
291,55,7040
292,55,7040
293,56,7168
294,55,7040
295,55,7040
296,56,7168
297,56,7168
298,56,7168
299,56,7168
300,56,7168
301,55,7040
302,57,7296
303,57,7296
304,56,7168
305,56,7168
306,55,7040
307,55,7040
308,55,7040
309,55,7040
310,56,7168
311,56,7168
312,54,6912
313,54,6912
314,54,6912
315,53,6784
316,53,6784
317,54,6912
318,55,7040
319,56,7168
320,56,7168
321,54,6912
322,55,7040
323,55,7040
324,55,7040
325,54,6912
326,53,6784
327,53,6784
328,53,6784
329,54,6912
330,53,6784
331,52,6656
332,51,6528
333,51,6528
334,52,6656
335,52,6656
336,52,6656
337,52,6656
338,51,6528
339,52,6656
340,53,6784
341,53,6784
342,51,6528
343,52,6656
344,52,6656
345,53,6784
346,53,6784
347,50,6400
348,52,6656
349,52,6656
350,51,6528
351,52,6656
352,52,6656
353,50,6400
354,50,6400
355,51,6528
356,51,6528
357,50,6400
358,50,6400
359,49,6272
360,51,6528
361,50,6400
362,51,6528
363,50,6400
364,50,6400
365,50,6400
366,51,6528
367,52,6656
368,51,6528
369,52,6656
370,52,6656
371,52,6656
372,52,6656
373,53,6784
374,52,6656
375,52,6656
376,52,6656
377,54,6912
378,53,6784
379,52,6656
380,52,6656
381,52,6656
382,51,6528
383,53,6784
384,53,6784
385,52,6656
386,53,6784
387,54,6912
388,52,6656
389,52,6656
390,53,6784
391,53,6784
392,52,6656
393,52,6656
394,53,6784
395,52,6656
396,52,6656
397,52,6656
398,52,6656
399,51,6528
400,53,6784
401,53,6784
402,53,6784
403,53,6784
404,53,6784
405,53,6784
406,53,6784
407,53,6784
408,52,6656
409,52,6656
410,52,6656
411,51,6528
412,51,6528
413,51,6528
414,51,6528
415,52,6656
416,52,6656
417,51,6528
418,52,6656
419,52,6656
420,52,6656
421,53,6784
422,54,6912
423,53,6784
424,54,6912
425,52,6656
426,53,6784
427,53,6784
428,52,6656
429,52,6656
430,52,6656
431,51,6528
432,52,6656
433,53,6784
434,52,6656
435,52,6656
436,53,6784
437,51,6528
438,51,6528
439,51,6528
440,51,6528
441,52,6656
442,50,6400
443,51,6528
444,51,6528
445,51,6528
446,51,6528
447,51,6528
448,51,6528
449,52,6656
450,53,6784
451,51,6528
452,51,6528
453,50,6400
454,51,6528
455,50,6400
456,51,6528
457,52,6656
458,52,6656
459,52,6656
460,52,6656
461,52,6656
462,53,6784
463,53,6784
464,53,6784
465,53,6784
466,53,6784
467,52,6656
468,52,6656
469,52,6656
470,52,6656
471,52,6656
472,52,6656
473,52,6656
474,52,6656
475,52,6656
476,51,6528
477,51,6528
478,51,6528
479,51,6528
480,53,6784
481,53,6784
482,53,6784
483,51,6528
484,52,6656
485,51,6528
486,51,6528
487,51,6528
488,51,6528
489,51,6528
490,51,6528
491,51,6528
492,51,6528
493,51,6528
494,52,6656
495,51,6528
496,51,6528
497,51,6528
498,51,6528
499,51,6528
500,50,6400
501,51,6528
502,52,6656
503,50,6400
504,49,6272
505,51,6528
506,50,6400
507,49,6272
508,50,6400
509,50,6400
510,51,6528
511,50,6400
512,50,6400
513,51,6528
514,52,6656
515,50,6400
516,51,6528
517,52,6656
518,51,6528
519,50,6400
520,51,6528
521,51,6528
522,51,6528
523,51,6528
524,52,6656
525,53,6784
526,53,6784
527,52,6656
528,51,6528
529,52,6656
530,51,6528
531,51,6528
532,52,6656
533,52,6656
534,52,6656
535,53,6784
536,52,6656
537,52,6656
538,51,6528
539,52,6656
540,51,6528
541,52,6656
542,52,6656
543,52,6656
544,52,6656
545,52,6656
546,53,6784
547,54,6912
548,52,6656
549,52,6656
550,54,6912
551,52,6656
552,52,6656
553,53,6784
554,54,6912
555,54,6912
556,53,6784
557,53,6784
558,53,6784
559,53,6784
560,52,6656
561,52,6656
562,52,6656
563,51,6528
564,50,6400
565,51,6528
566,52,6656
567,50,6400
568,51,6528
569,50,6400
570,51,6528
571,51,6528
572,51,6528
573,52,6656
574,50,6400
575,51,6528
576,51,6528
577,52,6656
578,53,6784
579,53,6784
580,53,6784
581,53,6784
582,53,6784
583,52,6656
584,52,6656
585,52,6656
586,50,6400
587,53,6784
588,51,6528
589,52,6656
590,51,6528
591,52,6656
592,52,6656
593,53,6784
594,51,6528
595,52,6656
596,52,6656
597,51,6528
598,53,6784
599,53,6784
600,53,6784
601,54,6912
602,51,6528
603,51,6528
604,51,6528
605,51,6528
606,51,6528
607,52,6656
608,53,6784
609,53,6784
610,52,6656
611,53,6784
612,52,6656
613,53,6784
614,53,6784
615,53,6784
616,53,6784
617,53,6784
618,52,6656
619,51,6528
620,51,6528
621,52,6656
622,51,6528
623,50,6400
624,50,6400
625,50,6400
626,50,6400
627,50,6400
628,48,6144
629,49,6272
630,48,6144
631,47,6016
632,48,6144
633,49,6272
634,48,6144
635,49,6272
636,49,6272
637,48,6144
638,49,6272
639,49,6272
640,50,6400
641,48,6144
642,49,6272
643,49,6272
644,49,6272
645,49,6272
646,50,6400
647,49,6272
648,48,6144
649,49,6272
650,49,6272
651,50,6400
652,49,6272
653,48,6144
654,48,6144
655,49,6272
656,49,6272
657,49,6272
658,49,6272
659,51,6528
660,51,6528
661,50,6400
662,52,6656
663,53,6784
664,54,6912
665,49,6272
666,50,6400
667,50,6400
668,48,6144
669,49,6272
670,49,6272
671,48,6144
672,48,6144
673,49,6272
674,49,6272
675,50,6400
676,48,6144
677,49,6272
678,50,6400
679,51,6528
680,51,6528
681,50,6400
682,52,6656
683,52,6656
684,53,6784
685,52,6656
686,51,6528
687,51,6528
688,51,6528
689,51,6528
690,51,6528
691,51,6528
692,52,6656
693,51,6528
694,52,6656
695,53,6784
696,53,6784
697,52,6656
698,54,6912
699,52,6656
700,52,6656
701,53,6784
702,52,6656
703,54,6912
704,54,6912
705,54,6912
706,52,6656
707,52,6656
708,52,6656
709,52,6656
710,52,6656
711,52,6656
712,51,6528
713,52,6656
714,51,6528
715,52,6656
716,53,6784
717,53,6784
718,53,6784
719,54,6912
720,54,6912
721,54,6912
722,54,6912
723,54,6912
724,53,6784
725,53,6784
726,53,6784
727,52,6656
728,52,6656
729,52,6656
730,52,6656
731,55,7040
732,51,6528
733,52,6656
734,53,6784
735,53,6784
736,53,6784
737,53,6784
738,53,6784
739,54,6912
740,54,6912
741,54,6912
742,54,6912
743,53,6784
744,53,6784
745,54,6912
746,55,7040
747,54,6912
748,52,6656
749,55,7040
750,54,6912
751,55,7040
752,54,6912
753,54,6912
754,54,6912
755,55,7040
756,53,6784
757,54,6912
758,52,6656
759,53,6784
760,53,6784
761,52,6656
762,54,6912
763,52,6656
764,51,6528
765,51,6528
766,52,6656
767,51,6528
768,50,6400
769,51,6528
770,53,6784
771,52,6656
772,52,6656
773,51,6528
774,52,6656
775,52,6656
776,51,6528
777,52,6656
778,51,6528
779,52,6656
780,53,6784
781,53,6784
782,53,6784
783,53,6784
784,52,6656
785,52,6656
786,52,6656
787,52,6656
788,51,6528
789,52,6656
790,51,6528
791,52,6656
792,53,6784
793,53,6784
794,53,6784
795,50,6400
796,50,6400
797,51,6528
798,51,6528
799,52,6656
800,51,6528
801,50,6400
802,51,6528
803,51,6528
804,51,6528
805,51,6528
806,51,6528
807,53,6784
808,51,6528
809,51,6528
810,51,6528
811,52,6656
812,50,6400
813,50,6400
814,50,6400
815,49,6272
816,48,6144
817,48,6144
818,49,6272
819,48,6144
820,49,6272
821,50,6400
822,48,6144
823,48,6144
824,48,6144
825,47,6016
826,49,6272
827,48,6144
828,48,6144
829,48,6144
830,49,6272
831,49,6272
832,49,6272
833,49,6272
834,49,6272
835,50,6400
836,48,6144
837,49,6272
838,48,6144
839,49,6272
840,49,6272
841,49,6272
842,48,6144
843,50,6400
844,48,6144
845,49,6272
846,48,6144
847,50,6400
848,49,6272
849,48,6144
850,49,6272
851,49,6272
852,49,6272
853,49,6272
854,49,6272
855,49,6272
856,49,6272
857,47,6016
858,49,6272
859,48,6144
860,49,6272
861,48,6144
862,50,6400
863,49,6272
864,48,6144
865,48,6144
866,48,6144
867,48,6144
868,50,6400
869,48,6144
870,49,6272
871,49,6272
872,48,6144
873,48,6144
874,49,6272
875,50,6400
876,49,6272
877,51,6528
878,51,6528
879,50,6400
880,49,6272
881,48,6144
882,48,6144
883,47,6016
884,46,5888
885,47,6016
886,50,6400
887,48,6144
888,49,6272
889,48,6144
890,48,6144
891,49,6272
892,48,6144
893,46,5888
894,47,6016
895,48,6144
896,49,6272
897,49,6272
898,48,6144
899,47,6016
900,49,6272
901,48,6144
902,48,6144
903,49,6272
904,48,6144
905,50,6400
906,48,6144
907,48,6144
908,49,6272
909,48,6144
910,50,6400
911,49,6272
912,51,6528
913,51,6528
914,49,6272
915,49,6272
916,49,6272
917,48,6144
918,50,6400
919,50,6400
920,49,6272
921,50,6400
922,51,6528
923,51,6528
924,51,6528
925,49,6272
926,49,6272
927,49,6272
928,47,6016
929,48,6144
930,49,6272
931,50,6400
932,48,6144
933,49,6272
934,49,6272
935,49,6272
936,50,6400
937,49,6272
938,49,6272
939,50,6400
940,51,6528
941,49,6272
942,50,6400
943,50,6400
944,50,6400
945,50,6400
946,50,6400
947,49,6272
948,51,6528
949,49,6272
950,49,6272
951,50,6400
952,50,6400
953,49,6272
954,49,6272
955,50,6400
956,51,6528
957,52,6656
958,52,6656
959,52,6656
960,52,6656
961,51,6528
962,51,6528
963,52,6656
964,52,6656
965,52,6656
966,52,6656
967,52,6656
968,52,6656
969,52,6656
970,52,6656
971,52,6656
972,52,6656
973,52,6656
974,52,6656
975,50,6400
976,50,6400
977,49,6272
978,52,6656
979,50,6400
980,50,6400
981,50,6400
982,49,6272
983,49,6272
984,49,6272
985,48,6144
986,49,6272
987,48,6144
988,50,6400
989,49,6272
990,50,6400
991,50,6400
992,50,6400
993,49,6272
994,51,6528
995,54,6912
996,54,6912
997,54,6912
998,53,6784
999,54,6912
1000,54,6912
1001,53,6784
1002,54,6912
1003,54,6912
1004,55,7040
1005,55,7040
1006,55,7040
1007,56,7168
1008,56,7168
1009,55,7040
1010,56,7168
1011,56,7168
1012,56,7168
1013,56,7168
1014,54,6912
1015,55,7040
1016,55,7040
1017,54,6912
1018,55,7040
1019,55,7040
1020,55,7040
1021,55,7040
1022,56,7168
1023,55,7040
1024,55,7040
1025,55,7040
1026,55,7040
1027,55,7040
1028,55,7040
1029,56,7168
1030,55,7040
1031,54,6912
1032,55,7040
1033,55,7040
1034,55,7040
1035,55,7040
1036,54,6912
1037,55,7040
1038,55,7040
1039,54,6912
1040,53,6784
1041,54,6912
1042,54,6912
1043,53,6784
1044,55,7040
1045,53,6784
1046,53,6784
1047,53,6784
1048,53,6784
1049,54,6912
1050,53,6784
1051,55,7040
1052,55,7040
1053,55,7040
1054,55,7040
1055,55,7040
1056,55,7040
1057,53,6784
1058,53,6784
1059,55,7040
1060,55,7040
1061,56,7168
1062,56,7168
1063,55,7040
1064,55,7040
1065,56,7168
1066,56,7168
1067,56,7168
1068,55,7040
1069,55,7040
1070,55,7040
1071,54,6912
1072,54,6912
1073,53,6784
1074,55,7040
1075,54,6912
1076,52,6656
1077,53,6784
1078,54,6912
1079,54,6912
1080,54,6912
1081,56,7168
1082,55,7040
1083,54,6912
1084,54,6912
1085,55,7040
1086,55,7040
1087,54,6912
1088,55,7040
1089,54,6912
1090,54,6912
1091,54,6912
1092,55,7040
1093,54,6912
1094,53,6784
1095,53,6784
1096,51,6528
1097,51,6528
1098,52,6656
1099,53,6784
1100,52,6656
1101,53,6784
1102,52,6656
1103,51,6528
1104,51,6528
1105,51,6528
1106,51,6528
1107,49,6272
1108,50,6400
1109,48,6144
1110,48,6144
1111,48,6144
1112,48,6144
1113,48,6144
1114,49,6272
1115,48,6144
1116,48,6144
1117,49,6272
1118,48,6144
1119,48,6144
1120,49,6272
1121,49,6272
1122,49,6272
1123,49,6272
1124,49,6272
1125,50,6400
1126,50,6400
1127,48,6144
1128,48,6144
1129,48,6144
1130,49,6272
1131,50,6400
1132,50,6400
1133,50,6400
1134,50,6400
1135,51,6528
1136,51,6528
1137,51,6528
1138,50,6400
1139,50,6400
1140,50,6400
1141,49,6272
1142,49,6272
1143,50,6400
1144,49,6272
1145,48,6144
1146,49,6272
1147,48,6144
1148,50,6400
1149,49,6272
1150,48,6144
1151,48,6144
1152,48,6144
1153,49,6272
1154,50,6400
1155,50,6400
1156,50,6400
1157,49,6272
1158,50,6400
1159,49,6272
1160,49,6272
1161,47,6016
1162,48,6144
1163,48,6144
1164,48,6144
1165,49,6272
1166,48,6144
1167,47,6016
1168,47,6016
1169,48,6144
1170,48,6144
1171,48,6144
1172,49,6272
1173,47,6016
1174,48,6144
1175,49,6272
1176,50,6400
1177,50,6400
1178,50,6400
1179,48,6144
1180,49,6272
1181,50,6400
1182,51,6528
1183,50,6400
1184,50,6400
1185,49,6272
1186,50,6400
1187,50,6400
1188,48,6144
1189,48,6144
1190,49,6272
1191,49,6272
1192,49,6272
1193,48,6144
1194,48,6144
1195,48,6144
1196,48,6144
1197,49,6272
1198,50,6400
1199,49,6272
1200,50,6400
1201,51,6528
1202,52,6656
1203,51,6528
1204,50,6400
1205,50,6400
1206,50,6400
1207,52,6656
1208,52,6656
1209,53,6784
1210,52,6656
1211,53,6784
1212,52,6656
1213,52,6656
1214,52,6656
1215,52,6656
1216,50,6400
1217,49,6272
1218,49,6272
1219,50,6400
1220,49,6272
1221,49,6272
1222,48,6144
1223,48,6144
1224,50,6400
1225,49,6272
1226,49,6272
1227,47,6016
1228,48,6144
1229,49,6272
1230,49,6272
1231,50,6400
1232,50,6400
1233,52,6656
1234,53,6784
1235,52,6656
1236,50,6400
1237,51,6528
1238,51,6528
1239,51,6528
1240,50,6400
1241,50,6400
1242,49,6272
1243,49,6272
1244,48,6144
1245,49,6272
1246,49,6272
1247,48,6144
1248,48,6144
1249,48,6144
1250,47,6016
1251,47,6016
1252,48,6144
1253,51,6528
1254,51,6528
1255,51,6528
1256,51,6528
1257,52,6656
1258,51,6528
1259,51,6528
1260,50,6400
1261,49,6272
1262,50,6400
1263,50,6400
1264,50,6400
1265,50,6400
1266,53,6784
1267,50,6400
1268,50,6400
1269,50,6400
1270,51,6528
1271,51,6528
1272,50,6400
1273,49,6272
1274,50,6400
1275,49,6272
1276,51,6528
1277,50,6400
1278,51,6528
1279,52,6656
1280,52,6656
1281,52,6656
1282,52,6656
1283,52,6656
1284,53,6784
1285,52,6656
1286,53,6784
1287,52,6656
1288,51,6528
1289,53,6784
1290,52,6656
1291,50,6400
1292,51,6528
1293,51,6528
1294,51,6528
1295,50,6400
1296,51,6528
1297,51,6528
1298,50,6400
1299,50,6400
1300,50,6400
1301,52,6656
1302,52,6656
1303,52,6656
1304,52,6656
1305,52,6656
1306,54,6912
1307,51,6528
1308,50,6400
1309,51,6528
1310,50,6400
1311,49,6272
1312,50,6400
1313,50,6400
1314,50,6400
1315,51,6528
1316,50,6400
1317,49,6272
1318,50,6400
1319,50,6400
1320,49,6272
1321,47,6016
1322,47,6016
1323,47,6016
1324,47,6016
1325,48,6144
1326,48,6144
1327,49,6272
1328,47,6016
1329,47,6016
1330,48,6144
1331,48,6144
1332,47,6016
1333,47,6016
1334,48,6144
1335,46,5888
1336,46,5888
1337,46,5888
1338,46,5888
1339,46,5888
1340,47,6016
1341,47,6016
1342,48,6144
1343,48,6144
1344,47,6016
1345,46,5888
1346,48,6144
1347,46,5888
1348,46,5888
1349,47,6016
1350,45,5760
1351,45,5760
1352,44,5632
1353,45,5760
1354,47,6016
1355,47,6016
1356,47,6016
1357,47,6016
1358,46,5888
1359,46,5888
1360,48,6144
1361,48,6144
1362,48,6144
1363,49,6272
1364,48,6144
1365,48,6144
1366,47,6016
1367,47,6016
1368,46,5888
1369,46,5888
1370,47,6016
1371,47,6016
1372,47,6016
1373,48,6144
1374,46,5888
1375,46,5888
1376,46,5888
1377,46,5888
1378,47,6016
1379,48,6144
1380,48,6144
1381,47,6016
1382,48,6144
1383,48,6144
1384,48,6144
1385,48,6144
1386,48,6144
1387,48,6144
1388,48,6144
1389,49,6272
1390,49,6272
1391,49,6272
1392,48,6144
1393,51,6528
1394,49,6272
1395,51,6528
1396,48,6144
1397,48,6144
1398,48,6144
1399,48,6144
1400,49,6272
1401,49,6272
1402,49,6272
1403,49,6272
1404,47,6016
1405,48,6144
1406,51,6528
1407,48,6144
1408,48,6144
1409,49,6272
1410,51,6528
1411,51,6528
1412,49,6272
1413,48,6144
1414,48,6144
1415,48,6144
1416,48,6144
1417,48,6144
1418,50,6400
1419,50,6400
1420,50,6400
1421,50,6400
1422,50,6400
1423,49,6272
1424,49,6272
1425,49,6272
1426,51,6528
1427,50,6400
1428,51,6528
1429,52,6656
1430,52,6656
1431,51,6528
1432,51,6528
1433,52,6656
1434,52,6656
1435,52,6656
1436,52,6656
1437,52,6656
1438,53,6784
1439,53,6784
1440,52,6656
1441,52,6656
1442,52,6656
1443,51,6528
1444,53,6784
1445,52,6656
1446,52,6656
1447,52,6656
1448,51,6528
1449,52,6656
1450,52,6656
1451,51,6528
1452,52,6656
1453,52,6656
1454,52,6656
1455,52,6656
1456,52,6656
1457,52,6656
1458,52,6656
1459,52,6656
1460,50,6400
1461,50,6400
1462,49,6272
1463,50,6400
1464,53,6784
1465,51,6528
1466,50,6400
1467,52,6656
1468,52,6656
1469,53,6784
1470,53,6784
1471,53,6784
1472,51,6528
1473,51,6528
1474,52,6656
1475,52,6656
1476,52,6656
1477,52,6656
1478,52,6656
1479,52,6656
1480,51,6528
1481,52,6656
1482,52,6656
1483,53,6784
1484,53,6784
1485,55,7040
1486,54,6912
1487,53,6784
1488,53,6784
1489,53,6784
1490,53,6784
1491,53,6784
1492,54,6912
1493,54,6912
1494,53,6784
1495,53,6784
1496,54,6912
1497,53,6784
1498,54,6912
1499,51,6528
1500,53,6784
1501,52,6656
1502,51,6528
1503,53,6784
1504,49,6272
1505,50,6400
1506,50,6400
1507,51,6528
1508,51,6528
1509,52,6656
1510,49,6272
1511,50,6400
1512,50,6400
1513,50,6400
1514,49,6272
1515,50,6400
1516,53,6784
1517,51,6528
1518,52,6656
1519,51,6528
1520,51,6528
1521,51,6528
1522,49,6272
1523,49,6272
1524,49,6272
1525,50,6400
1526,49,6272
1527,49,6272
1528,48,6144
1529,48,6144
1530,50,6400
1531,51,6528
1532,51,6528
1533,51,6528
1534,51,6528
1535,51,6528
1536,53,6784
1537,52,6656
1538,52,6656
1539,51,6528
1540,50,6400
1541,48,6144
1542,48,6144
1543,51,6528
1544,51,6528
1545,51,6528
1546,48,6144
1547,49,6272
1548,52,6656
1549,52,6656
1550,49,6272
1551,49,6272
1552,49,6272
1553,49,6272
1554,50,6400
1555,48,6144
1556,48,6144
1557,49,6272
1558,50,6400
1559,48,6144
1560,49,6272
1561,49,6272
1562,50,6400
1563,50,6400
1564,50,6400
1565,51,6528
1566,51,6528
1567,50,6400
1568,51,6528
1569,49,6272
1570,50,6400
1571,51,6528
1572,51,6528
1573,51,6528
1574,51,6528
1575,49,6272
1576,49,6272
1577,48,6144
1578,48,6144
1579,48,6144
1580,49,6272
1581,50,6400
1582,48,6144
1583,47,6016
1584,47,6016
1585,48,6144
1586,47,6016
1587,48,6144
1588,48,6144
1589,48,6144
1590,49,6272
1591,48,6144
1592,48,6144
1593,49,6272
1594,48,6144
1595,48,6144
1596,48,6144
1597,48,6144
1598,51,6528
1599,51,6528
1600,50,6400
1601,49,6272
1602,48,6144
1603,49,6272
1604,48,6144
1605,50,6400
1606,50,6400
1607,49,6272
1608,51,6528
1609,51,6528
1610,51,6528
1611,51,6528
1612,52,6656
1613,53,6784
1614,51,6528
1615,51,6528
1616,52,6656
1617,52,6656
1618,52,6656
1619,51,6528
1620,51,6528
1621,51,6528
1622,52,6656
1623,52,6656
1624,51,6528
1625,52,6656
1626,54,6912
1627,53,6784
1628,54,6912
1629,55,7040
1630,55,7040
1631,53,6784
1632,54,6912
1633,53,6784
1634,53,6784
1635,52,6656
1636,53,6784
1637,53,6784
1638,51,6528
1639,53,6784
1640,54,6912
1641,54,6912
1642,54,6912
1643,54,6912
1644,54,6912
1645,54,6912
1646,55,7040
1647,53,6784
1648,53,6784
1649,53,6784
1650,53,6784
1651,53,6784
1652,52,6656
1653,53,6784
1654,52,6656
1655,53,6784
1656,54,6912
1657,53,6784
1658,52,6656
1659,53,6784
1660,52,6656
1661,54,6912
1662,52,6656
1663,52,6656
1664,54,6912
1665,52,6656
1666,53,6784
1667,54,6912
1668,54,6912
1669,54,6912
1670,54,6912
1671,53,6784
1672,55,7040
1673,53,6784
1674,55,7040
1675,53,6784
1676,53,6784
1677,53,6784
1678,53,6784
1679,52,6656
1680,52,6656
1681,53,6784
1682,52,6656
1683,53,6784
1684,53,6784
1685,52,6656
1686,52,6656
1687,53,6784
1688,54,6912
1689,53,6784
1690,53,6784
1691,53,6784
1692,52,6656
1693,53,6784
1694,54,6912
1695,53,6784
1696,55,7040
1697,54,6912
1698,53,6784
1699,54,6912
1700,54,6912
1701,54,6912
1702,54,6912
1703,55,7040
1704,54,6912
1705,54,6912
1706,53,6784
1707,54,6912
1708,53,6784
1709,53,6784
1710,53,6784
1711,54,6912
1712,53,6784
1713,54,6912
1714,54,6912
1715,53,6784
1716,53,6784
1717,53,6784
1718,54,6912
1719,52,6656
1720,52,6656
1721,52,6656
1722,53,6784
1723,53,6784
1724,55,7040
1725,55,7040
1726,55,7040
1727,54,6912
1728,53,6784
1729,52,6656
1730,51,6528
1731,51,6528
1732,51,6528
1733,52,6656
1734,53,6784
1735,52,6656
1736,54,6912
1737,52,6656
1738,52,6656
1739,54,6912
1740,55,7040
1741,53,6784
1742,53,6784
1743,54,6912
1744,53,6784
1745,53,6784
1746,54,6912
1747,52,6656
1748,52,6656
1749,52,6656
1750,51,6528
1751,52,6656
1752,51,6528
1753,51,6528
1754,53,6784
1755,51,6528
1756,54,6912
1757,52,6656
1758,53,6784
1759,52,6656
1760,52,6656
1761,50,6400
1762,51,6528
1763,51,6528
1764,52,6656
1765,54,6912
1766,51,6528
1767,54,6912
1768,52,6656
1769,51,6528
1770,52,6656
1771,52,6656
1772,52,6656
1773,52,6656
1774,52,6656
1775,52,6656
1776,54,6912
1777,52,6656
1778,52,6656
1779,52,6656
1780,53,6784
1781,53,6784
1782,53,6784
1783,54,6912
1784,54,6912
1785,54,6912
1786,55,7040
1787,54,6912
1788,55,7040
1789,54,6912
1790,56,7168
1791,56,7168
1792,56,7168
1793,56,7168
1794,56,7168
1795,55,7040
1796,55,7040
1797,57,7296
1798,59,7552
1799,59,7552
1800,59,7552
1801,60,7680
1802,60,7680
1803,54,6912
1804,54,6912
1805,53,6784
1806,54,6912
1807,54,6912
1808,54,6912
1809,54,6912
1810,54,6912
1811,54,6912
1812,53,6784
1813,53,6784
1814,53,6784
1815,54,6912
1816,55,7040
1817,55,7040
1818,56,7168
1819,55,7040
1820,54,6912
1821,54,6912
1822,55,7040
1823,55,7040
1824,55,7040
1825,55,7040
1826,54,6912
1827,55,7040
1828,53,6784
1829,56,7168
1830,54,6912
1831,54,6912
1832,56,7168
1833,56,7168
1834,55,7040
1835,56,7168
1836,57,7296
1837,55,7040
1838,55,7040
1839,55,7040
1840,56,7168
1841,55,7040
1842,55,7040
1843,53,6784
1844,54,6912
1845,53,6784
1846,52,6656
1847,52,6656
1848,52,6656
1849,53,6784
1850,52,6656
1851,52,6656
1852,52,6656
1853,54,6912
1854,54,6912
1855,54,6912
1856,55,7040
1857,53,6784
1858,53,6784
1859,54,6912
1860,54,6912
1861,54,6912
1862,54,6912
1863,53,6784
1864,52,6656
1865,52,6656
1866,52,6656
1867,52,6656
1868,52,6656
1869,52,6656
1870,52,6656
1871,52,6656
1872,53,6784
1873,54,6912
1874,54,6912
1875,54,6912
1876,52,6656
1877,52,6656
1878,51,6528
1879,54,6912
1880,52,6656
1881,52,6656
1882,54,6912
1883,51,6528
1884,54,6912
1885,54,6912
1886,51,6528
1887,51,6528
1888,52,6656
1889,51,6528
1890,51,6528
1891,51,6528
1892,51,6528
1893,51,6528
1894,52,6656
1895,51,6528
1896,53,6784
1897,53,6784
1898,52,6656
1899,51,6528
1900,52,6656
1901,52,6656
1902,52,6656
1903,52,6656
1904,54,6912
1905,52,6656
1906,55,7040
1907,55,7040
1908,53,6784
1909,52,6656
1910,53,6784
1911,53,6784
1912,54,6912
1913,53,6784
1914,53,6784
1915,53,6784
1916,53,6784
1917,51,6528
1918,54,6912
1919,52,6656
1920,53,6784
1921,51,6528
1922,52,6656
1923,51,6528
1924,53,6784
1925,53,6784
1926,53,6784
1927,52,6656
1928,54,6912
1929,52,6656
1930,52,6656
1931,51,6528
1932,52,6656
1933,52,6656
1934,53,6784
1935,53,6784
1936,53,6784
1937,53,6784
1938,54,6912
1939,56,7168
1940,53,6784
1941,52,6656
1942,52,6656
1943,53,6784
1944,53,6784
1945,54,6912
1946,52,6656
1947,53,6784
1948,53,6784
1949,51,6528
1950,52,6656
1951,52,6656
1952,52,6656
1953,53,6784
1954,53,6784
1955,54,6912
1956,54,6912
1957,53,6784
1958,54,6912
1959,51,6528
1960,53,6784
1961,54,6912
1962,51,6528
1963,51,6528
1964,52,6656
1965,52,6656
1966,51,6528
1967,52,6656
1968,52,6656
1969,52,6656
1970,52,6656
1971,52,6656
1972,52,6656
1973,54,6912
1974,52,6656
1975,52,6656
1976,50,6400
1977,51,6528
1978,52,6656
1979,52,6656
1980,51,6528
1981,51,6528
1982,50,6400
1983,52,6656
1984,52,6656
1985,52,6656
1986,51,6528
1987,53,6784
1988,52,6656
1989,52,6656
1990,51,6528
1991,51,6528
1992,52,6656
1993,51,6528
1994,51,6528
1995,49,6272
1996,50,6400
1997,51,6528
1998,53,6784
1999,53,6784
2000,52,6656
