RandomSeed,59124,Population size:128,Bit Length:64,Crossover Rate:0.7,Mutation Rate:0.005
gen,BestFitness,FitnessEval
1,33.0,4224
2,33.0,4224
3,41.0,5248
4,33.0,4224
5,33.0,4224
6,33.0,4224
7,33.0,4224
8,33.0,4224
9,33.0,4224
10,33.0,4224
11,33.0,4224
12,33.0,4224
13,33.0,4224
14,33.0,4224
15,33.0,4224
16,33.0,4224
17,33.0,4224
18,33.0,4224
19,33.0,4224
20,33.0,4224
21,33.0,4224
22,33.0,4224
23,33.0,4224
24,33.0,4224
25,33.0,4224
26,33.0,4224
27,33.0,4224
28,33.0,4224
29,33.0,4224
30,33.0,4224
31,33.0,4224
32,33.0,4224
33,33.0,4224
34,33.0,4224
35,33.0,4224
36,33.0,4224
37,33.0,4224
38,33.0,4224
39,33.0,4224
40,33.0,4224
41,33.0,4224
42,33.0,4224
43,33.0,4224
44,33.0,4224
45,33.0,4224
46,33.0,4224
47,33.0,4224
48,33.0,4224
49,33.0,4224
50,33.0,4224
51,33.0,4224
52,33.0,4224
53,33.0,4224
54,33.0,4224
55,33.0,4224
56,33.0,4224
57,33.0,4224
58,33.0,4224
59,33.0,4224
60,33.0,4224
61,33.0,4224
62,33.0,4224
63,33.0,4224
64,33.0,4224
65,33.0,4224
66,33.0,4224
67,33.0,4224
68,33.0,4224
69,33.0,4224
70,33.0,4224
71,33.0,4224
72,33.0,4224
73,33.0,4224
74,33.0,4224
75,33.0,4224
76,33.0,4224
77,33.0,4224
78,33.0,4224
79,33.0,4224
80,33.0,4224
81,33.0,4224
82,33.0,4224
83,33.0,4224
84,33.0,4224
85,33.0,4224
86,33.0,4224
87,33.0,4224
88,33.0,4224
89,33.0,4224
90,33.0,4224
91,33.0,4224
92,33.0,4224
93,33.0,4224
94,33.0,4224
95,33.0,4224
96,33.0,4224
97,33.0,4224
98,33.0,4224
99,33.0,4224
100,33.0,4224
101,33.0,4224
102,33.0,4224
103,33.0,4224
104,33.0,4224
105,33.0,4224
106,33.0,4224
107,33.0,4224
108,33.0,4224
109,33.0,4224
110,33.0,4224
111,33.0,4224
112,33.0,4224
113,33.0,4224
114,33.0,4224
115,33.0,4224
116,33.0,4224
117,33.0,4224
118,33.0,4224
119,33.0,4224
120,33.0,4224
121,33.0,4224
122,33.0,4224
123,33.0,4224
124,33.0,4224
125,33.0,4224
126,33.0,4224
127,33.0,4224
128,33.0,4224
129,33.0,4224
130,33.0,4224
131,33.0,4224
132,33.0,4224
133,33.0,4224
134,41.0,5248
135,33.0,4224
136,33.0,4224
137,33.0,4224
138,33.0,4224
139,33.0,4224
140,33.0,4224
141,33.0,4224
142,33.0,4224
143,33.0,4224
144,33.0,4224
145,33.0,4224
146,33.0,4224
147,33.0,4224
148,33.0,4224
149,33.0,4224
150,33.0,4224
151,33.0,4224
152,33.0,4224
153,33.0,4224
154,33.0,4224
155,33.0,4224
156,33.0,4224
157,41.0,5248
158,41.0,5248
159,41.0,5248
160,33.0,4224
161,33.0,4224
162,33.0,4224
163,33.0,4224
164,41.0,5248
165,41.0,5248
166,41.0,5248
167,41.0,5248
168,41.0,5248
169,41.0,5248
170,41.0,5248
171,41.0,5248
172,41.0,5248
173,41.0,5248
174,41.0,5248
175,41.0,5248
176,41.0,5248
177,41.0,5248
178,65.0,8320
179,65.0,8320
180,41.0,5248
181,41.0,5248
182,41.0,5248
183,41.0,5248
184,41.0,5248
185,41.0,5248
186,41.0,5248
187,41.0,5248
188,41.0,5248
189,41.0,5248
190,41.0,5248
191,41.0,5248
192,41.0,5248
193,41.0,5248
194,49.0,6272
195,49.0,6272
196,41.0,5248
197,41.0,5248
198,41.0,5248
199,41.0,5248
200,41.0,5248
201,41.0,5248
202,41.0,5248
203,41.0,5248
204,41.0,5248
205,41.0,5248
206,41.0,5248
207,41.0,5248
208,41.0,5248
209,41.0,5248
210,41.0,5248
211,41.0,5248
212,41.0,5248
213,41.0,5248
214,41.0,5248
215,41.0,5248
216,41.0,5248
217,41.0,5248
218,41.0,5248
219,41.0,5248
220,41.0,5248
221,41.0,5248
222,41.0,5248
223,41.0,5248
224,41.0,5248
225,41.0,5248
226,41.0,5248
227,41.0,5248
228,41.0,5248
229,41.0,5248
230,41.0,5248
231,41.0,5248
232,41.0,5248
233,41.0,5248
234,41.0,5248
235,41.0,5248
236,41.0,5248
237,41.0,5248
238,41.0,5248
239,41.0,5248
240,41.0,5248
241,41.0,5248
242,41.0,5248
243,41.0,5248
244,41.0,5248
245,41.0,5248
246,41.0,5248
247,41.0,5248
248,41.0,5248
249,49.0,6272
250,49.0,6272
251,49.0,6272
252,49.0,6272
253,49.0,6272
254,49.0,6272
255,49.0,6272
256,49.0,6272
257,49.0,6272
258,49.0,6272
259,49.0,6272
260,49.0,6272
261,49.0,6272
262,49.0,6272
263,49.0,6272
264,49.0,6272
265,49.0,6272
266,49.0,6272
267,49.0,6272
268,49.0,6272
269,49.0,6272
270,49.0,6272
271,49.0,6272
272,49.0,6272
273,49.0,6272
274,49.0,6272
275,49.0,6272
276,49.0,6272
277,49.0,6272
278,49.0,6272
279,49.0,6272
280,49.0,6272
281,49.0,6272
282,49.0,6272
283,49.0,6272
284,49.0,6272
285,49.0,6272
286,49.0,6272
287,49.0,6272
288,49.0,6272
289,49.0,6272
290,49.0,6272
291,49.0,6272
292,49.0,6272
293,49.0,6272
294,49.0,6272
295,49.0,6272
296,49.0,6272
297,49.0,6272
298,49.0,6272
299,49.0,6272
300,49.0,6272
301,49.0,6272
302,49.0,6272
303,49.0,6272
304,49.0,6272
305,49.0,6272
306,49.0,6272
307,49.0,6272
308,49.0,6272
309,49.0,6272
310,49.0,6272
311,49.0,6272
312,49.0,6272
313,49.0,6272
314,49.0,6272
315,49.0,6272
316,49.0,6272
317,49.0,6272
318,49.0,6272
319,49.0,6272
320,49.0,6272
321,49.0,6272
322,49.0,6272
323,49.0,6272
324,49.0,6272
325,49.0,6272
326,49.0,6272
327,49.0,6272
328,49.0,6272
329,49.0,6272
330,49.0,6272
331,49.0,6272
332,49.0,6272
333,49.0,6272
334,49.0,6272
335,49.0,6272
336,49.0,6272
337,49.0,6272
338,49.0,6272
339,49.0,6272
340,49.0,6272
341,49.0,6272
342,49.0,6272
343,49.0,6272
344,49.0,6272
345,49.0,6272
346,49.0,6272
347,49.0,6272
348,49.0,6272
349,49.0,6272
350,49.0,6272
351,49.0,6272
352,49.0,6272
353,49.0,6272
354,49.0,6272
355,49.0,6272
356,49.0,6272
357,49.0,6272
358,49.0,6272
359,49.0,6272
360,49.0,6272
361,49.0,6272
362,49.0,6272
363,49.0,6272
364,49.0,6272
365,49.0,6272
366,49.0,6272
367,49.0,6272
368,49.0,6272
369,49.0,6272
370,49.0,6272
371,49.0,6272
372,49.0,6272
373,49.0,6272
374,49.0,6272
375,49.0,6272
376,49.0,6272
377,49.0,6272
378,49.0,6272
379,49.0,6272
380,49.0,6272
381,49.0,6272
382,49.0,6272
383,49.0,6272
384,49.0,6272
385,49.0,6272
386,49.0,6272
387,49.0,6272
388,49.0,6272
389,49.0,6272
390,49.0,6272
391,49.0,6272
392,49.0,6272
393,49.0,6272
394,49.0,6272
395,49.0,6272
396,49.0,6272
397,49.0,6272
398,49.0,6272
399,49.0,6272
400,49.0,6272
401,49.0,6272
402,49.0,6272
403,49.0,6272
404,49.0,6272
405,49.0,6272
406,49.0,6272
407,49.0,6272
408,49.0,6272
409,49.0,6272
410,49.0,6272
411,49.0,6272
412,49.0,6272
413,49.0,6272
414,49.0,6272
415,49.0,6272
416,49.0,6272
417,49.0,6272
418,49.0,6272
419,49.0,6272
420,49.0,6272
421,49.0,6272
422,49.0,6272
423,49.0,6272
424,49.0,6272
425,49.0,6272
426,49.0,6272
427,49.0,6272
428,49.0,6272
429,65.0,8320
430,49.0,6272
431,49.0,6272
432,49.0,6272
433,73.0,9344
434,73.0,9344
435,73.0,9344
436,73.0,9344
437,73.0,9344
438,73.0,9344
439,73.0,9344
440,73.0,9344
441,73.0,9344
442,73.0,9344
443,73.0,9344
444,73.0,9344
445,73.0,9344
446,73.0,9344
447,73.0,9344
448,73.0,9344
449,73.0,9344
450,73.0,9344
451,73.0,9344
452,73.0,9344
453,73.0,9344
454,73.0,9344
455,73.0,9344
456,73.0,9344
457,73.0,9344
458,73.0,9344
459,73.0,9344
460,73.0,9344
461,73.0,9344
462,73.0,9344
463,73.0,9344
464,73.0,9344
465,73.0,9344
466,73.0,9344
467,73.0,9344
468,73.0,9344
469,73.0,9344
470,73.0,9344
471,73.0,9344
472,73.0,9344
473,65.0,8320
474,73.0,9344
475,73.0,9344
476,73.0,9344
477,73.0,9344
478,73.0,9344
479,73.0,9344
480,73.0,9344
481,73.0,9344
482,73.0,9344
483,73.0,9344
484,73.0,9344
485,73.0,9344
486,73.0,9344
487,73.0,9344
488,73.0,9344
489,73.0,9344
490,73.0,9344
491,73.0,9344
492,65.0,8320
493,73.0,9344
494,73.0,9344
495,73.0,9344
496,73.0,9344
497,73.0,9344
498,73.0,9344
499,73.0,9344
500,73.0,9344
501,73.0,9344
502,73.0,9344
503,73.0,9344
504,73.0,9344
505,73.0,9344
506,73.0,9344
507,73.0,9344
508,73.0,9344
509,65.0,8320
510,65.0,8320
511,65.0,8320
512,73.0,9344
513,73.0,9344
514,73.0,9344
515,65.0,8320
516,65.0,8320
517,73.0,9344
518,65.0,8320
519,65.0,8320
520,65.0,8320
521,65.0,8320
522,65.0,8320
523,65.0,8320
524,73.0,9344
525,73.0,9344
526,73.0,9344
527,73.0,9344
528,73.0,9344
529,73.0,9344
530,73.0,9344
531,73.0,9344
532,65.0,8320
533,73.0,9344
534,65.0,8320
535,65.0,8320
536,65.0,8320
537,65.0,8320
538,65.0,8320
539,65.0,8320
540,65.0,8320
541,65.0,8320
542,65.0,8320
543,65.0,8320
544,65.0,8320
545,65.0,8320
546,65.0,8320
547,65.0,8320
548,65.0,8320
549,65.0,8320
550,65.0,8320
551,65.0,8320
552,65.0,8320
553,65.0,8320
554,65.0,8320
555,65.0,8320
556,65.0,8320
557,65.0,8320
558,65.0,8320
559,65.0,8320
560,65.0,8320
561,65.0,8320
562,65.0,8320
563,65.0,8320
564,65.0,8320
565,65.0,8320
566,65.0,8320
567,65.0,8320
568,65.0,8320
569,65.0,8320
570,65.0,8320
571,65.0,8320
572,65.0,8320
573,65.0,8320
574,65.0,8320
575,65.0,8320
576,65.0,8320
577,65.0,8320
578,65.0,8320
579,65.0,8320
580,65.0,8320
581,65.0,8320
582,65.0,8320
583,65.0,8320
584,65.0,8320
585,65.0,8320
586,65.0,8320
587,65.0,8320
588,65.0,8320
589,65.0,8320
590,65.0,8320
591,65.0,8320
592,65.0,8320
593,65.0,8320
594,65.0,8320
595,65.0,8320
596,65.0,8320
597,65.0,8320
598,65.0,8320
599,65.0,8320
600,65.0,8320
601,65.0,8320
602,65.0,8320
603,65.0,8320
604,65.0,8320
605,65.0,8320
606,65.0,8320
607,65.0,8320
608,65.0,8320
609,65.0,8320
610,65.0,8320
611,65.0,8320
612,65.0,8320
613,65.0,8320
614,65.0,8320
615,65.0,8320
616,65.0,8320
617,65.0,8320
618,65.0,8320
619,65.0,8320
620,65.0,8320
621,65.0,8320
622,65.0,8320
623,65.0,8320
624,65.0,8320
625,65.0,8320
626,65.0,8320
627,65.0,8320
628,65.0,8320
629,65.0,8320
630,65.0,8320
631,65.0,8320
632,65.0,8320
633,65.0,8320
634,65.0,8320
635,65.0,8320
636,65.0,8320
637,65.0,8320
638,65.0,8320
639,65.0,8320
640,65.0,8320
641,65.0,8320
642,73.0,9344
643,65.0,8320
644,65.0,8320
645,65.0,8320
646,65.0,8320
647,65.0,8320
648,65.0,8320
649,65.0,8320
650,65.0,8320
651,65.0,8320
652,65.0,8320
653,65.0,8320
654,65.0,8320
655,65.0,8320
656,65.0,8320
657,65.0,8320
658,65.0,8320
659,65.0,8320
660,65.0,8320
661,65.0,8320
662,65.0,8320
663,65.0,8320
664,65.0,8320
665,65.0,8320
666,65.0,8320
667,65.0,8320
668,65.0,8320
669,65.0,8320
670,65.0,8320
671,65.0,8320
672,65.0,8320
673,65.0,8320
674,65.0,8320
675,65.0,8320
676,65.0,8320
677,65.0,8320
678,65.0,8320
679,65.0,8320
680,65.0,8320
681,65.0,8320
682,65.0,8320
683,65.0,8320
684,65.0,8320
685,65.0,8320
686,65.0,8320
687,65.0,8320
688,65.0,8320
689,65.0,8320
690,65.0,8320
691,65.0,8320
692,65.0,8320
693,65.0,8320
694,65.0,8320
695,65.0,8320
696,65.0,8320
697,65.0,8320
698,65.0,8320
699,65.0,8320
700,65.0,8320
701,65.0,8320
702,65.0,8320
703,65.0,8320
704,65.0,8320
705,65.0,8320
706,65.0,8320
707,65.0,8320
708,65.0,8320
709,65.0,8320
710,65.0,8320
711,65.0,8320
712,65.0,8320
713,65.0,8320
714,65.0,8320
715,65.0,8320
716,65.0,8320
717,65.0,8320
718,65.0,8320
719,65.0,8320
720,65.0,8320
721,65.0,8320
722,65.0,8320
723,65.0,8320
724,65.0,8320
725,65.0,8320
726,65.0,8320
727,65.0,8320
728,65.0,8320
729,65.0,8320
730,65.0,8320
731,65.0,8320
732,65.0,8320
733,65.0,8320
734,65.0,8320
735,65.0,8320
736,65.0,8320
737,65.0,8320
738,65.0,8320
739,65.0,8320
740,65.0,8320
741,65.0,8320
742,65.0,8320
743,65.0,8320
744,65.0,8320
745,65.0,8320
746,65.0,8320
747,65.0,8320
748,65.0,8320
749,65.0,8320
750,65.0,8320
751,65.0,8320
752,65.0,8320
753,65.0,8320
754,65.0,8320
755,65.0,8320
756,65.0,8320
757,65.0,8320
758,65.0,8320
759,65.0,8320
760,65.0,8320
761,65.0,8320
762,65.0,8320
763,65.0,8320
764,65.0,8320
765,65.0,8320
766,65.0,8320
767,65.0,8320
768,65.0,8320
769,65.0,8320
770,65.0,8320
771,65.0,8320
772,65.0,8320
773,65.0,8320
774,65.0,8320
775,65.0,8320
776,65.0,8320
777,65.0,8320
778,65.0,8320
779,65.0,8320
780,65.0,8320
781,65.0,8320
782,65.0,8320
783,65.0,8320
784,65.0,8320
785,65.0,8320
786,65.0,8320
787,65.0,8320
788,65.0,8320
789,65.0,8320
790,65.0,8320
791,65.0,8320
792,65.0,8320
793,65.0,8320
794,65.0,8320
795,65.0,8320
796,65.0,8320
797,65.0,8320
798,65.0,8320
799,65.0,8320
800,65.0,8320
801,65.0,8320
802,65.0,8320
803,65.0,8320
804,65.0,8320
805,65.0,8320
806,65.0,8320
807,65.0,8320
808,65.0,8320
809,65.0,8320
810,65.0,8320
811,65.0,8320
812,65.0,8320
813,65.0,8320
814,65.0,8320
815,65.0,8320
816,65.0,8320
817,65.0,8320
818,65.0,8320
819,65.0,8320
820,65.0,8320
821,65.0,8320
822,65.0,8320
823,65.0,8320
824,65.0,8320
825,65.0,8320
826,65.0,8320
827,65.0,8320
828,65.0,8320
829,65.0,8320
830,65.0,8320
831,65.0,8320
832,65.0,8320
833,65.0,8320
834,65.0,8320
835,65.0,8320
836,65.0,8320
837,65.0,8320
838,65.0,8320
839,65.0,8320
840,65.0,8320
841,65.0,8320
842,65.0,8320
843,65.0,8320
844,65.0,8320
845,65.0,8320
846,65.0,8320
847,65.0,8320
848,65.0,8320
849,65.0,8320
850,65.0,8320
851,65.0,8320
852,65.0,8320
853,65.0,8320
854,65.0,8320
855,65.0,8320
856,65.0,8320
857,65.0,8320
858,65.0,8320
859,65.0,8320
860,65.0,8320
861,65.0,8320
862,65.0,8320
863,65.0,8320
864,65.0,8320
865,65.0,8320
866,65.0,8320
867,65.0,8320
868,65.0,8320
869,65.0,8320
870,65.0,8320
871,65.0,8320
872,65.0,8320
873,65.0,8320
874,65.0,8320
875,65.0,8320
876,65.0,8320
877,65.0,8320
878,65.0,8320
879,65.0,8320
880,65.0,8320
881,65.0,8320
882,65.0,8320
883,65.0,8320
884,65.0,8320
885,65.0,8320
886,65.0,8320
887,65.0,8320
888,65.0,8320
889,65.0,8320
890,65.0,8320
891,65.0,8320
892,65.0,8320
893,65.0,8320
894,65.0,8320
895,65.0,8320
896,65.0,8320
897,65.0,8320
898,65.0,8320
899,65.0,8320
900,65.0,8320
901,65.0,8320
902,65.0,8320
903,65.0,8320
904,65.0,8320
905,65.0,8320
906,65.0,8320
907,65.0,8320
908,65.0,8320
909,65.0,8320
910,65.0,8320
911,65.0,8320
912,65.0,8320
913,65.0,8320
914,65.0,8320
915,65.0,8320
916,65.0,8320
917,65.0,8320
918,65.0,8320
919,65.0,8320
920,65.0,8320
921,65.0,8320
922,65.0,8320
923,65.0,8320
924,65.0,8320
925,65.0,8320
926,65.0,8320
927,65.0,8320
928,65.0,8320
929,65.0,8320
930,65.0,8320
931,65.0,8320
932,65.0,8320
933,65.0,8320
934,65.0,8320
935,65.0,8320
936,65.0,8320
937,65.0,8320
938,65.0,8320
939,65.0,8320
940,65.0,8320
941,65.0,8320
942,65.0,8320
943,65.0,8320
944,65.0,8320
945,65.0,8320
946,65.0,8320
947,65.0,8320
948,65.0,8320
949,65.0,8320
950,65.0,8320
951,65.0,8320
952,65.0,8320
953,65.0,8320
954,65.0,8320
955,65.0,8320
956,65.0,8320
957,65.0,8320
958,65.0,8320
959,65.0,8320
960,65.0,8320
961,65.0,8320
962,65.0,8320
963,65.0,8320
964,65.0,8320
965,65.0,8320
966,65.0,8320
967,65.0,8320
968,65.0,8320
969,65.0,8320
970,65.0,8320
971,65.0,8320
972,65.0,8320
973,65.0,8320
974,65.0,8320
975,65.0,8320
976,65.0,8320
977,65.0,8320
978,65.0,8320
979,65.0,8320
980,65.0,8320
981,65.0,8320
982,65.0,8320
983,65.0,8320
984,65.0,8320
985,65.0,8320
986,65.0,8320
987,65.0,8320
988,65.0,8320
989,65.0,8320
990,65.0,8320
991,65.0,8320
992,65.0,8320
993,65.0,8320
994,65.0,8320
995,65.0,8320
996,65.0,8320
997,65.0,8320
998,65.0,8320
999,73.0,9344
1000,73.0,9344
1001,65.0,8320
1002,65.0,8320
1003,65.0,8320
1004,65.0,8320
1005,65.0,8320
1006,65.0,8320
1007,65.0,8320
1008,65.0,8320
1009,65.0,8320
1010,65.0,8320
1011,65.0,8320
1012,65.0,8320
1013,65.0,8320
1014,65.0,8320
1015,65.0,8320
1016,65.0,8320
1017,65.0,8320
1018,65.0,8320
1019,65.0,8320
1020,65.0,8320
1021,65.0,8320
1022,65.0,8320
1023,65.0,8320
1024,65.0,8320
1025,65.0,8320
1026,65.0,8320
1027,65.0,8320
1028,65.0,8320
1029,65.0,8320
1030,65.0,8320
1031,65.0,8320
1032,65.0,8320
1033,65.0,8320
1034,65.0,8320
1035,65.0,8320
1036,65.0,8320
1037,65.0,8320
1038,65.0,8320
1039,65.0,8320
1040,65.0,8320
1041,65.0,8320
1042,65.0,8320
1043,65.0,8320
1044,65.0,8320
1045,65.0,8320
1046,65.0,8320
1047,65.0,8320
1048,65.0,8320
1049,65.0,8320
1050,65.0,8320
1051,65.0,8320
1052,65.0,8320
1053,65.0,8320
1054,65.0,8320
1055,65.0,8320
1056,65.0,8320
1057,65.0,8320
1058,65.0,8320
1059,65.0,8320
1060,65.0,8320
1061,65.0,8320
1062,65.0,8320
1063,65.0,8320
1064,65.0,8320
1065,65.0,8320
1066,65.0,8320
1067,65.0,8320
1068,65.0,8320
1069,65.0,8320
1070,65.0,8320
1071,73.0,9344
1072,65.0,8320
1073,65.0,8320
1074,65.0,8320
1075,65.0,8320
1076,65.0,8320
1077,65.0,8320
1078,65.0,8320
1079,65.0,8320
1080,65.0,8320
1081,65.0,8320
1082,65.0,8320
1083,65.0,8320
1084,65.0,8320
1085,65.0,8320
1086,65.0,8320
1087,65.0,8320
1088,65.0,8320
1089,65.0,8320
1090,65.0,8320
1091,65.0,8320
1092,65.0,8320
1093,65.0,8320
1094,65.0,8320
1095,65.0,8320
1096,65.0,8320
1097,65.0,8320
1098,65.0,8320
1099,65.0,8320
1100,65.0,8320
1101,65.0,8320
1102,65.0,8320
1103,65.0,8320
1104,65.0,8320
1105,65.0,8320
1106,65.0,8320
1107,65.0,8320
1108,65.0,8320
1109,65.0,8320
1110,65.0,8320
1111,65.0,8320
1112,65.0,8320
1113,65.0,8320
1114,65.0,8320
1115,65.0,8320
1116,65.0,8320
1117,65.0,8320
1118,65.0,8320
1119,65.0,8320
1120,65.0,8320
1121,65.0,8320
1122,65.0,8320
1123,65.0,8320
1124,65.0,8320
1125,65.0,8320
1126,65.0,8320
1127,65.0,8320
1128,65.0,8320
1129,65.0,8320
1130,65.0,8320
1131,65.0,8320
1132,65.0,8320
1133,65.0,8320
1134,65.0,8320
1135,65.0,8320
1136,65.0,8320
1137,65.0,8320
1138,65.0,8320
1139,65.0,8320
1140,65.0,8320
1141,65.0,8320
1142,65.0,8320
1143,65.0,8320
1144,65.0,8320
1145,65.0,8320
1146,65.0,8320
1147,65.0,8320
1148,65.0,8320
1149,65.0,8320
1150,65.0,8320
1151,65.0,8320
1152,65.0,8320
1153,65.0,8320
1154,65.0,8320
1155,65.0,8320
1156,65.0,8320
1157,65.0,8320
1158,65.0,8320
1159,65.0,8320
1160,73.0,9344
1161,65.0,8320
1162,65.0,8320
1163,65.0,8320
1164,65.0,8320
1165,65.0,8320
1166,65.0,8320
1167,65.0,8320
1168,65.0,8320
1169,65.0,8320
1170,65.0,8320
1171,65.0,8320
1172,65.0,8320
1173,65.0,8320
1174,65.0,8320
1175,65.0,8320
1176,65.0,8320
1177,65.0,8320
1178,65.0,8320
1179,65.0,8320
1180,65.0,8320
1181,65.0,8320
1182,65.0,8320
1183,65.0,8320
1184,65.0,8320
1185,65.0,8320
1186,65.0,8320
1187,65.0,8320
1188,65.0,8320
1189,65.0,8320
1190,65.0,8320
1191,65.0,8320
1192,65.0,8320
1193,65.0,8320
1194,65.0,8320
1195,65.0,8320
1196,73.0,9344
1197,65.0,8320
1198,65.0,8320
1199,65.0,8320
1200,65.0,8320
1201,65.0,8320
1202,65.0,8320
1203,65.0,8320
1204,65.0,8320
1205,65.0,8320
1206,65.0,8320
1207,65.0,8320
1208,65.0,8320
1209,65.0,8320
1210,65.0,8320
1211,65.0,8320
1212,65.0,8320
1213,65.0,8320
1214,65.0,8320
1215,65.0,8320
1216,65.0,8320
1217,65.0,8320
1218,65.0,8320
1219,65.0,8320
1220,65.0,8320
1221,65.0,8320
1222,65.0,8320
1223,65.0,8320
1224,65.0,8320
1225,65.0,8320
1226,65.0,8320
1227,73.0,9344
1228,73.0,9344
1229,73.0,9344
1230,73.0,9344
1231,73.0,9344
1232,65.0,8320
1233,65.0,8320
1234,65.0,8320
1235,65.0,8320
1236,65.0,8320
1237,65.0,8320
1238,65.0,8320
1239,65.0,8320
1240,65.0,8320
1241,65.0,8320
1242,65.0,8320
1243,65.0,8320
1244,65.0,8320
1245,65.0,8320
1246,73.0,9344
1247,73.0,9344
1248,73.0,9344
1249,73.0,9344
1250,73.0,9344
1251,65.0,8320
1252,65.0,8320
1253,73.0,9344
1254,73.0,9344
1255,73.0,9344
1256,73.0,9344
1257,65.0,8320
1258,65.0,8320
1259,73.0,9344
1260,65.0,8320
1261,65.0,8320
1262,65.0,8320
1263,65.0,8320
1264,73.0,9344
1265,73.0,9344
1266,73.0,9344
1267,73.0,9344
1268,73.0,9344
1269,73.0,9344
1270,73.0,9344
1271,73.0,9344
1272,73.0,9344
1273,73.0,9344
1274,73.0,9344
1275,65.0,8320
1276,73.0,9344
1277,65.0,8320
1278,73.0,9344
1279,73.0,9344
1280,65.0,8320
1281,65.0,8320
1282,65.0,8320
1283,65.0,8320
1284,65.0,8320
1285,65.0,8320
1286,73.0,9344
1287,73.0,9344
1288,65.0,8320
1289,65.0,8320
1290,65.0,8320
1291,65.0,8320
1292,65.0,8320
1293,65.0,8320
1294,65.0,8320
1295,65.0,8320
1296,65.0,8320
1297,65.0,8320
1298,65.0,8320
1299,65.0,8320
1300,65.0,8320
1301,65.0,8320
1302,65.0,8320
1303,65.0,8320
1304,65.0,8320
1305,65.0,8320
1306,65.0,8320
1307,65.0,8320
1308,65.0,8320
1309,65.0,8320
1310,65.0,8320
1311,65.0,8320
1312,65.0,8320
1313,65.0,8320
1314,65.0,8320
1315,65.0,8320
1316,65.0,8320
1317,65.0,8320
1318,65.0,8320
1319,65.0,8320
1320,65.0,8320
1321,65.0,8320
1322,65.0,8320
1323,65.0,8320
1324,65.0,8320
1325,65.0,8320
1326,73.0,9344
1327,65.0,8320
1328,65.0,8320
1329,65.0,8320
1330,65.0,8320
1331,65.0,8320
1332,65.0,8320
1333,65.0,8320
1334,65.0,8320
1335,65.0,8320
1336,65.0,8320
1337,65.0,8320
1338,65.0,8320
1339,65.0,8320
1340,65.0,8320
1341,65.0,8320
1342,65.0,8320
1343,65.0,8320
1344,65.0,8320
1345,73.0,9344
1346,65.0,8320
1347,65.0,8320
1348,65.0,8320
1349,65.0,8320
1350,65.0,8320
1351,65.0,8320
1352,65.0,8320
1353,65.0,8320
1354,65.0,8320
1355,65.0,8320
1356,65.0,8320
1357,65.0,8320
1358,65.0,8320
1359,65.0,8320
1360,65.0,8320
1361,65.0,8320
1362,65.0,8320
1363,65.0,8320
1364,65.0,8320
1365,65.0,8320
1366,65.0,8320
1367,65.0,8320
1368,65.0,8320
1369,65.0,8320
1370,65.0,8320
1371,65.0,8320
1372,65.0,8320
1373,65.0,8320
1374,65.0,8320
1375,65.0,8320
1376,65.0,8320
1377,65.0,8320
1378,73.0,9344
1379,65.0,8320
1380,65.0,8320
1381,65.0,8320
1382,65.0,8320
1383,65.0,8320
1384,65.0,8320
1385,65.0,8320
1386,65.0,8320
1387,65.0,8320
1388,65.0,8320
1389,65.0,8320
1390,65.0,8320
1391,65.0,8320
1392,65.0,8320
1393,65.0,8320
1394,65.0,8320
1395,65.0,8320
1396,65.0,8320
1397,65.0,8320
1398,65.0,8320
1399,65.0,8320
1400,65.0,8320
1401,65.0,8320
1402,65.0,8320
1403,65.0,8320
1404,65.0,8320
1405,65.0,8320
1406,65.0,8320
1407,65.0,8320
1408,65.0,8320
1409,65.0,8320
1410,65.0,8320
1411,65.0,8320
1412,65.0,8320
1413,65.0,8320
1414,73.0,9344
1415,73.0,9344
1416,65.0,8320
1417,65.0,8320
1418,73.0,9344
1419,65.0,8320
1420,65.0,8320
1421,65.0,8320
1422,65.0,8320
1423,65.0,8320
1424,65.0,8320
1425,73.0,9344
1426,73.0,9344
1427,73.0,9344
1428,73.0,9344
1429,73.0,9344
1430,73.0,9344
1431,73.0,9344
1432,73.0,9344
1433,73.0,9344
1434,73.0,9344
1435,73.0,9344
1436,73.0,9344
1437,73.0,9344
1438,73.0,9344
1439,73.0,9344
1440,73.0,9344
1441,73.0,9344
1442,73.0,9344
1443,73.0,9344
1444,73.0,9344
1445,73.0,9344
1446,73.0,9344
1447,73.0,9344
1448,73.0,9344
1449,73.0,9344
1450,73.0,9344
1451,73.0,9344
1452,73.0,9344
1453,73.0,9344
1454,73.0,9344
1455,73.0,9344
1456,73.0,9344
1457,73.0,9344
1458,73.0,9344
1459,73.0,9344
1460,73.0,9344
1461,73.0,9344
1462,73.0,9344
1463,73.0,9344
1464,73.0,9344
1465,73.0,9344
1466,73.0,9344
1467,73.0,9344
1468,73.0,9344
1469,73.0,9344
1470,73.0,9344
1471,73.0,9344
1472,73.0,9344
1473,73.0,9344
1474,73.0,9344
1475,73.0,9344
1476,73.0,9344
1477,73.0,9344
1478,73.0,9344
1479,73.0,9344
1480,73.0,9344
1481,73.0,9344
1482,73.0,9344
1483,73.0,9344
1484,73.0,9344
1485,73.0,9344
1486,73.0,9344
1487,73.0,9344
1488,73.0,9344
1489,73.0,9344
1490,73.0,9344
1491,73.0,9344
1492,73.0,9344
1493,73.0,9344
1494,73.0,9344
1495,73.0,9344
1496,73.0,9344
1497,73.0,9344
1498,73.0,9344
1499,73.0,9344
1500,73.0,9344
1501,73.0,9344
1502,73.0,9344
1503,73.0,9344
1504,73.0,9344
1505,73.0,9344
1506,73.0,9344
1507,73.0,9344
1508,73.0,9344
1509,73.0,9344
1510,73.0,9344
1511,73.0,9344
1512,73.0,9344
1513,73.0,9344
1514,73.0,9344
1515,129.0,16512
1516,73.0,9344
1517,73.0,9344
1518,73.0,9344
1519,73.0,9344
1520,73.0,9344
1521,73.0,9344
1522,73.0,9344
1523,73.0,9344
1524,73.0,9344
1525,73.0,9344
1526,73.0,9344
1527,73.0,9344
1528,73.0,9344
1529,73.0,9344
1530,73.0,9344
1531,73.0,9344
1532,73.0,9344
1533,73.0,9344
1534,73.0,9344
1535,73.0,9344
1536,73.0,9344
1537,73.0,9344
1538,73.0,9344
1539,73.0,9344
1540,73.0,9344
1541,73.0,9344
1542,73.0,9344
1543,73.0,9344
1544,73.0,9344
1545,73.0,9344
1546,73.0,9344
1547,73.0,9344
1548,73.0,9344
1549,129.0,16512
1550,129.0,16512
1551,129.0,16512
1552,129.0,16512
1553,129.0,16512
1554,129.0,16512
1555,129.0,16512
1556,129.0,16512
1557,129.0,16512
1558,129.0,16512
1559,137.0,17536
1560,137.0,17536
1561,137.0,17536
1562,137.0,17536
1563,137.0,17536
1564,137.0,17536
1565,137.0,17536
1566,137.0,17536
1567,137.0,17536
1568,137.0,17536
1569,137.0,17536
1570,137.0,17536
1571,137.0,17536
1572,137.0,17536
1573,137.0,17536
1574,137.0,17536
1575,137.0,17536
1576,137.0,17536
1577,137.0,17536
1578,137.0,17536
1579,137.0,17536
1580,137.0,17536
1581,137.0,17536
1582,137.0,17536
1583,137.0,17536
1584,137.0,17536
1585,137.0,17536
1586,137.0,17536
1587,137.0,17536
1588,137.0,17536
1589,137.0,17536
1590,137.0,17536
1591,137.0,17536
1592,137.0,17536
1593,137.0,17536
1594,137.0,17536
1595,137.0,17536
1596,137.0,17536
1597,137.0,17536
1598,137.0,17536
1599,137.0,17536
1600,137.0,17536
1601,137.0,17536
1602,137.0,17536
1603,137.0,17536
1604,137.0,17536
1605,137.0,17536
1606,137.0,17536
1607,137.0,17536
1608,137.0,17536
1609,137.0,17536
1610,137.0,17536
1611,137.0,17536
1612,137.0,17536
1613,137.0,17536
1614,137.0,17536
1615,137.0,17536
1616,137.0,17536
1617,137.0,17536
1618,137.0,17536
1619,137.0,17536
1620,137.0,17536
1621,137.0,17536
1622,137.0,17536
1623,137.0,17536
1624,137.0,17536
1625,137.0,17536
1626,137.0,17536
1627,137.0,17536
1628,137.0,17536
1629,137.0,17536
1630,137.0,17536
1631,137.0,17536
1632,137.0,17536
1633,137.0,17536
1634,137.0,17536
1635,137.0,17536
1636,137.0,17536
1637,137.0,17536
1638,137.0,17536
1639,137.0,17536
1640,137.0,17536
1641,137.0,17536
1642,137.0,17536
1643,137.0,17536
1644,137.0,17536
1645,137.0,17536
1646,137.0,17536
1647,137.0,17536
1648,137.0,17536
1649,137.0,17536
1650,137.0,17536
1651,137.0,17536
1652,137.0,17536
1653,137.0,17536
1654,137.0,17536
1655,137.0,17536
1656,137.0,17536
1657,137.0,17536
1658,137.0,17536
1659,137.0,17536
1660,137.0,17536
1661,137.0,17536
1662,137.0,17536
1663,137.0,17536
1664,137.0,17536
1665,137.0,17536
1666,137.0,17536
1667,137.0,17536
1668,137.0,17536
1669,137.0,17536
1670,137.0,17536
1671,137.0,17536
1672,137.0,17536
1673,137.0,17536
1674,137.0,17536
1675,137.0,17536
1676,137.0,17536
1677,137.0,17536
1678,137.0,17536
1679,137.0,17536
1680,137.0,17536
1681,137.0,17536
1682,137.0,17536
1683,137.0,17536
1684,137.0,17536
1685,137.0,17536
1686,137.0,17536
1687,137.0,17536
1688,137.0,17536
1689,137.0,17536
1690,137.0,17536
1691,137.0,17536
1692,137.0,17536
1693,137.0,17536
1694,137.0,17536
1695,137.0,17536
1696,137.0,17536
1697,137.0,17536
1698,137.0,17536
1699,137.0,17536
1700,137.0,17536
1701,137.0,17536
1702,137.0,17536
1703,137.0,17536
1704,137.0,17536
1705,137.0,17536
1706,137.0,17536
1707,137.0,17536
1708,137.0,17536
1709,137.0,17536
1710,137.0,17536
1711,137.0,17536
1712,137.0,17536
1713,137.0,17536
1714,137.0,17536
1715,137.0,17536
1716,137.0,17536
1717,137.0,17536
1718,137.0,17536
1719,137.0,17536
1720,137.0,17536
1721,137.0,17536
1722,137.0,17536
1723,137.0,17536
1724,137.0,17536
1725,137.0,17536
1726,137.0,17536
1727,137.0,17536
1728,137.0,17536
1729,137.0,17536
1730,137.0,17536
1731,137.0,17536
1732,137.0,17536
1733,137.0,17536
1734,137.0,17536
1735,137.0,17536
1736,137.0,17536
1737,137.0,17536
1738,137.0,17536
1739,137.0,17536
1740,137.0,17536
1741,137.0,17536
1742,137.0,17536
1743,137.0,17536
1744,137.0,17536
1745,137.0,17536
1746,137.0,17536
1747,137.0,17536
1748,129.0,16512
1749,129.0,16512
1750,137.0,17536
1751,137.0,17536
1752,137.0,17536
1753,137.0,17536
1754,137.0,17536
1755,137.0,17536
1756,137.0,17536
1757,137.0,17536
1758,137.0,17536
1759,137.0,17536
1760,137.0,17536
1761,137.0,17536
1762,137.0,17536
1763,137.0,17536
1764,137.0,17536
1765,137.0,17536
1766,137.0,17536
1767,137.0,17536
1768,137.0,17536
1769,137.0,17536
1770,129.0,16512
1771,137.0,17536
1772,137.0,17536
1773,137.0,17536
1774,137.0,17536
1775,137.0,17536
1776,137.0,17536
1777,137.0,17536
1778,137.0,17536
1779,137.0,17536
1780,137.0,17536
1781,137.0,17536
1782,137.0,17536
1783,137.0,17536
1784,137.0,17536
1785,137.0,17536
1786,137.0,17536
1787,137.0,17536
1788,137.0,17536
1789,137.0,17536
1790,137.0,17536
1791,137.0,17536
1792,137.0,17536
1793,137.0,17536
1794,137.0,17536
1795,137.0,17536
1796,129.0,16512
1797,129.0,16512
1798,129.0,16512
1799,129.0,16512
1800,129.0,16512
1801,129.0,16512
1802,129.0,16512
1803,129.0,16512
1804,129.0,16512
1805,129.0,16512
1806,129.0,16512
1807,129.0,16512
1808,129.0,16512
1809,129.0,16512
1810,129.0,16512
1811,129.0,16512
1812,129.0,16512
1813,129.0,16512
1814,129.0,16512
1815,129.0,16512
1816,129.0,16512
1817,129.0,16512
1818,129.0,16512
1819,129.0,16512
1820,129.0,16512
1821,129.0,16512
1822,129.0,16512
1823,129.0,16512
1824,129.0,16512
1825,129.0,16512
1826,129.0,16512
1827,129.0,16512
1828,129.0,16512
1829,129.0,16512
1830,129.0,16512
1831,129.0,16512
1832,129.0,16512
1833,129.0,16512
1834,129.0,16512
1835,129.0,16512
1836,129.0,16512
1837,129.0,16512
1838,129.0,16512
1839,129.0,16512
1840,129.0,16512
1841,129.0,16512
1842,129.0,16512
1843,129.0,16512
1844,129.0,16512
1845,129.0,16512
1846,129.0,16512
1847,129.0,16512
1848,129.0,16512
1849,129.0,16512
1850,129.0,16512
1851,129.0,16512
1852,129.0,16512
1853,129.0,16512
1854,129.0,16512
1855,129.0,16512
1856,129.0,16512
1857,137.0,17536
1858,129.0,16512
1859,129.0,16512
1860,129.0,16512
1861,129.0,16512
1862,129.0,16512
1863,129.0,16512
1864,129.0,16512
1865,129.0,16512
1866,129.0,16512
1867,129.0,16512
1868,129.0,16512
1869,137.0,17536
1870,137.0,17536
1871,129.0,16512
1872,129.0,16512
1873,129.0,16512
1874,129.0,16512
1875,129.0,16512
1876,129.0,16512
1877,129.0,16512
1878,129.0,16512
1879,129.0,16512
1880,137.0,17536
1881,129.0,16512
1882,129.0,16512
1883,129.0,16512
1884,129.0,16512
1885,129.0,16512
1886,129.0,16512
1887,129.0,16512
1888,129.0,16512
1889,129.0,16512
1890,129.0,16512
1891,137.0,17536
1892,129.0,16512
1893,129.0,16512
1894,129.0,16512
1895,137.0,17536
1896,137.0,17536
1897,137.0,17536
1898,137.0,17536
1899,137.0,17536
1900,137.0,17536
1901,129.0,16512
1902,129.0,16512
1903,129.0,16512
1904,129.0,16512
1905,129.0,16512
1906,129.0,16512
1907,129.0,16512
1908,129.0,16512
1909,129.0,16512
1910,129.0,16512
1911,129.0,16512
1912,129.0,16512
1913,129.0,16512
1914,129.0,16512
1915,129.0,16512
1916,129.0,16512
1917,129.0,16512
1918,129.0,16512
1919,129.0,16512
1920,129.0,16512
1921,129.0,16512
1922,129.0,16512
1923,129.0,16512
1924,129.0,16512
1925,129.0,16512
1926,137.0,17536
1927,137.0,17536
1928,137.0,17536
1929,137.0,17536
1930,137.0,17536
1931,137.0,17536
1932,137.0,17536
1933,137.0,17536
1934,129.0,16512
1935,129.0,16512
1936,137.0,17536
1937,137.0,17536
1938,137.0,17536
1939,129.0,16512
1940,137.0,17536
1941,137.0,17536
1942,137.0,17536
1943,137.0,17536
1944,137.0,17536
1945,137.0,17536
1946,137.0,17536
1947,137.0,17536
1948,137.0,17536
1949,137.0,17536
1950,137.0,17536
1951,137.0,17536
1952,137.0,17536
1953,137.0,17536
1954,137.0,17536
1955,137.0,17536
1956,137.0,17536
1957,137.0,17536
1958,137.0,17536
1959,137.0,17536
1960,137.0,17536
1961,137.0,17536
1962,137.0,17536
1963,137.0,17536
1964,137.0,17536
1965,137.0,17536
1966,137.0,17536
1967,137.0,17536
1968,137.0,17536
1969,137.0,17536
1970,137.0,17536
1971,137.0,17536
1972,137.0,17536
1973,137.0,17536
1974,137.0,17536
1975,137.0,17536
1976,137.0,17536
1977,137.0,17536
1978,137.0,17536
1979,137.0,17536
1980,137.0,17536
1981,137.0,17536
1982,137.0,17536
1983,137.0,17536
1984,137.0,17536
1985,137.0,17536
1986,137.0,17536
1987,137.0,17536
1988,137.0,17536
1989,137.0,17536
1990,137.0,17536
1991,137.0,17536
1992,137.0,17536
1993,137.0,17536
1994,137.0,17536
1995,137.0,17536
1996,137.0,17536
1997,137.0,17536
1998,137.0,17536
1999,137.0,17536
2000,137.0,17536
