RandomSeed,37030,Population size:128,Bit Length:64,Crossover Rate:0.7,Mutation Rate:0.005
gen,BestFitness,FitnessEval
1,9.0,1152
2,9.0,1152
3,17.0,2176
4,33.0,4224
5,33.0,4224
6,33.0,4224
7,33.0,4224
8,33.0,4224
9,33.0,4224
10,33.0,4224
11,33.0,4224
12,33.0,4224
13,33.0,4224
14,33.0,4224
15,33.0,4224
16,33.0,4224
17,33.0,4224
18,33.0,4224
19,33.0,4224
20,33.0,4224
21,33.0,4224
22,33.0,4224
23,33.0,4224
24,33.0,4224
25,33.0,4224
26,33.0,4224
27,33.0,4224
28,33.0,4224
29,33.0,4224
30,33.0,4224
31,33.0,4224
32,33.0,4224
33,33.0,4224
34,33.0,4224
35,33.0,4224
36,33.0,4224
37,33.0,4224
38,33.0,4224
39,33.0,4224
40,33.0,4224
41,33.0,4224
42,33.0,4224
43,33.0,4224
44,33.0,4224
45,33.0,4224
46,33.0,4224
47,33.0,4224
48,33.0,4224
49,33.0,4224
50,33.0,4224
51,33.0,4224
52,33.0,4224
53,33.0,4224
54,33.0,4224
55,33.0,4224
56,33.0,4224
57,33.0,4224
58,33.0,4224
59,33.0,4224
60,33.0,4224
61,33.0,4224
62,33.0,4224
63,33.0,4224
64,33.0,4224
65,33.0,4224
66,33.0,4224
67,33.0,4224
68,33.0,4224
69,33.0,4224
70,33.0,4224
71,33.0,4224
72,33.0,4224
73,33.0,4224
74,33.0,4224
75,33.0,4224
76,33.0,4224
77,33.0,4224
78,33.0,4224
79,33.0,4224
80,33.0,4224
81,33.0,4224
82,33.0,4224
83,33.0,4224
84,33.0,4224
85,33.0,4224
86,33.0,4224
87,33.0,4224
88,33.0,4224
89,33.0,4224
90,33.0,4224
91,33.0,4224
92,33.0,4224
93,33.0,4224
94,33.0,4224
95,33.0,4224
96,33.0,4224
97,33.0,4224
98,33.0,4224
99,33.0,4224
100,33.0,4224
101,33.0,4224
102,33.0,4224
103,33.0,4224
104,33.0,4224
105,33.0,4224
106,33.0,4224
107,33.0,4224
108,33.0,4224
109,33.0,4224
110,33.0,4224
111,33.0,4224
112,33.0,4224
113,33.0,4224
114,33.0,4224
115,33.0,4224
116,33.0,4224
117,33.0,4224
118,33.0,4224
119,33.0,4224
120,33.0,4224
121,33.0,4224
122,33.0,4224
123,33.0,4224
124,33.0,4224
125,33.0,4224
126,33.0,4224
127,33.0,4224
128,41.0,5248
129,41.0,5248
130,33.0,4224
131,33.0,4224
132,33.0,4224
133,33.0,4224
134,33.0,4224
135,33.0,4224
136,33.0,4224
137,33.0,4224
138,33.0,4224
139,33.0,4224
140,33.0,4224
141,33.0,4224
142,33.0,4224
143,33.0,4224
144,33.0,4224
145,33.0,4224
146,33.0,4224
147,33.0,4224
148,33.0,4224
149,33.0,4224
150,33.0,4224
151,33.0,4224
152,33.0,4224
153,33.0,4224
154,33.0,4224
155,33.0,4224
156,33.0,4224
157,33.0,4224
158,33.0,4224
159,33.0,4224
160,33.0,4224
161,33.0,4224
162,33.0,4224
163,41.0,5248
164,33.0,4224
165,33.0,4224
166,33.0,4224
167,33.0,4224
168,33.0,4224
169,33.0,4224
170,33.0,4224
171,33.0,4224
172,33.0,4224
173,33.0,4224
174,33.0,4224
175,33.0,4224
176,33.0,4224
177,33.0,4224
178,33.0,4224
179,33.0,4224
180,33.0,4224
181,33.0,4224
182,33.0,4224
183,33.0,4224
184,33.0,4224
185,33.0,4224
186,33.0,4224
187,33.0,4224
188,33.0,4224
189,33.0,4224
190,33.0,4224
191,33.0,4224
192,33.0,4224
193,33.0,4224
194,33.0,4224
195,33.0,4224
196,33.0,4224
197,33.0,4224
198,33.0,4224
199,33.0,4224
200,33.0,4224
201,33.0,4224
202,33.0,4224
203,33.0,4224
204,33.0,4224
205,33.0,4224
206,33.0,4224
207,33.0,4224
208,33.0,4224
209,33.0,4224
210,33.0,4224
211,33.0,4224
212,33.0,4224
213,33.0,4224
214,33.0,4224
215,33.0,4224
216,33.0,4224
217,33.0,4224
218,33.0,4224
219,33.0,4224
220,33.0,4224
221,33.0,4224
222,33.0,4224
223,41.0,5248
224,41.0,5248
225,41.0,5248
226,41.0,5248
227,33.0,4224
228,33.0,4224
229,33.0,4224
230,33.0,4224
231,33.0,4224
232,33.0,4224
233,33.0,4224
234,33.0,4224
235,33.0,4224
236,33.0,4224
237,33.0,4224
238,33.0,4224
239,33.0,4224
240,33.0,4224
241,41.0,5248
242,33.0,4224
243,33.0,4224
244,33.0,4224
245,33.0,4224
246,33.0,4224
247,33.0,4224
248,33.0,4224
249,33.0,4224
250,33.0,4224
251,33.0,4224
252,33.0,4224
253,33.0,4224
254,41.0,5248
255,33.0,4224
256,33.0,4224
257,33.0,4224
258,33.0,4224
259,33.0,4224
260,33.0,4224
261,33.0,4224
262,33.0,4224
263,33.0,4224
264,33.0,4224
265,33.0,4224
266,33.0,4224
267,33.0,4224
268,33.0,4224
269,33.0,4224
270,33.0,4224
271,33.0,4224
272,33.0,4224
273,33.0,4224
274,33.0,4224
275,33.0,4224
276,33.0,4224
277,33.0,4224
278,33.0,4224
279,33.0,4224
280,33.0,4224
281,33.0,4224
282,33.0,4224
283,33.0,4224
284,33.0,4224
285,33.0,4224
286,33.0,4224
287,33.0,4224
288,33.0,4224
289,33.0,4224
290,33.0,4224
291,33.0,4224
292,33.0,4224
293,33.0,4224
294,33.0,4224
295,33.0,4224
296,33.0,4224
297,33.0,4224
298,33.0,4224
299,33.0,4224
300,33.0,4224
301,33.0,4224
302,33.0,4224
303,33.0,4224
304,33.0,4224
305,33.0,4224
306,33.0,4224
307,33.0,4224
308,41.0,5248
309,33.0,4224
310,33.0,4224
311,33.0,4224
312,33.0,4224
313,33.0,4224
314,33.0,4224
315,33.0,4224
316,33.0,4224
317,41.0,5248
318,41.0,5248
319,41.0,5248
320,41.0,5248
321,41.0,5248
322,41.0,5248
323,41.0,5248
324,41.0,5248
325,41.0,5248
326,41.0,5248
327,41.0,5248
328,41.0,5248
329,41.0,5248
330,41.0,5248
331,41.0,5248
332,41.0,5248
333,41.0,5248
334,41.0,5248
335,41.0,5248
336,41.0,5248
337,49.0,6272
338,49.0,6272
339,41.0,5248
340,41.0,5248
341,41.0,5248
342,41.0,5248
343,41.0,5248
344,41.0,5248
345,41.0,5248
346,41.0,5248
347,41.0,5248
348,41.0,5248
349,41.0,5248
350,41.0,5248
351,49.0,6272
352,49.0,6272
353,49.0,6272
354,49.0,6272
355,49.0,6272
356,49.0,6272
357,49.0,6272
358,49.0,6272
359,49.0,6272
360,49.0,6272
361,49.0,6272
362,49.0,6272
363,49.0,6272
364,49.0,6272
365,49.0,6272
366,49.0,6272
367,49.0,6272
368,49.0,6272
369,49.0,6272
370,49.0,6272
371,49.0,6272
372,49.0,6272
373,49.0,6272
374,49.0,6272
375,49.0,6272
376,49.0,6272
377,49.0,6272
378,49.0,6272
379,49.0,6272
380,49.0,6272
381,49.0,6272
382,49.0,6272
383,49.0,6272
384,49.0,6272
385,49.0,6272
386,49.0,6272
387,49.0,6272
388,49.0,6272
389,49.0,6272
390,49.0,6272
391,49.0,6272
392,49.0,6272
393,49.0,6272
394,49.0,6272
395,49.0,6272
396,49.0,6272
397,49.0,6272
398,49.0,6272
399,49.0,6272
400,49.0,6272
401,49.0,6272
402,49.0,6272
403,49.0,6272
404,49.0,6272
405,49.0,6272
406,49.0,6272
407,49.0,6272
408,49.0,6272
409,49.0,6272
410,49.0,6272
411,49.0,6272
412,49.0,6272
413,49.0,6272
414,49.0,6272
415,49.0,6272
416,49.0,6272
417,49.0,6272
418,49.0,6272
419,49.0,6272
420,49.0,6272
421,49.0,6272
422,49.0,6272
423,49.0,6272
424,49.0,6272
425,49.0,6272
426,49.0,6272
427,49.0,6272
428,49.0,6272
429,49.0,6272
430,49.0,6272
431,49.0,6272
432,49.0,6272
433,49.0,6272
434,49.0,6272
435,49.0,6272
436,49.0,6272
437,49.0,6272
438,49.0,6272
439,49.0,6272
440,49.0,6272
441,49.0,6272
442,49.0,6272
443,49.0,6272
444,49.0,6272
445,49.0,6272
446,49.0,6272
447,49.0,6272
448,49.0,6272
449,49.0,6272
450,49.0,6272
451,49.0,6272
452,49.0,6272
453,49.0,6272
454,49.0,6272
455,49.0,6272
456,49.0,6272
457,49.0,6272
458,49.0,6272
459,49.0,6272
460,49.0,6272
461,49.0,6272
462,49.0,6272
463,49.0,6272
464,49.0,6272
465,49.0,6272
466,49.0,6272
467,49.0,6272
468,49.0,6272
469,49.0,6272
470,49.0,6272
471,49.0,6272
472,49.0,6272
473,49.0,6272
474,49.0,6272
475,49.0,6272
476,49.0,6272
477,49.0,6272
478,49.0,6272
479,49.0,6272
480,49.0,6272
481,49.0,6272
482,49.0,6272
483,49.0,6272
484,49.0,6272
485,49.0,6272
486,49.0,6272
487,49.0,6272
488,49.0,6272
489,49.0,6272
490,49.0,6272
491,49.0,6272
492,49.0,6272
493,49.0,6272
494,49.0,6272
495,49.0,6272
496,49.0,6272
497,49.0,6272
498,49.0,6272
499,49.0,6272
500,49.0,6272
501,49.0,6272
502,49.0,6272
503,49.0,6272
504,49.0,6272
505,49.0,6272
506,49.0,6272
507,49.0,6272
508,49.0,6272
509,49.0,6272
510,49.0,6272
511,49.0,6272
512,49.0,6272
513,49.0,6272
514,49.0,6272
515,49.0,6272
516,49.0,6272
517,49.0,6272
518,49.0,6272
519,49.0,6272
520,49.0,6272
521,49.0,6272
522,97.0,12416
523,49.0,6272
524,49.0,6272
525,49.0,6272
526,49.0,6272
527,49.0,6272
528,49.0,6272
529,49.0,6272
530,49.0,6272
531,97.0,12416
532,49.0,6272
533,49.0,6272
534,49.0,6272
535,49.0,6272
536,49.0,6272
537,49.0,6272
538,49.0,6272
539,49.0,6272
540,49.0,6272
541,49.0,6272
542,49.0,6272
543,49.0,6272
544,49.0,6272
545,49.0,6272
546,49.0,6272
547,49.0,6272
548,49.0,6272
549,49.0,6272
550,49.0,6272
551,49.0,6272
552,49.0,6272
553,49.0,6272
554,49.0,6272
555,49.0,6272
556,49.0,6272
557,49.0,6272
558,49.0,6272
559,49.0,6272
560,49.0,6272
561,49.0,6272
562,49.0,6272
563,49.0,6272
564,49.0,6272
565,49.0,6272
566,49.0,6272
567,49.0,6272
568,49.0,6272
569,49.0,6272
570,49.0,6272
571,97.0,12416
572,105.0,13440
573,105.0,13440
574,105.0,13440
575,105.0,13440
576,105.0,13440
577,105.0,13440
578,105.0,13440
579,105.0,13440
580,105.0,13440
581,105.0,13440
582,105.0,13440
583,105.0,13440
584,105.0,13440
585,105.0,13440
586,105.0,13440
587,105.0,13440
588,105.0,13440
589,105.0,13440
590,105.0,13440
591,105.0,13440
592,105.0,13440
593,105.0,13440
594,105.0,13440
595,105.0,13440
596,105.0,13440
597,105.0,13440
598,105.0,13440
599,105.0,13440
600,105.0,13440
601,105.0,13440
602,105.0,13440
603,105.0,13440
604,105.0,13440
605,105.0,13440
606,105.0,13440
607,105.0,13440
608,105.0,13440
609,105.0,13440
610,105.0,13440
611,105.0,13440
612,105.0,13440
613,105.0,13440
614,105.0,13440
615,105.0,13440
616,105.0,13440
617,105.0,13440
618,105.0,13440
619,105.0,13440
620,105.0,13440
621,105.0,13440
622,105.0,13440
623,105.0,13440
624,105.0,13440
625,105.0,13440
626,105.0,13440
627,105.0,13440
628,105.0,13440
629,105.0,13440
630,105.0,13440
631,105.0,13440
632,105.0,13440
633,105.0,13440
634,105.0,13440
635,105.0,13440
636,105.0,13440
637,105.0,13440
638,105.0,13440
639,105.0,13440
640,105.0,13440
641,105.0,13440
642,105.0,13440
643,105.0,13440
644,105.0,13440
645,105.0,13440
646,105.0,13440
647,105.0,13440
648,105.0,13440
649,105.0,13440
650,105.0,13440
651,105.0,13440
652,105.0,13440
653,105.0,13440
654,105.0,13440
655,105.0,13440
656,105.0,13440
657,105.0,13440
658,105.0,13440
659,105.0,13440
660,105.0,13440
661,105.0,13440
662,105.0,13440
663,105.0,13440
664,105.0,13440
665,105.0,13440
666,105.0,13440
667,105.0,13440
668,105.0,13440
669,105.0,13440
670,105.0,13440
671,105.0,13440
672,105.0,13440
673,105.0,13440
674,105.0,13440
675,105.0,13440
676,105.0,13440
677,105.0,13440
678,105.0,13440
679,105.0,13440
680,105.0,13440
681,105.0,13440
682,97.0,12416
683,97.0,12416
684,105.0,13440
685,105.0,13440
686,105.0,13440
687,105.0,13440
688,97.0,12416
689,97.0,12416
690,97.0,12416
691,97.0,12416
692,97.0,12416
693,97.0,12416
694,105.0,13440
695,105.0,13440
696,97.0,12416
697,97.0,12416
698,97.0,12416
699,105.0,13440
700,105.0,13440
701,105.0,13440
702,105.0,13440
703,97.0,12416
704,97.0,12416
705,97.0,12416
706,97.0,12416
707,97.0,12416
708,97.0,12416
709,97.0,12416
710,97.0,12416
711,105.0,13440
712,105.0,13440
713,105.0,13440
714,105.0,13440
715,105.0,13440
716,105.0,13440
717,105.0,13440
718,105.0,13440
719,105.0,13440
720,105.0,13440
721,105.0,13440
722,105.0,13440
723,105.0,13440
724,105.0,13440
725,105.0,13440
726,105.0,13440
727,105.0,13440
728,97.0,12416
729,97.0,12416
730,97.0,12416
731,97.0,12416
732,97.0,12416
733,97.0,12416
734,97.0,12416
735,97.0,12416
736,97.0,12416
737,97.0,12416
738,97.0,12416
739,97.0,12416
740,97.0,12416
741,97.0,12416
742,97.0,12416
743,97.0,12416
744,97.0,12416
745,97.0,12416
746,97.0,12416
747,97.0,12416
748,97.0,12416
749,97.0,12416
750,97.0,12416
751,97.0,12416
752,97.0,12416
753,97.0,12416
754,97.0,12416
755,97.0,12416
756,97.0,12416
757,97.0,12416
758,97.0,12416
759,97.0,12416
760,97.0,12416
761,97.0,12416
762,97.0,12416
763,97.0,12416
764,97.0,12416
765,97.0,12416
766,97.0,12416
767,97.0,12416
768,97.0,12416
769,97.0,12416
770,97.0,12416
771,97.0,12416
772,97.0,12416
773,97.0,12416
774,97.0,12416
775,97.0,12416
776,97.0,12416
777,97.0,12416
778,97.0,12416
779,97.0,12416
780,97.0,12416
781,97.0,12416
782,97.0,12416
783,97.0,12416
784,97.0,12416
785,97.0,12416
786,97.0,12416
787,97.0,12416
788,97.0,12416
789,97.0,12416
790,97.0,12416
791,97.0,12416
792,97.0,12416
793,97.0,12416
794,97.0,12416
795,97.0,12416
796,97.0,12416
797,97.0,12416
798,97.0,12416
799,97.0,12416
800,97.0,12416
801,97.0,12416
802,97.0,12416
803,97.0,12416
804,97.0,12416
805,97.0,12416
806,97.0,12416
807,97.0,12416
808,97.0,12416
809,97.0,12416
810,97.0,12416
811,97.0,12416
812,97.0,12416
813,97.0,12416
814,97.0,12416
815,97.0,12416
816,97.0,12416
817,97.0,12416
818,97.0,12416
819,97.0,12416
820,97.0,12416
821,97.0,12416
822,97.0,12416
823,97.0,12416
824,97.0,12416
825,97.0,12416
826,97.0,12416
827,97.0,12416
828,97.0,12416
829,97.0,12416
830,97.0,12416
831,97.0,12416
832,97.0,12416
833,97.0,12416
834,97.0,12416
835,97.0,12416
836,97.0,12416
837,97.0,12416
838,97.0,12416
839,97.0,12416
840,97.0,12416
841,97.0,12416
842,97.0,12416
843,97.0,12416
844,97.0,12416
845,97.0,12416
846,97.0,12416
847,97.0,12416
848,97.0,12416
849,105.0,13440
850,105.0,13440
851,105.0,13440
852,97.0,12416
853,97.0,12416
854,97.0,12416
855,97.0,12416
856,105.0,13440
857,97.0,12416
858,97.0,12416
859,97.0,12416
860,97.0,12416
861,97.0,12416
862,97.0,12416
863,97.0,12416
864,97.0,12416
865,97.0,12416
866,97.0,12416
867,97.0,12416
868,97.0,12416
869,97.0,12416
870,97.0,12416
871,97.0,12416
872,97.0,12416
873,97.0,12416
874,97.0,12416
875,97.0,12416
876,97.0,12416
877,97.0,12416
878,97.0,12416
879,97.0,12416
880,97.0,12416
881,97.0,12416
882,97.0,12416
883,97.0,12416
884,97.0,12416
885,97.0,12416
886,97.0,12416
887,97.0,12416
888,97.0,12416
889,97.0,12416
890,97.0,12416
891,97.0,12416
892,97.0,12416
893,97.0,12416
894,97.0,12416
895,97.0,12416
896,97.0,12416
897,97.0,12416
898,97.0,12416
899,97.0,12416
900,97.0,12416
901,97.0,12416
902,97.0,12416
903,97.0,12416
904,97.0,12416
905,97.0,12416
906,97.0,12416
907,97.0,12416
908,97.0,12416
909,97.0,12416
910,97.0,12416
911,97.0,12416
912,97.0,12416
913,97.0,12416
914,97.0,12416
915,97.0,12416
916,97.0,12416
917,97.0,12416
918,97.0,12416
919,105.0,13440
920,97.0,12416
921,97.0,12416
922,97.0,12416
923,97.0,12416
924,105.0,13440
925,105.0,13440
926,105.0,13440
927,105.0,13440
928,105.0,13440
929,105.0,13440
930,105.0,13440
931,105.0,13440
932,105.0,13440
933,105.0,13440
934,105.0,13440
935,105.0,13440
936,105.0,13440
937,105.0,13440
938,97.0,12416
939,97.0,12416
940,97.0,12416
941,97.0,12416
942,97.0,12416
943,97.0,12416
944,97.0,12416
945,97.0,12416
946,97.0,12416
947,97.0,12416
948,97.0,12416
949,97.0,12416
950,97.0,12416
951,97.0,12416
952,97.0,12416
953,97.0,12416
954,97.0,12416
955,97.0,12416
956,97.0,12416
957,97.0,12416
958,97.0,12416
959,97.0,12416
960,97.0,12416
961,97.0,12416
962,97.0,12416
963,105.0,13440
964,97.0,12416
965,105.0,13440
966,97.0,12416
967,105.0,13440
968,105.0,13440
969,105.0,13440
970,105.0,13440
971,97.0,12416
972,97.0,12416
973,97.0,12416
974,97.0,12416
975,97.0,12416
976,97.0,12416
977,97.0,12416
978,97.0,12416
979,105.0,13440
980,105.0,13440
981,105.0,13440
982,105.0,13440
983,97.0,12416
984,97.0,12416
985,97.0,12416
986,97.0,12416
987,97.0,12416
988,97.0,12416
989,105.0,13440
990,97.0,12416
991,97.0,12416
992,97.0,12416
993,97.0,12416
994,97.0,12416
995,97.0,12416
996,97.0,12416
997,97.0,12416
998,97.0,12416
999,97.0,12416
1000,97.0,12416
1001,97.0,12416
1002,97.0,12416
1003,97.0,12416
1004,97.0,12416
1005,97.0,12416
1006,97.0,12416
1007,97.0,12416
1008,97.0,12416
1009,97.0,12416
1010,97.0,12416
1011,97.0,12416
1012,97.0,12416
1013,97.0,12416
1014,97.0,12416
1015,97.0,12416
1016,97.0,12416
1017,97.0,12416
1018,97.0,12416
1019,97.0,12416
1020,97.0,12416
1021,97.0,12416
1022,97.0,12416
1023,97.0,12416
1024,97.0,12416
1025,97.0,12416
1026,97.0,12416
1027,97.0,12416
1028,105.0,13440
1029,97.0,12416
1030,97.0,12416
1031,97.0,12416
1032,97.0,12416
1033,105.0,13440
1034,97.0,12416
1035,97.0,12416
1036,105.0,13440
1037,105.0,13440
1038,97.0,12416
1039,97.0,12416
1040,97.0,12416
1041,97.0,12416
1042,97.0,12416
1043,97.0,12416
1044,97.0,12416
1045,97.0,12416
1046,97.0,12416
1047,97.0,12416
1048,97.0,12416
1049,97.0,12416
1050,97.0,12416
1051,97.0,12416
1052,97.0,12416
1053,97.0,12416
1054,105.0,13440
1055,105.0,13440
1056,105.0,13440
1057,105.0,13440
1058,105.0,13440
1059,105.0,13440
1060,97.0,12416
1061,97.0,12416
1062,97.0,12416
1063,97.0,12416
1064,97.0,12416
1065,97.0,12416
1066,97.0,12416
1067,97.0,12416
1068,105.0,13440
1069,97.0,12416
1070,97.0,12416
1071,105.0,13440
1072,97.0,12416
1073,97.0,12416
1074,97.0,12416
1075,97.0,12416
1076,97.0,12416
1077,105.0,13440
1078,105.0,13440
1079,105.0,13440
1080,105.0,13440
1081,105.0,13440
1082,105.0,13440
1083,97.0,12416
1084,105.0,13440
1085,97.0,12416
1086,97.0,12416
1087,97.0,12416
1088,97.0,12416
1089,97.0,12416
1090,97.0,12416
1091,105.0,13440
1092,105.0,13440
1093,105.0,13440
1094,97.0,12416
1095,97.0,12416
1096,97.0,12416
1097,97.0,12416
1098,97.0,12416
1099,97.0,12416
1100,97.0,12416
1101,97.0,12416
1102,97.0,12416
1103,97.0,12416
1104,97.0,12416
1105,97.0,12416
1106,97.0,12416
1107,97.0,12416
1108,97.0,12416
1109,97.0,12416
1110,97.0,12416
1111,97.0,12416
1112,97.0,12416
1113,97.0,12416
1114,97.0,12416
1115,97.0,12416
1116,97.0,12416
1117,97.0,12416
1118,97.0,12416
1119,97.0,12416
1120,97.0,12416
1121,105.0,13440
1122,105.0,13440
1123,97.0,12416
1124,105.0,13440
1125,105.0,13440
1126,105.0,13440
1127,97.0,12416
1128,105.0,13440
1129,97.0,12416
1130,97.0,12416
1131,105.0,13440
1132,97.0,12416
1133,105.0,13440
1134,97.0,12416
1135,97.0,12416
1136,97.0,12416
1137,97.0,12416
1138,97.0,12416
1139,105.0,13440
1140,105.0,13440
1141,97.0,12416
1142,97.0,12416
1143,97.0,12416
1144,97.0,12416
1145,97.0,12416
1146,97.0,12416
1147,97.0,12416
1148,97.0,12416
1149,97.0,12416
1150,105.0,13440
1151,105.0,13440
1152,97.0,12416
1153,97.0,12416
1154,97.0,12416
1155,97.0,12416
1156,105.0,13440
1157,105.0,13440
1158,105.0,13440
1159,97.0,12416
1160,97.0,12416
1161,97.0,12416
1162,97.0,12416
1163,97.0,12416
1164,97.0,12416
1165,105.0,13440
1166,97.0,12416
1167,97.0,12416
1168,97.0,12416
1169,97.0,12416
1170,105.0,13440
1171,97.0,12416
1172,97.0,12416
1173,97.0,12416
1174,97.0,12416
1175,97.0,12416
1176,105.0,13440
1177,105.0,13440
1178,105.0,13440
1179,105.0,13440
1180,97.0,12416
1181,97.0,12416
1182,97.0,12416
1183,97.0,12416
1184,97.0,12416
1185,97.0,12416
1186,97.0,12416
1187,97.0,12416
1188,97.0,12416
1189,97.0,12416
1190,105.0,13440
1191,105.0,13440
1192,105.0,13440
1193,105.0,13440
1194,105.0,13440
1195,105.0,13440
1196,105.0,13440
1197,97.0,12416
1198,105.0,13440
1199,97.0,12416
1200,97.0,12416
1201,97.0,12416
1202,97.0,12416
1203,97.0,12416
1204,97.0,12416
1205,97.0,12416
1206,97.0,12416
1207,97.0,12416
1208,97.0,12416
1209,97.0,12416
1210,97.0,12416
1211,97.0,12416
1212,97.0,12416
1213,97.0,12416
1214,97.0,12416
1215,97.0,12416
1216,97.0,12416
1217,97.0,12416
1218,97.0,12416
1219,97.0,12416
1220,97.0,12416
1221,97.0,12416
1222,97.0,12416
1223,97.0,12416
1224,97.0,12416
1225,97.0,12416
1226,97.0,12416
1227,97.0,12416
1228,105.0,13440
1229,97.0,12416
1230,97.0,12416
1231,97.0,12416
1232,97.0,12416
1233,97.0,12416
1234,97.0,12416
1235,97.0,12416
1236,97.0,12416
1237,97.0,12416
1238,97.0,12416
1239,97.0,12416
1240,97.0,12416
1241,97.0,12416
1242,97.0,12416
1243,97.0,12416
1244,97.0,12416
1245,97.0,12416
1246,97.0,12416
1247,97.0,12416
1248,97.0,12416
1249,97.0,12416
1250,97.0,12416
1251,97.0,12416
1252,97.0,12416
1253,97.0,12416
1254,97.0,12416
1255,97.0,12416
1256,97.0,12416
1257,97.0,12416
1258,97.0,12416
1259,97.0,12416
1260,97.0,12416
1261,97.0,12416
1262,97.0,12416
1263,97.0,12416
1264,97.0,12416
1265,97.0,12416
1266,97.0,12416
1267,97.0,12416
1268,97.0,12416
1269,97.0,12416
1270,97.0,12416
1271,97.0,12416
1272,97.0,12416
1273,97.0,12416
1274,97.0,12416
1275,97.0,12416
1276,97.0,12416
1277,97.0,12416
1278,97.0,12416
1279,97.0,12416
1280,97.0,12416
1281,97.0,12416
1282,97.0,12416
1283,97.0,12416
1284,97.0,12416
1285,97.0,12416
1286,97.0,12416
1287,97.0,12416
1288,97.0,12416
1289,97.0,12416
1290,97.0,12416
1291,97.0,12416
1292,97.0,12416
1293,97.0,12416
1294,97.0,12416
1295,97.0,12416
1296,97.0,12416
1297,97.0,12416
1298,97.0,12416
1299,97.0,12416
1300,97.0,12416
1301,97.0,12416
1302,97.0,12416
1303,97.0,12416
1304,97.0,12416
1305,97.0,12416
1306,97.0,12416
1307,97.0,12416
1308,97.0,12416
1309,97.0,12416
1310,97.0,12416
1311,97.0,12416
1312,97.0,12416
1313,97.0,12416
1314,97.0,12416
1315,97.0,12416
1316,97.0,12416
1317,97.0,12416
1318,97.0,12416
1319,97.0,12416
1320,97.0,12416
1321,97.0,12416
1322,97.0,12416
1323,97.0,12416
1324,97.0,12416
1325,97.0,12416
1326,97.0,12416
1327,97.0,12416
1328,97.0,12416
1329,97.0,12416
1330,97.0,12416
1331,97.0,12416
1332,97.0,12416
1333,97.0,12416
1334,97.0,12416
1335,97.0,12416
1336,97.0,12416
1337,97.0,12416
1338,97.0,12416
1339,97.0,12416
1340,97.0,12416
1341,97.0,12416
1342,97.0,12416
1343,97.0,12416
1344,97.0,12416
1345,97.0,12416
1346,97.0,12416
1347,97.0,12416
1348,97.0,12416
1349,97.0,12416
1350,97.0,12416
1351,97.0,12416
1352,97.0,12416
1353,97.0,12416
1354,97.0,12416
1355,97.0,12416
1356,97.0,12416
1357,97.0,12416
1358,97.0,12416
1359,97.0,12416
1360,97.0,12416
1361,97.0,12416
1362,97.0,12416
1363,97.0,12416
1364,97.0,12416
1365,97.0,12416
1366,97.0,12416
1367,97.0,12416
1368,97.0,12416
1369,97.0,12416
1370,97.0,12416
1371,97.0,12416
1372,97.0,12416
1373,97.0,12416
1374,97.0,12416
1375,97.0,12416
1376,97.0,12416
1377,97.0,12416
1378,97.0,12416
1379,97.0,12416
1380,97.0,12416
1381,97.0,12416
1382,97.0,12416
1383,97.0,12416
1384,97.0,12416
1385,97.0,12416
1386,97.0,12416
1387,97.0,12416
1388,97.0,12416
1389,97.0,12416
1390,105.0,13440
1391,105.0,13440
1392,105.0,13440
1393,105.0,13440
1394,97.0,12416
1395,97.0,12416
1396,97.0,12416
1397,97.0,12416
1398,97.0,12416
1399,97.0,12416
1400,97.0,12416
1401,97.0,12416
1402,97.0,12416
1403,97.0,12416
1404,97.0,12416
1405,97.0,12416
1406,97.0,12416
1407,97.0,12416
1408,97.0,12416
1409,97.0,12416
1410,97.0,12416
1411,97.0,12416
1412,97.0,12416
1413,97.0,12416
1414,97.0,12416
1415,97.0,12416
1416,97.0,12416
1417,97.0,12416
1418,97.0,12416
1419,97.0,12416
1420,97.0,12416
1421,97.0,12416
1422,97.0,12416
1423,97.0,12416
1424,97.0,12416
1425,97.0,12416
1426,97.0,12416
1427,97.0,12416
1428,97.0,12416
1429,97.0,12416
1430,97.0,12416
1431,97.0,12416
1432,97.0,12416
1433,97.0,12416
1434,97.0,12416
1435,97.0,12416
1436,97.0,12416
1437,97.0,12416
1438,97.0,12416
1439,97.0,12416
1440,97.0,12416
1441,97.0,12416
1442,97.0,12416
1443,97.0,12416
1444,97.0,12416
1445,97.0,12416
1446,97.0,12416
1447,97.0,12416
1448,97.0,12416
1449,97.0,12416
1450,97.0,12416
1451,97.0,12416
1452,105.0,13440
1453,105.0,13440
1454,97.0,12416
1455,97.0,12416
1456,97.0,12416
1457,97.0,12416
1458,97.0,12416
1459,97.0,12416
1460,97.0,12416
1461,105.0,13440
1462,105.0,13440
1463,105.0,13440
1464,105.0,13440
1465,105.0,13440
1466,105.0,13440
1467,105.0,13440
1468,105.0,13440
1469,105.0,13440
1470,105.0,13440
1471,105.0,13440
1472,105.0,13440
1473,97.0,12416
1474,105.0,13440
1475,105.0,13440
1476,97.0,12416
1477,97.0,12416
1478,97.0,12416
1479,97.0,12416
1480,97.0,12416
1481,97.0,12416
1482,97.0,12416
1483,105.0,13440
1484,97.0,12416
1485,97.0,12416
1486,105.0,13440
1487,105.0,13440
1488,105.0,13440
1489,105.0,13440
1490,105.0,13440
1491,97.0,12416
1492,97.0,12416
1493,97.0,12416
1494,97.0,12416
1495,97.0,12416
1496,97.0,12416
1497,97.0,12416
1498,97.0,12416
1499,97.0,12416
1500,97.0,12416
1501,105.0,13440
1502,97.0,12416
1503,97.0,12416
1504,97.0,12416
1505,97.0,12416
1506,97.0,12416
1507,105.0,13440
1508,97.0,12416
1509,97.0,12416
1510,105.0,13440
1511,105.0,13440
1512,105.0,13440
1513,105.0,13440
1514,97.0,12416
1515,97.0,12416
1516,97.0,12416
1517,97.0,12416
1518,105.0,13440
1519,105.0,13440
1520,105.0,13440
1521,105.0,13440
1522,105.0,13440
1523,105.0,13440
1524,105.0,13440
1525,105.0,13440
1526,105.0,13440
1527,105.0,13440
1528,105.0,13440
1529,105.0,13440
1530,105.0,13440
1531,105.0,13440
1532,105.0,13440
1533,105.0,13440
1534,105.0,13440
1535,105.0,13440
1536,105.0,13440
1537,97.0,12416
1538,97.0,12416
1539,97.0,12416
1540,97.0,12416
1541,97.0,12416
1542,97.0,12416
1543,97.0,12416
1544,97.0,12416
1545,97.0,12416
1546,97.0,12416
1547,97.0,12416
1548,97.0,12416
1549,97.0,12416
1550,97.0,12416
1551,97.0,12416
1552,97.0,12416
1553,97.0,12416
1554,97.0,12416
1555,97.0,12416
1556,97.0,12416
1557,97.0,12416
1558,97.0,12416
1559,97.0,12416
1560,97.0,12416
1561,97.0,12416
1562,97.0,12416
1563,97.0,12416
1564,97.0,12416
1565,97.0,12416
1566,97.0,12416
1567,97.0,12416
1568,97.0,12416
1569,97.0,12416
1570,97.0,12416
1571,97.0,12416
1572,97.0,12416
1573,105.0,13440
1574,105.0,13440
1575,105.0,13440
1576,105.0,13440
1577,105.0,13440
1578,105.0,13440
1579,105.0,13440
1580,105.0,13440
1581,105.0,13440
1582,105.0,13440
1583,105.0,13440
1584,105.0,13440
1585,105.0,13440
1586,105.0,13440
1587,105.0,13440
1588,105.0,13440
1589,105.0,13440
1590,105.0,13440
1591,105.0,13440
1592,105.0,13440
1593,105.0,13440
1594,105.0,13440
1595,105.0,13440
1596,105.0,13440
1597,105.0,13440
1598,105.0,13440
1599,105.0,13440
1600,105.0,13440
1601,105.0,13440
1602,105.0,13440
1603,105.0,13440
1604,105.0,13440
1605,105.0,13440
1606,105.0,13440
1607,105.0,13440
1608,105.0,13440
1609,105.0,13440
1610,105.0,13440
1611,105.0,13440
1612,105.0,13440
1613,105.0,13440
1614,105.0,13440
1615,105.0,13440
1616,105.0,13440
1617,105.0,13440
1618,113.0,14464
1619,113.0,14464
1620,105.0,13440
1621,105.0,13440
1622,105.0,13440
1623,105.0,13440
1624,105.0,13440
1625,105.0,13440
1626,105.0,13440
1627,105.0,13440
1628,105.0,13440
1629,105.0,13440
1630,105.0,13440
1631,105.0,13440
1632,105.0,13440
1633,105.0,13440
1634,105.0,13440
1635,105.0,13440
1636,105.0,13440
1637,105.0,13440
1638,105.0,13440
1639,105.0,13440
1640,105.0,13440
1641,105.0,13440
1642,105.0,13440
1643,105.0,13440
1644,105.0,13440
1645,105.0,13440
1646,105.0,13440
1647,105.0,13440
1648,105.0,13440
1649,105.0,13440
1650,105.0,13440
1651,105.0,13440
1652,105.0,13440
1653,105.0,13440
1654,105.0,13440
1655,105.0,13440
1656,105.0,13440
1657,105.0,13440
1658,97.0,12416
1659,97.0,12416
1660,97.0,12416
1661,97.0,12416
1662,97.0,12416
1663,105.0,13440
1664,105.0,13440
1665,105.0,13440
1666,105.0,13440
1667,105.0,13440
1668,105.0,13440
1669,105.0,13440
1670,105.0,13440
1671,105.0,13440
1672,105.0,13440
1673,105.0,13440
1674,105.0,13440
1675,105.0,13440
1676,105.0,13440
1677,105.0,13440
1678,105.0,13440
1679,105.0,13440
1680,105.0,13440
1681,97.0,12416
1682,97.0,12416
1683,97.0,12416
1684,105.0,13440
1685,105.0,13440
1686,105.0,13440
1687,105.0,13440
1688,105.0,13440
1689,105.0,13440
1690,105.0,13440
1691,105.0,13440
1692,105.0,13440
1693,105.0,13440
1694,105.0,13440
1695,105.0,13440
1696,105.0,13440
1697,105.0,13440
1698,105.0,13440
1699,105.0,13440
1700,105.0,13440
1701,105.0,13440
1702,105.0,13440
1703,105.0,13440
1704,105.0,13440
1705,105.0,13440
1706,105.0,13440
1707,105.0,13440
1708,105.0,13440
1709,105.0,13440
1710,105.0,13440
1711,105.0,13440
1712,105.0,13440
1713,105.0,13440
1714,105.0,13440
1715,105.0,13440
1716,105.0,13440
1717,105.0,13440
1718,105.0,13440
1719,105.0,13440
1720,105.0,13440
1721,105.0,13440
1722,105.0,13440
1723,105.0,13440
1724,105.0,13440
1725,105.0,13440
1726,105.0,13440
1727,105.0,13440
1728,105.0,13440
1729,105.0,13440
1730,105.0,13440
1731,105.0,13440
1732,105.0,13440
1733,105.0,13440
1734,105.0,13440
1735,105.0,13440
1736,105.0,13440
1737,105.0,13440
1738,105.0,13440
1739,105.0,13440
1740,105.0,13440
1741,105.0,13440
1742,105.0,13440
1743,105.0,13440
1744,105.0,13440
1745,105.0,13440
1746,105.0,13440
1747,105.0,13440
1748,105.0,13440
1749,105.0,13440
1750,105.0,13440
1751,105.0,13440
1752,105.0,13440
1753,105.0,13440
1754,105.0,13440
1755,105.0,13440
1756,105.0,13440
1757,105.0,13440
1758,105.0,13440
1759,105.0,13440
1760,105.0,13440
1761,105.0,13440
1762,105.0,13440
1763,105.0,13440
1764,105.0,13440
1765,105.0,13440
1766,105.0,13440
1767,105.0,13440
1768,105.0,13440
1769,105.0,13440
1770,105.0,13440
1771,105.0,13440
1772,105.0,13440
1773,105.0,13440
1774,105.0,13440
1775,105.0,13440
1776,105.0,13440
1777,105.0,13440
1778,105.0,13440
1779,105.0,13440
1780,105.0,13440
1781,105.0,13440
1782,105.0,13440
1783,105.0,13440
1784,105.0,13440
1785,105.0,13440
1786,105.0,13440
1787,105.0,13440
1788,105.0,13440
1789,105.0,13440
1790,105.0,13440
1791,105.0,13440
1792,105.0,13440
1793,105.0,13440
1794,105.0,13440
1795,97.0,12416
1796,97.0,12416
1797,97.0,12416
1798,97.0,12416
1799,97.0,12416
1800,105.0,13440
1801,97.0,12416
1802,97.0,12416
1803,97.0,12416
1804,97.0,12416
1805,97.0,12416
1806,105.0,13440
1807,97.0,12416
1808,97.0,12416
1809,97.0,12416
1810,97.0,12416
1811,97.0,12416
1812,105.0,13440
1813,97.0,12416
1814,97.0,12416
1815,97.0,12416
1816,97.0,12416
1817,97.0,12416
1818,105.0,13440
1819,105.0,13440
1820,105.0,13440
1821,105.0,13440
1822,105.0,13440
1823,105.0,13440
1824,105.0,13440
1825,105.0,13440
1826,105.0,13440
1827,105.0,13440
1828,105.0,13440
1829,105.0,13440
1830,105.0,13440
1831,105.0,13440
1832,105.0,13440
1833,105.0,13440
1834,105.0,13440
1835,105.0,13440
1836,97.0,12416
1837,105.0,13440
1838,105.0,13440
1839,105.0,13440
1840,105.0,13440
1841,105.0,13440
1842,105.0,13440
1843,97.0,12416
1844,105.0,13440
1845,105.0,13440
1846,105.0,13440
1847,105.0,13440
1848,97.0,12416
1849,97.0,12416
1850,97.0,12416
1851,97.0,12416
1852,97.0,12416
1853,97.0,12416
1854,97.0,12416
1855,97.0,12416
1856,97.0,12416
1857,105.0,13440
1858,97.0,12416
1859,105.0,13440
1860,97.0,12416
1861,97.0,12416
1862,97.0,12416
1863,97.0,12416
1864,97.0,12416
1865,97.0,12416
1866,97.0,12416
1867,97.0,12416
1868,97.0,12416
1869,97.0,12416
1870,97.0,12416
1871,97.0,12416
1872,105.0,13440
1873,105.0,13440
1874,105.0,13440
1875,105.0,13440
1876,105.0,13440
1877,105.0,13440
1878,105.0,13440
1879,105.0,13440
1880,105.0,13440
1881,105.0,13440
1882,105.0,13440
1883,105.0,13440
1884,105.0,13440
1885,105.0,13440
1886,105.0,13440
1887,105.0,13440
1888,105.0,13440
1889,105.0,13440
1890,105.0,13440
1891,105.0,13440
1892,105.0,13440
1893,105.0,13440
1894,105.0,13440
1895,105.0,13440
1896,105.0,13440
1897,105.0,13440
1898,105.0,13440
1899,105.0,13440
1900,105.0,13440
1901,105.0,13440
1902,105.0,13440
1903,105.0,13440
1904,105.0,13440
1905,105.0,13440
1906,105.0,13440
1907,105.0,13440
1908,105.0,13440
1909,105.0,13440
1910,105.0,13440
1911,105.0,13440
1912,105.0,13440
1913,105.0,13440
1914,105.0,13440
1915,105.0,13440
1916,105.0,13440
1917,105.0,13440
1918,105.0,13440
1919,105.0,13440
1920,105.0,13440
1921,105.0,13440
1922,105.0,13440
1923,105.0,13440
1924,105.0,13440
1925,105.0,13440
1926,105.0,13440
1927,105.0,13440
1928,105.0,13440
1929,105.0,13440
1930,105.0,13440
1931,105.0,13440
1932,105.0,13440
1933,105.0,13440
1934,105.0,13440
1935,105.0,13440
1936,105.0,13440
1937,105.0,13440
1938,105.0,13440
1939,105.0,13440
1940,105.0,13440
1941,105.0,13440
1942,105.0,13440
1943,105.0,13440
1944,105.0,13440
1945,105.0,13440
1946,105.0,13440
1947,105.0,13440
1948,105.0,13440
1949,105.0,13440
1950,105.0,13440
1951,105.0,13440
1952,105.0,13440
1953,105.0,13440
1954,105.0,13440
1955,105.0,13440
1956,105.0,13440
1957,105.0,13440
1958,105.0,13440
1959,105.0,13440
1960,105.0,13440
1961,105.0,13440
1962,97.0,12416
1963,105.0,13440
1964,105.0,13440
1965,105.0,13440
1966,97.0,12416
1967,97.0,12416
1968,97.0,12416
1969,97.0,12416
1970,97.0,12416
1971,105.0,13440
1972,105.0,13440
1973,105.0,13440
1974,97.0,12416
1975,105.0,13440
1976,105.0,13440
1977,105.0,13440
1978,105.0,13440
1979,97.0,12416
1980,97.0,12416
1981,105.0,13440
1982,97.0,12416
1983,97.0,12416
1984,97.0,12416
1985,105.0,13440
1986,105.0,13440
1987,105.0,13440
1988,105.0,13440
1989,97.0,12416
1990,97.0,12416
1991,97.0,12416
1992,105.0,13440
1993,105.0,13440
1994,105.0,13440
1995,105.0,13440
1996,105.0,13440
1997,105.0,13440
1998,105.0,13440
1999,105.0,13440
2000,105.0,13440
