RandomSeed,40074,Population size:128,Bit Length:64,Crossover Rate:0.7,Mutation Rate:0.005
gen,BestFitness,FitnessEval
1,9.0,1152
2,33.0,4224
3,33.0,4224
4,33.0,4224
5,33.0,4224
6,33.0,4224
7,41.0,5248
8,41.0,5248
9,41.0,5248
10,41.0,5248
11,41.0,5248
12,41.0,5248
13,41.0,5248
14,41.0,5248
15,33.0,4224
16,33.0,4224
17,33.0,4224
18,33.0,4224
19,33.0,4224
20,33.0,4224
21,33.0,4224
22,33.0,4224
23,33.0,4224
24,33.0,4224
25,33.0,4224
26,33.0,4224
27,33.0,4224
28,33.0,4224
29,33.0,4224
30,33.0,4224
31,33.0,4224
32,33.0,4224
33,33.0,4224
34,33.0,4224
35,33.0,4224
36,33.0,4224
37,33.0,4224
38,33.0,4224
39,33.0,4224
40,33.0,4224
41,33.0,4224
42,33.0,4224
43,33.0,4224
44,33.0,4224
45,33.0,4224
46,33.0,4224
47,33.0,4224
48,33.0,4224
49,33.0,4224
50,33.0,4224
51,33.0,4224
52,33.0,4224
53,33.0,4224
54,33.0,4224
55,33.0,4224
56,33.0,4224
57,33.0,4224
58,33.0,4224
59,33.0,4224
60,33.0,4224
61,33.0,4224
62,33.0,4224
63,33.0,4224
64,33.0,4224
65,41.0,5248
66,41.0,5248
67,41.0,5248
68,41.0,5248
69,41.0,5248
70,41.0,5248
71,41.0,5248
72,41.0,5248
73,41.0,5248
74,41.0,5248
75,41.0,5248
76,41.0,5248
77,41.0,5248
78,41.0,5248
79,41.0,5248
80,41.0,5248
81,41.0,5248
82,41.0,5248
83,41.0,5248
84,41.0,5248
85,41.0,5248
86,41.0,5248
87,41.0,5248
88,41.0,5248
89,41.0,5248
90,41.0,5248
91,41.0,5248
92,41.0,5248
93,41.0,5248
94,41.0,5248
95,41.0,5248
96,41.0,5248
97,41.0,5248
98,41.0,5248
99,41.0,5248
100,41.0,5248
101,41.0,5248
102,41.0,5248
103,41.0,5248
104,41.0,5248
105,41.0,5248
106,41.0,5248
107,41.0,5248
108,41.0,5248
109,41.0,5248
110,41.0,5248
111,41.0,5248
112,41.0,5248
113,41.0,5248
114,41.0,5248
115,41.0,5248
116,41.0,5248
117,41.0,5248
118,41.0,5248
119,41.0,5248
120,41.0,5248
121,41.0,5248
122,41.0,5248
123,41.0,5248
124,41.0,5248
125,41.0,5248
126,41.0,5248
127,41.0,5248
128,41.0,5248
129,41.0,5248
130,41.0,5248
131,41.0,5248
132,41.0,5248
133,41.0,5248
134,41.0,5248
135,41.0,5248
136,49.0,6272
137,49.0,6272
138,49.0,6272
139,41.0,5248
140,41.0,5248
141,41.0,5248
142,41.0,5248
143,41.0,5248
144,49.0,6272
145,41.0,5248
146,41.0,5248
147,41.0,5248
148,41.0,5248
149,41.0,5248
150,41.0,5248
151,41.0,5248
152,41.0,5248
153,41.0,5248
154,41.0,5248
155,41.0,5248
156,41.0,5248
157,41.0,5248
158,41.0,5248
159,41.0,5248
160,41.0,5248
161,41.0,5248
162,41.0,5248
163,41.0,5248
164,41.0,5248
165,41.0,5248
166,41.0,5248
167,41.0,5248
168,41.0,5248
169,41.0,5248
170,41.0,5248
171,41.0,5248
172,41.0,5248
173,41.0,5248
174,41.0,5248
175,41.0,5248
176,41.0,5248
177,41.0,5248
178,41.0,5248
179,41.0,5248
180,41.0,5248
181,41.0,5248
182,41.0,5248
183,41.0,5248
184,41.0,5248
185,41.0,5248
186,41.0,5248
187,41.0,5248
188,41.0,5248
189,41.0,5248
190,41.0,5248
191,41.0,5248
192,41.0,5248
193,41.0,5248
194,41.0,5248
195,41.0,5248
196,41.0,5248
197,41.0,5248
198,41.0,5248
199,41.0,5248
200,41.0,5248
201,41.0,5248
202,41.0,5248
203,41.0,5248
204,41.0,5248
205,41.0,5248
206,41.0,5248
207,41.0,5248
208,41.0,5248
209,41.0,5248
210,41.0,5248
211,41.0,5248
212,41.0,5248
213,41.0,5248
214,41.0,5248
215,41.0,5248
216,41.0,5248
217,41.0,5248
218,41.0,5248
219,41.0,5248
220,41.0,5248
221,41.0,5248
222,41.0,5248
223,41.0,5248
224,41.0,5248
225,41.0,5248
226,41.0,5248
227,41.0,5248
228,41.0,5248
229,41.0,5248
230,41.0,5248
231,41.0,5248
232,41.0,5248
233,41.0,5248
234,41.0,5248
235,41.0,5248
236,41.0,5248
237,41.0,5248
238,41.0,5248
239,41.0,5248
240,41.0,5248
241,41.0,5248
242,41.0,5248
243,41.0,5248
244,41.0,5248
245,41.0,5248
246,41.0,5248
247,41.0,5248
248,41.0,5248
249,41.0,5248
250,41.0,5248
251,41.0,5248
252,41.0,5248
253,41.0,5248
254,41.0,5248
255,41.0,5248
256,41.0,5248
257,41.0,5248
258,41.0,5248
259,41.0,5248
260,41.0,5248
261,41.0,5248
262,41.0,5248
263,41.0,5248
264,41.0,5248
265,41.0,5248
266,41.0,5248
267,41.0,5248
268,49.0,6272
269,41.0,5248
270,41.0,5248
271,41.0,5248
272,41.0,5248
273,41.0,5248
274,41.0,5248
275,41.0,5248
276,41.0,5248
277,41.0,5248
278,41.0,5248
279,41.0,5248
280,41.0,5248
281,41.0,5248
282,41.0,5248
283,41.0,5248
284,41.0,5248
285,41.0,5248
286,41.0,5248
287,41.0,5248
288,41.0,5248
289,41.0,5248
290,41.0,5248
291,41.0,5248
292,41.0,5248
293,41.0,5248
294,41.0,5248
295,41.0,5248
296,41.0,5248
297,41.0,5248
298,41.0,5248
299,41.0,5248
300,41.0,5248
301,41.0,5248
302,41.0,5248
303,41.0,5248
304,41.0,5248
305,41.0,5248
306,41.0,5248
307,41.0,5248
308,41.0,5248
309,41.0,5248
310,41.0,5248
311,41.0,5248
312,41.0,5248
313,41.0,5248
314,41.0,5248
315,41.0,5248
316,41.0,5248
317,41.0,5248
318,41.0,5248
319,41.0,5248
320,41.0,5248
321,41.0,5248
322,41.0,5248
323,41.0,5248
324,41.0,5248
325,65.0,8320
326,41.0,5248
327,41.0,5248
328,41.0,5248
329,65.0,8320
330,65.0,8320
331,65.0,8320
332,65.0,8320
333,65.0,8320
334,65.0,8320
335,65.0,8320
336,65.0,8320
337,65.0,8320
338,65.0,8320
339,65.0,8320
340,65.0,8320
341,65.0,8320
342,65.0,8320
343,65.0,8320
344,65.0,8320
345,73.0,9344
346,73.0,9344
347,73.0,9344
348,65.0,8320
349,73.0,9344
350,65.0,8320
351,65.0,8320
352,65.0,8320
353,65.0,8320
354,65.0,8320
355,65.0,8320
356,65.0,8320
357,65.0,8320
358,65.0,8320
359,65.0,8320
360,65.0,8320
361,65.0,8320
362,65.0,8320
363,65.0,8320
364,65.0,8320
365,73.0,9344
366,65.0,8320
367,65.0,8320
368,65.0,8320
369,65.0,8320
370,65.0,8320
371,65.0,8320
372,65.0,8320
373,65.0,8320
374,65.0,8320
375,65.0,8320
376,65.0,8320
377,65.0,8320
378,65.0,8320
379,65.0,8320
380,65.0,8320
381,65.0,8320
382,65.0,8320
383,65.0,8320
384,65.0,8320
385,65.0,8320
386,65.0,8320
387,65.0,8320
388,65.0,8320
389,65.0,8320
390,65.0,8320
391,65.0,8320
392,65.0,8320
393,65.0,8320
394,65.0,8320
395,65.0,8320
396,65.0,8320
397,65.0,8320
398,65.0,8320
399,65.0,8320
400,65.0,8320
401,65.0,8320
402,65.0,8320
403,65.0,8320
404,65.0,8320
405,65.0,8320
406,65.0,8320
407,65.0,8320
408,65.0,8320
409,65.0,8320
410,65.0,8320
411,65.0,8320
412,65.0,8320
413,65.0,8320
414,65.0,8320
415,65.0,8320
416,73.0,9344
417,65.0,8320
418,65.0,8320
419,65.0,8320
420,65.0,8320
421,65.0,8320
422,65.0,8320
423,65.0,8320
424,65.0,8320
425,65.0,8320
426,65.0,8320
427,65.0,8320
428,65.0,8320
429,65.0,8320
430,65.0,8320
431,65.0,8320
432,65.0,8320
433,65.0,8320
434,65.0,8320
435,65.0,8320
436,65.0,8320
437,65.0,8320
438,65.0,8320
439,65.0,8320
440,65.0,8320
441,65.0,8320
442,73.0,9344
443,65.0,8320
444,65.0,8320
445,65.0,8320
446,65.0,8320
447,65.0,8320
448,65.0,8320
449,65.0,8320
450,65.0,8320
451,65.0,8320
452,65.0,8320
453,65.0,8320
454,65.0,8320
455,65.0,8320
456,65.0,8320
457,65.0,8320
458,65.0,8320
459,65.0,8320
460,65.0,8320
461,65.0,8320
462,65.0,8320
463,65.0,8320
464,65.0,8320
465,65.0,8320
466,65.0,8320
467,65.0,8320
468,65.0,8320
469,65.0,8320
470,65.0,8320
471,65.0,8320
472,65.0,8320
473,65.0,8320
474,65.0,8320
475,65.0,8320
476,65.0,8320
477,65.0,8320
478,65.0,8320
479,65.0,8320
480,65.0,8320
481,65.0,8320
482,65.0,8320
483,65.0,8320
484,65.0,8320
485,65.0,8320
486,65.0,8320
487,65.0,8320
488,73.0,9344
489,73.0,9344
490,73.0,9344
491,73.0,9344
492,73.0,9344
493,65.0,8320
494,73.0,9344
495,65.0,8320
496,65.0,8320
497,65.0,8320
498,65.0,8320
499,65.0,8320
500,65.0,8320
501,65.0,8320
502,65.0,8320
503,65.0,8320
504,65.0,8320
505,65.0,8320
506,65.0,8320
507,65.0,8320
508,65.0,8320
509,65.0,8320
510,65.0,8320
511,65.0,8320
512,65.0,8320
513,65.0,8320
514,65.0,8320
515,65.0,8320
516,65.0,8320
517,65.0,8320
518,65.0,8320
519,65.0,8320
520,65.0,8320
521,65.0,8320
522,65.0,8320
523,65.0,8320
524,65.0,8320
525,65.0,8320
526,65.0,8320
527,65.0,8320
528,65.0,8320
529,65.0,8320
530,65.0,8320
531,65.0,8320
532,65.0,8320
533,65.0,8320
534,65.0,8320
535,65.0,8320
536,65.0,8320
537,65.0,8320
538,65.0,8320
539,65.0,8320
540,65.0,8320
541,65.0,8320
542,65.0,8320
543,65.0,8320
544,65.0,8320
545,65.0,8320
546,65.0,8320
547,65.0,8320
548,65.0,8320
549,65.0,8320
550,65.0,8320
551,65.0,8320
552,65.0,8320
553,65.0,8320
554,65.0,8320
555,65.0,8320
556,65.0,8320
557,65.0,8320
558,65.0,8320
559,65.0,8320
560,65.0,8320
561,65.0,8320
562,65.0,8320
563,65.0,8320
564,65.0,8320
565,65.0,8320
566,65.0,8320
567,65.0,8320
568,65.0,8320
569,65.0,8320
570,73.0,9344
571,73.0,9344
572,65.0,8320
573,65.0,8320
574,65.0,8320
575,65.0,8320
576,73.0,9344
577,65.0,8320
578,73.0,9344
579,73.0,9344
580,65.0,8320
581,73.0,9344
582,73.0,9344
583,65.0,8320
584,65.0,8320
585,65.0,8320
586,65.0,8320
587,65.0,8320
588,65.0,8320
589,65.0,8320
590,65.0,8320
591,65.0,8320
592,65.0,8320
593,65.0,8320
594,65.0,8320
595,65.0,8320
596,65.0,8320
597,65.0,8320
598,65.0,8320
599,65.0,8320
600,65.0,8320
601,65.0,8320
602,65.0,8320
603,65.0,8320
604,65.0,8320
605,65.0,8320
606,65.0,8320
607,65.0,8320
608,65.0,8320
609,65.0,8320
610,65.0,8320
611,65.0,8320
612,65.0,8320
613,65.0,8320
614,65.0,8320
615,65.0,8320
616,65.0,8320
617,65.0,8320
618,65.0,8320
619,65.0,8320
620,65.0,8320
621,65.0,8320
622,65.0,8320
623,65.0,8320
624,65.0,8320
625,65.0,8320
626,65.0,8320
627,65.0,8320
628,65.0,8320
629,65.0,8320
630,65.0,8320
631,65.0,8320
632,65.0,8320
633,65.0,8320
634,65.0,8320
635,65.0,8320
636,65.0,8320
637,65.0,8320
638,65.0,8320
639,65.0,8320
640,65.0,8320
641,65.0,8320
642,65.0,8320
643,65.0,8320
644,65.0,8320
645,65.0,8320
646,65.0,8320
647,65.0,8320
648,65.0,8320
649,65.0,8320
650,65.0,8320
651,65.0,8320
652,65.0,8320
653,65.0,8320
654,65.0,8320
655,65.0,8320
656,65.0,8320
657,65.0,8320
658,65.0,8320
659,65.0,8320
660,65.0,8320
661,65.0,8320
662,65.0,8320
663,65.0,8320
664,65.0,8320
665,65.0,8320
666,65.0,8320
667,65.0,8320
668,65.0,8320
669,73.0,9344
670,73.0,9344
671,65.0,8320
672,65.0,8320
673,65.0,8320
674,65.0,8320
675,65.0,8320
676,65.0,8320
677,65.0,8320
678,65.0,8320
679,65.0,8320
680,73.0,9344
681,65.0,8320
682,65.0,8320
683,65.0,8320
684,65.0,8320
685,65.0,8320
686,65.0,8320
687,65.0,8320
688,65.0,8320
689,65.0,8320
690,65.0,8320
691,65.0,8320
692,65.0,8320
693,65.0,8320
694,65.0,8320
695,65.0,8320
696,65.0,8320
697,65.0,8320
698,65.0,8320
699,65.0,8320
700,65.0,8320
701,65.0,8320
702,65.0,8320
703,65.0,8320
704,65.0,8320
705,65.0,8320
706,65.0,8320
707,65.0,8320
708,65.0,8320
709,65.0,8320
710,65.0,8320
711,65.0,8320
712,65.0,8320
713,65.0,8320
714,65.0,8320
715,65.0,8320
716,73.0,9344
717,73.0,9344
718,73.0,9344
719,73.0,9344
720,73.0,9344
721,73.0,9344
722,73.0,9344
723,73.0,9344
724,73.0,9344
725,73.0,9344
726,73.0,9344
727,73.0,9344
728,73.0,9344
729,65.0,8320
730,65.0,8320
731,65.0,8320
732,65.0,8320
733,65.0,8320
734,65.0,8320
735,65.0,8320
736,65.0,8320
737,65.0,8320
738,73.0,9344
739,73.0,9344
740,73.0,9344
741,73.0,9344
742,73.0,9344
743,73.0,9344
744,73.0,9344
745,73.0,9344
746,73.0,9344
747,73.0,9344
748,65.0,8320
749,65.0,8320
750,65.0,8320
751,65.0,8320
752,65.0,8320
753,65.0,8320
754,65.0,8320
755,65.0,8320
756,65.0,8320
757,65.0,8320
758,65.0,8320
759,65.0,8320
760,65.0,8320
761,65.0,8320
762,65.0,8320
763,65.0,8320
764,65.0,8320
765,65.0,8320
766,65.0,8320
767,65.0,8320
768,65.0,8320
769,65.0,8320
770,65.0,8320
771,65.0,8320
772,65.0,8320
773,65.0,8320
774,65.0,8320
775,65.0,8320
776,65.0,8320
777,65.0,8320
778,65.0,8320
779,65.0,8320
780,65.0,8320
781,65.0,8320
782,65.0,8320
783,65.0,8320
784,65.0,8320
785,65.0,8320
786,65.0,8320
787,65.0,8320
788,65.0,8320
789,65.0,8320
790,65.0,8320
791,65.0,8320
792,65.0,8320
793,65.0,8320
794,65.0,8320
795,65.0,8320
796,65.0,8320
797,65.0,8320
798,73.0,9344
799,65.0,8320
800,65.0,8320
801,65.0,8320
802,65.0,8320
803,65.0,8320
804,65.0,8320
805,65.0,8320
806,73.0,9344
807,73.0,9344
808,65.0,8320
809,65.0,8320
810,65.0,8320
811,65.0,8320
812,65.0,8320
813,65.0,8320
814,65.0,8320
815,65.0,8320
816,65.0,8320
817,65.0,8320
818,65.0,8320
819,65.0,8320
820,65.0,8320
821,65.0,8320
822,65.0,8320
823,65.0,8320
824,65.0,8320
825,65.0,8320
826,65.0,8320
827,65.0,8320
828,65.0,8320
829,65.0,8320
830,65.0,8320
831,65.0,8320
832,65.0,8320
833,65.0,8320
834,65.0,8320
835,65.0,8320
836,65.0,8320
837,65.0,8320
838,65.0,8320
839,65.0,8320
840,65.0,8320
841,65.0,8320
842,65.0,8320
843,65.0,8320
844,65.0,8320
845,73.0,9344
846,73.0,9344
847,65.0,8320
848,65.0,8320
849,65.0,8320
850,65.0,8320
851,73.0,9344
852,73.0,9344
853,73.0,9344
854,73.0,9344
855,65.0,8320
856,65.0,8320
857,65.0,8320
858,65.0,8320
859,65.0,8320
860,65.0,8320
861,65.0,8320
862,65.0,8320
863,65.0,8320
864,65.0,8320
865,65.0,8320
866,65.0,8320
867,65.0,8320
868,65.0,8320
869,65.0,8320
870,65.0,8320
871,65.0,8320
872,65.0,8320
873,65.0,8320
874,65.0,8320
875,65.0,8320
876,65.0,8320
877,65.0,8320
878,65.0,8320
879,65.0,8320
880,65.0,8320
881,65.0,8320
882,65.0,8320
883,65.0,8320
884,65.0,8320
885,65.0,8320
886,65.0,8320
887,65.0,8320
888,65.0,8320
889,65.0,8320
890,65.0,8320
891,65.0,8320
892,65.0,8320
893,65.0,8320
894,65.0,8320
895,65.0,8320
896,65.0,8320
897,65.0,8320
898,65.0,8320
899,65.0,8320
900,65.0,8320
901,65.0,8320
902,65.0,8320
903,65.0,8320
904,65.0,8320
905,65.0,8320
906,65.0,8320
907,65.0,8320
908,65.0,8320
909,65.0,8320
910,65.0,8320
911,65.0,8320
912,65.0,8320
913,65.0,8320
914,65.0,8320
915,65.0,8320
916,65.0,8320
917,65.0,8320
918,65.0,8320
919,65.0,8320
920,65.0,8320
921,65.0,8320
922,65.0,8320
923,65.0,8320
924,65.0,8320
925,65.0,8320
926,65.0,8320
927,65.0,8320
928,65.0,8320
929,65.0,8320
930,65.0,8320
931,65.0,8320
932,65.0,8320
933,65.0,8320
934,65.0,8320
935,65.0,8320
936,65.0,8320
937,73.0,9344
938,65.0,8320
939,65.0,8320
940,65.0,8320
941,65.0,8320
942,65.0,8320
943,65.0,8320
944,65.0,8320
945,65.0,8320
946,65.0,8320
947,65.0,8320
948,65.0,8320
949,65.0,8320
950,65.0,8320
951,65.0,8320
952,65.0,8320
953,65.0,8320
954,65.0,8320
955,65.0,8320
956,65.0,8320
957,65.0,8320
958,65.0,8320
959,65.0,8320
960,65.0,8320
961,65.0,8320
962,65.0,8320
963,65.0,8320
964,65.0,8320
965,65.0,8320
966,65.0,8320
967,65.0,8320
968,65.0,8320
969,65.0,8320
970,65.0,8320
971,65.0,8320
972,65.0,8320
973,65.0,8320
974,65.0,8320
975,65.0,8320
976,65.0,8320
977,65.0,8320
978,65.0,8320
979,65.0,8320
980,65.0,8320
981,65.0,8320
982,65.0,8320
983,65.0,8320
984,73.0,9344
985,65.0,8320
986,65.0,8320
987,65.0,8320
988,65.0,8320
989,65.0,8320
990,73.0,9344
991,73.0,9344
992,65.0,8320
993,65.0,8320
994,65.0,8320
995,65.0,8320
996,65.0,8320
997,73.0,9344
998,65.0,8320
999,65.0,8320
1000,65.0,8320
1001,65.0,8320
1002,65.0,8320
1003,65.0,8320
1004,65.0,8320
1005,65.0,8320
1006,65.0,8320
1007,65.0,8320
1008,65.0,8320
1009,65.0,8320
1010,65.0,8320
1011,65.0,8320
1012,65.0,8320
1013,65.0,8320
1014,65.0,8320
1015,65.0,8320
1016,65.0,8320
1017,65.0,8320
1018,65.0,8320
1019,65.0,8320
1020,65.0,8320
1021,65.0,8320
1022,65.0,8320
1023,65.0,8320
1024,65.0,8320
1025,65.0,8320
1026,65.0,8320
1027,65.0,8320
1028,65.0,8320
1029,65.0,8320
1030,65.0,8320
1031,65.0,8320
1032,65.0,8320
1033,65.0,8320
1034,65.0,8320
1035,65.0,8320
1036,65.0,8320
1037,65.0,8320
1038,65.0,8320
1039,65.0,8320
1040,65.0,8320
1041,65.0,8320
1042,65.0,8320
1043,65.0,8320
1044,65.0,8320
1045,65.0,8320
1046,65.0,8320
1047,65.0,8320
1048,65.0,8320
1049,65.0,8320
1050,65.0,8320
1051,65.0,8320
1052,65.0,8320
1053,65.0,8320
1054,73.0,9344
1055,65.0,8320
1056,65.0,8320
1057,65.0,8320
1058,65.0,8320
1059,65.0,8320
1060,65.0,8320
1061,65.0,8320
1062,65.0,8320
1063,65.0,8320
1064,65.0,8320
1065,65.0,8320
1066,65.0,8320
1067,65.0,8320
1068,65.0,8320
1069,65.0,8320
1070,65.0,8320
1071,65.0,8320
1072,65.0,8320
1073,65.0,8320
1074,65.0,8320
1075,65.0,8320
1076,73.0,9344
1077,65.0,8320
1078,65.0,8320
1079,65.0,8320
1080,65.0,8320
1081,65.0,8320
1082,65.0,8320
1083,65.0,8320
1084,65.0,8320
1085,65.0,8320
1086,65.0,8320
1087,65.0,8320
1088,65.0,8320
1089,65.0,8320
1090,65.0,8320
1091,65.0,8320
1092,65.0,8320
1093,65.0,8320
1094,65.0,8320
1095,65.0,8320
1096,65.0,8320
1097,65.0,8320
1098,65.0,8320
1099,65.0,8320
1100,65.0,8320
1101,65.0,8320
1102,65.0,8320
1103,65.0,8320
1104,65.0,8320
1105,65.0,8320
1106,65.0,8320
1107,65.0,8320
1108,65.0,8320
1109,65.0,8320
1110,65.0,8320
1111,65.0,8320
1112,65.0,8320
1113,65.0,8320
1114,65.0,8320
1115,65.0,8320
1116,65.0,8320
1117,65.0,8320
1118,65.0,8320
1119,65.0,8320
1120,73.0,9344
1121,73.0,9344
1122,73.0,9344
1123,73.0,9344
1124,73.0,9344
1125,73.0,9344
1126,73.0,9344
1127,73.0,9344
1128,73.0,9344
1129,73.0,9344
1130,73.0,9344
1131,73.0,9344
1132,73.0,9344
1133,73.0,9344
1134,73.0,9344
1135,73.0,9344
1136,73.0,9344
1137,73.0,9344
1138,73.0,9344
1139,73.0,9344
1140,73.0,9344
1141,73.0,9344
1142,73.0,9344
1143,73.0,9344
1144,73.0,9344
1145,73.0,9344
1146,73.0,9344
1147,73.0,9344
1148,73.0,9344
1149,73.0,9344
1150,73.0,9344
1151,65.0,8320
1152,65.0,8320
1153,65.0,8320
1154,65.0,8320
1155,65.0,8320
1156,65.0,8320
1157,65.0,8320
1158,65.0,8320
1159,65.0,8320
1160,65.0,8320
1161,65.0,8320
1162,65.0,8320
1163,65.0,8320
1164,65.0,8320
1165,65.0,8320
1166,65.0,8320
1167,65.0,8320
1168,65.0,8320
1169,73.0,9344
1170,73.0,9344
1171,65.0,8320
1172,65.0,8320
1173,73.0,9344
1174,65.0,8320
1175,73.0,9344
1176,65.0,8320
1177,65.0,8320
1178,65.0,8320
1179,65.0,8320
1180,65.0,8320
1181,65.0,8320
1182,65.0,8320
1183,65.0,8320
1184,65.0,8320
1185,73.0,9344
1186,73.0,9344
1187,73.0,9344
1188,73.0,9344
1189,65.0,8320
1190,73.0,9344
1191,73.0,9344
1192,73.0,9344
1193,73.0,9344
1194,73.0,9344
1195,73.0,9344
1196,65.0,8320
1197,65.0,8320
1198,65.0,8320
1199,73.0,9344
1200,73.0,9344
1201,73.0,9344
1202,73.0,9344
1203,65.0,8320
1204,73.0,9344
1205,73.0,9344
1206,65.0,8320
1207,65.0,8320
1208,65.0,8320
1209,65.0,8320
1210,65.0,8320
1211,65.0,8320
1212,65.0,8320
1213,65.0,8320
1214,65.0,8320
1215,65.0,8320
1216,65.0,8320
1217,65.0,8320
1218,65.0,8320
1219,65.0,8320
1220,65.0,8320
1221,65.0,8320
1222,65.0,8320
1223,65.0,8320
1224,65.0,8320
1225,65.0,8320
1226,65.0,8320
1227,65.0,8320
1228,65.0,8320
1229,65.0,8320
1230,65.0,8320
1231,65.0,8320
1232,65.0,8320
1233,65.0,8320
1234,65.0,8320
1235,65.0,8320
1236,65.0,8320
1237,65.0,8320
1238,65.0,8320
1239,65.0,8320
1240,65.0,8320
1241,65.0,8320
1242,65.0,8320
1243,65.0,8320
1244,65.0,8320
1245,65.0,8320
1246,65.0,8320
1247,65.0,8320
1248,65.0,8320
1249,65.0,8320
1250,65.0,8320
1251,65.0,8320
1252,65.0,8320
1253,65.0,8320
1254,65.0,8320
1255,65.0,8320
1256,65.0,8320
1257,65.0,8320
1258,65.0,8320
1259,65.0,8320
1260,65.0,8320
1261,65.0,8320
1262,65.0,8320
1263,65.0,8320
1264,65.0,8320
1265,65.0,8320
1266,65.0,8320
1267,65.0,8320
1268,65.0,8320
1269,65.0,8320
1270,73.0,9344
1271,73.0,9344
1272,65.0,8320
1273,65.0,8320
1274,65.0,8320
1275,73.0,9344
1276,65.0,8320
1277,65.0,8320
1278,65.0,8320
1279,65.0,8320
1280,65.0,8320
1281,65.0,8320
1282,73.0,9344
1283,73.0,9344
1284,73.0,9344
1285,73.0,9344
1286,73.0,9344
1287,73.0,9344
1288,73.0,9344
1289,73.0,9344
1290,73.0,9344
1291,73.0,9344
1292,73.0,9344
1293,73.0,9344
1294,73.0,9344
1295,73.0,9344
1296,73.0,9344
1297,73.0,9344
1298,73.0,9344
1299,73.0,9344
1300,73.0,9344
1301,73.0,9344
1302,73.0,9344
1303,73.0,9344
1304,73.0,9344
1305,73.0,9344
1306,73.0,9344
1307,73.0,9344
1308,73.0,9344
1309,73.0,9344
1310,73.0,9344
1311,73.0,9344
1312,73.0,9344
1313,73.0,9344
1314,73.0,9344
1315,73.0,9344
1316,73.0,9344
1317,73.0,9344
1318,73.0,9344
1319,73.0,9344
1320,73.0,9344
1321,73.0,9344
1322,73.0,9344
1323,73.0,9344
1324,73.0,9344
1325,73.0,9344
1326,73.0,9344
1327,73.0,9344
1328,73.0,9344
1329,73.0,9344
1330,73.0,9344
1331,73.0,9344
1332,73.0,9344
1333,73.0,9344
1334,73.0,9344
1335,73.0,9344
1336,73.0,9344
1337,73.0,9344
1338,73.0,9344
1339,73.0,9344
1340,73.0,9344
1341,73.0,9344
1342,73.0,9344
1343,73.0,9344
1344,73.0,9344
1345,73.0,9344
1346,73.0,9344
1347,73.0,9344
1348,73.0,9344
1349,73.0,9344
1350,73.0,9344
1351,73.0,9344
1352,73.0,9344
1353,73.0,9344
1354,73.0,9344
1355,73.0,9344
1356,73.0,9344
1357,73.0,9344
1358,73.0,9344
1359,73.0,9344
1360,73.0,9344
1361,73.0,9344
1362,73.0,9344
1363,73.0,9344
1364,73.0,9344
1365,73.0,9344
1366,73.0,9344
1367,73.0,9344
1368,73.0,9344
1369,73.0,9344
1370,73.0,9344
1371,73.0,9344
1372,73.0,9344
1373,73.0,9344
1374,73.0,9344
1375,73.0,9344
1376,65.0,8320
1377,73.0,9344
1378,65.0,8320
1379,65.0,8320
1380,65.0,8320
1381,65.0,8320
1382,65.0,8320
1383,65.0,8320
1384,73.0,9344
1385,65.0,8320
1386,65.0,8320
1387,65.0,8320
1388,65.0,8320
1389,65.0,8320
1390,65.0,8320
1391,65.0,8320
1392,65.0,8320
1393,65.0,8320
1394,65.0,8320
1395,73.0,9344
1396,65.0,8320
1397,65.0,8320
1398,65.0,8320
1399,65.0,8320
1400,65.0,8320
1401,65.0,8320
1402,65.0,8320
1403,65.0,8320
1404,65.0,8320
1405,65.0,8320
1406,65.0,8320
1407,65.0,8320
1408,65.0,8320
1409,65.0,8320
1410,65.0,8320
1411,65.0,8320
1412,65.0,8320
1413,65.0,8320
1414,65.0,8320
1415,65.0,8320
1416,65.0,8320
1417,65.0,8320
1418,65.0,8320
1419,65.0,8320
1420,65.0,8320
1421,65.0,8320
1422,65.0,8320
1423,65.0,8320
1424,65.0,8320
1425,65.0,8320
1426,65.0,8320
1427,65.0,8320
1428,65.0,8320
1429,65.0,8320
1430,65.0,8320
1431,65.0,8320
1432,65.0,8320
1433,65.0,8320
1434,65.0,8320
1435,65.0,8320
1436,65.0,8320
1437,65.0,8320
1438,65.0,8320
1439,65.0,8320
1440,65.0,8320
1441,65.0,8320
1442,65.0,8320
1443,65.0,8320
1444,65.0,8320
1445,65.0,8320
1446,65.0,8320
1447,65.0,8320
1448,65.0,8320
1449,65.0,8320
1450,65.0,8320
1451,65.0,8320
1452,65.0,8320
1453,65.0,8320
1454,65.0,8320
1455,65.0,8320
1456,65.0,8320
1457,65.0,8320
1458,65.0,8320
1459,65.0,8320
1460,65.0,8320
1461,65.0,8320
1462,65.0,8320
1463,65.0,8320
1464,65.0,8320
1465,65.0,8320
1466,65.0,8320
1467,65.0,8320
1468,65.0,8320
1469,65.0,8320
1470,65.0,8320
1471,65.0,8320
1472,65.0,8320
1473,65.0,8320
1474,65.0,8320
1475,73.0,9344
1476,65.0,8320
1477,65.0,8320
1478,65.0,8320
1479,65.0,8320
1480,65.0,8320
1481,65.0,8320
1482,65.0,8320
1483,65.0,8320
1484,65.0,8320
1485,65.0,8320
1486,65.0,8320
1487,65.0,8320
1488,65.0,8320
1489,65.0,8320
1490,65.0,8320
1491,65.0,8320
1492,65.0,8320
1493,65.0,8320
1494,65.0,8320
1495,65.0,8320
1496,65.0,8320
1497,65.0,8320
1498,65.0,8320
1499,65.0,8320
1500,65.0,8320
1501,65.0,8320
1502,65.0,8320
1503,65.0,8320
1504,65.0,8320
1505,65.0,8320
1506,65.0,8320
1507,73.0,9344
1508,73.0,9344
1509,73.0,9344
1510,73.0,9344
1511,73.0,9344
1512,73.0,9344
1513,73.0,9344
1514,73.0,9344
1515,73.0,9344
1516,73.0,9344
1517,73.0,9344
1518,73.0,9344
1519,73.0,9344
1520,73.0,9344
1521,73.0,9344
1522,73.0,9344
1523,73.0,9344
1524,73.0,9344
1525,73.0,9344
1526,73.0,9344
1527,73.0,9344
1528,73.0,9344
1529,73.0,9344
1530,73.0,9344
1531,73.0,9344
1532,73.0,9344
1533,73.0,9344
1534,73.0,9344
1535,73.0,9344
1536,73.0,9344
1537,73.0,9344
1538,73.0,9344
1539,65.0,8320
1540,65.0,8320
1541,65.0,8320
1542,65.0,8320
1543,65.0,8320
1544,65.0,8320
1545,65.0,8320
1546,65.0,8320
1547,65.0,8320
1548,65.0,8320
1549,65.0,8320
1550,65.0,8320
1551,65.0,8320
1552,65.0,8320
1553,65.0,8320
1554,65.0,8320
1555,65.0,8320
1556,65.0,8320
1557,65.0,8320
1558,65.0,8320
1559,65.0,8320
1560,65.0,8320
1561,65.0,8320
1562,65.0,8320
1563,65.0,8320
1564,65.0,8320
1565,65.0,8320
1566,65.0,8320
1567,65.0,8320
1568,65.0,8320
1569,65.0,8320
1570,65.0,8320
1571,65.0,8320
1572,65.0,8320
1573,65.0,8320
1574,65.0,8320
1575,65.0,8320
1576,65.0,8320
1577,65.0,8320
1578,65.0,8320
1579,65.0,8320
1580,65.0,8320
1581,65.0,8320
1582,65.0,8320
1583,65.0,8320
1584,65.0,8320
1585,65.0,8320
1586,65.0,8320
1587,65.0,8320
1588,65.0,8320
1589,65.0,8320
1590,65.0,8320
1591,65.0,8320
1592,65.0,8320
1593,65.0,8320
1594,65.0,8320
1595,65.0,8320
1596,65.0,8320
1597,65.0,8320
1598,65.0,8320
1599,65.0,8320
1600,65.0,8320
1601,65.0,8320
1602,73.0,9344
1603,65.0,8320
1604,65.0,8320
1605,65.0,8320
1606,65.0,8320
1607,65.0,8320
1608,65.0,8320
1609,65.0,8320
1610,65.0,8320
1611,65.0,8320
1612,65.0,8320
1613,65.0,8320
1614,65.0,8320
1615,65.0,8320
1616,65.0,8320
1617,65.0,8320
1618,65.0,8320
1619,65.0,8320
1620,65.0,8320
1621,65.0,8320
1622,65.0,8320
1623,65.0,8320
1624,65.0,8320
1625,65.0,8320
1626,65.0,8320
1627,65.0,8320
1628,65.0,8320
1629,65.0,8320
1630,65.0,8320
1631,65.0,8320
1632,65.0,8320
1633,65.0,8320
1634,65.0,8320
1635,65.0,8320
1636,65.0,8320
1637,65.0,8320
1638,65.0,8320
1639,65.0,8320
1640,65.0,8320
1641,65.0,8320
1642,65.0,8320
1643,65.0,8320
1644,65.0,8320
1645,65.0,8320
1646,65.0,8320
1647,65.0,8320
1648,65.0,8320
1649,65.0,8320
1650,65.0,8320
1651,65.0,8320
1652,65.0,8320
1653,65.0,8320
1654,65.0,8320
1655,65.0,8320
1656,65.0,8320
1657,65.0,8320
1658,65.0,8320
1659,65.0,8320
1660,65.0,8320
1661,65.0,8320
1662,65.0,8320
1663,65.0,8320
1664,65.0,8320
1665,65.0,8320
1666,65.0,8320
1667,65.0,8320
1668,65.0,8320
1669,65.0,8320
1670,65.0,8320
1671,65.0,8320
1672,65.0,8320
1673,65.0,8320
1674,65.0,8320
1675,65.0,8320
1676,65.0,8320
1677,65.0,8320
1678,65.0,8320
1679,65.0,8320
1680,65.0,8320
1681,65.0,8320
1682,65.0,8320
1683,65.0,8320
1684,65.0,8320
1685,65.0,8320
1686,65.0,8320
1687,65.0,8320
1688,65.0,8320
1689,65.0,8320
1690,65.0,8320
1691,65.0,8320
1692,65.0,8320
1693,65.0,8320
1694,65.0,8320
1695,65.0,8320
1696,65.0,8320
1697,65.0,8320
1698,65.0,8320
1699,65.0,8320
1700,65.0,8320
1701,65.0,8320
1702,65.0,8320
1703,65.0,8320
1704,65.0,8320
1705,65.0,8320
1706,65.0,8320
1707,65.0,8320
1708,65.0,8320
1709,65.0,8320
1710,65.0,8320
1711,65.0,8320
1712,65.0,8320
1713,65.0,8320
1714,65.0,8320
1715,65.0,8320
1716,65.0,8320
1717,65.0,8320
1718,65.0,8320
1719,65.0,8320
1720,73.0,9344
1721,73.0,9344
1722,73.0,9344
1723,73.0,9344
1724,73.0,9344
1725,73.0,9344
1726,73.0,9344
1727,65.0,8320
1728,65.0,8320
1729,65.0,8320
1730,65.0,8320
1731,65.0,8320
1732,65.0,8320
1733,65.0,8320
1734,65.0,8320
1735,65.0,8320
1736,65.0,8320
1737,65.0,8320
1738,65.0,8320
1739,65.0,8320
1740,65.0,8320
1741,65.0,8320
1742,65.0,8320
1743,65.0,8320
1744,73.0,9344
1745,73.0,9344
1746,73.0,9344
1747,73.0,9344
1748,73.0,9344
1749,65.0,8320
1750,65.0,8320
1751,65.0,8320
1752,65.0,8320
1753,65.0,8320
1754,65.0,8320
1755,65.0,8320
1756,65.0,8320
1757,65.0,8320
1758,65.0,8320
1759,65.0,8320
1760,73.0,9344
1761,73.0,9344
1762,73.0,9344
1763,73.0,9344
1764,73.0,9344
1765,65.0,8320
1766,65.0,8320
1767,65.0,8320
1768,65.0,8320
1769,65.0,8320
1770,65.0,8320
1771,65.0,8320
1772,65.0,8320
1773,65.0,8320
1774,65.0,8320
1775,65.0,8320
1776,65.0,8320
1777,65.0,8320
1778,65.0,8320
1779,65.0,8320
1780,65.0,8320
1781,65.0,8320
1782,65.0,8320
1783,65.0,8320
1784,65.0,8320
1785,65.0,8320
1786,65.0,8320
1787,65.0,8320
1788,65.0,8320
1789,65.0,8320
1790,65.0,8320
1791,65.0,8320
1792,65.0,8320
1793,73.0,9344
1794,65.0,8320
1795,65.0,8320
1796,73.0,9344
1797,73.0,9344
1798,73.0,9344
1799,65.0,8320
1800,65.0,8320
1801,65.0,8320
1802,65.0,8320
1803,65.0,8320
1804,65.0,8320
1805,65.0,8320
1806,65.0,8320
1807,65.0,8320
1808,65.0,8320
1809,65.0,8320
1810,65.0,8320
1811,65.0,8320
1812,73.0,9344
1813,65.0,8320
1814,65.0,8320
1815,65.0,8320
1816,65.0,8320
1817,73.0,9344
1818,73.0,9344
1819,73.0,9344
1820,73.0,9344
1821,73.0,9344
1822,73.0,9344
1823,73.0,9344
1824,73.0,9344
1825,73.0,9344
1826,73.0,9344
1827,73.0,9344
1828,73.0,9344
1829,73.0,9344
1830,73.0,9344
1831,73.0,9344
1832,73.0,9344
1833,73.0,9344
1834,73.0,9344
1835,73.0,9344
1836,73.0,9344
1837,73.0,9344
1838,73.0,9344
1839,73.0,9344
1840,73.0,9344
1841,73.0,9344
1842,73.0,9344
1843,73.0,9344
1844,73.0,9344
1845,73.0,9344
1846,73.0,9344
1847,73.0,9344
1848,73.0,9344
1849,73.0,9344
1850,73.0,9344
1851,73.0,9344
1852,73.0,9344
1853,73.0,9344
1854,73.0,9344
1855,73.0,9344
1856,73.0,9344
1857,65.0,8320
1858,73.0,9344
1859,73.0,9344
1860,73.0,9344
1861,73.0,9344
1862,73.0,9344
1863,73.0,9344
1864,73.0,9344
1865,65.0,8320
1866,65.0,8320
1867,73.0,9344
1868,65.0,8320
1869,65.0,8320
1870,73.0,9344
1871,73.0,9344
1872,65.0,8320
1873,73.0,9344
1874,73.0,9344
1875,73.0,9344
1876,73.0,9344
1877,73.0,9344
1878,73.0,9344
1879,73.0,9344
1880,73.0,9344
1881,73.0,9344
1882,73.0,9344
1883,73.0,9344
1884,73.0,9344
1885,73.0,9344
1886,73.0,9344
1887,73.0,9344
1888,73.0,9344
1889,73.0,9344
1890,73.0,9344
1891,73.0,9344
1892,73.0,9344
1893,73.0,9344
1894,73.0,9344
1895,73.0,9344
1896,73.0,9344
1897,73.0,9344
1898,73.0,9344
1899,73.0,9344
1900,73.0,9344
1901,73.0,9344
1902,73.0,9344
1903,73.0,9344
1904,73.0,9344
1905,73.0,9344
1906,73.0,9344
1907,73.0,9344
1908,73.0,9344
1909,73.0,9344
1910,73.0,9344
1911,73.0,9344
1912,73.0,9344
1913,73.0,9344
1914,73.0,9344
1915,73.0,9344
1916,73.0,9344
1917,73.0,9344
1918,73.0,9344
1919,73.0,9344
1920,73.0,9344
1921,73.0,9344
1922,73.0,9344
1923,73.0,9344
1924,73.0,9344
1925,73.0,9344
1926,73.0,9344
1927,73.0,9344
1928,73.0,9344
1929,73.0,9344
1930,73.0,9344
1931,73.0,9344
1932,73.0,9344
1933,73.0,9344
1934,73.0,9344
1935,73.0,9344
1936,73.0,9344
1937,73.0,9344
1938,73.0,9344
1939,73.0,9344
1940,73.0,9344
1941,73.0,9344
1942,73.0,9344
1943,73.0,9344
1944,73.0,9344
1945,73.0,9344
1946,73.0,9344
1947,73.0,9344
1948,73.0,9344
1949,105.0,13440
1950,129.0,16512
1951,129.0,16512
1952,105.0,13440
1953,129.0,16512
1954,129.0,16512
1955,129.0,16512
1956,129.0,16512
1957,129.0,16512
1958,129.0,16512
1959,129.0,16512
1960,129.0,16512
1961,137.0,17536
1962,129.0,16512
1963,129.0,16512
1964,129.0,16512
1965,129.0,16512
1966,129.0,16512
1967,129.0,16512
1968,129.0,16512
1969,129.0,16512
1970,129.0,16512
1971,129.0,16512
1972,129.0,16512
1973,129.0,16512
1974,129.0,16512
1975,129.0,16512
1976,129.0,16512
1977,129.0,16512
1978,129.0,16512
1979,129.0,16512
1980,129.0,16512
1981,129.0,16512
1982,129.0,16512
1983,129.0,16512
1984,129.0,16512
1985,129.0,16512
1986,129.0,16512
1987,129.0,16512
1988,129.0,16512
1989,129.0,16512
1990,129.0,16512
1991,129.0,16512
1992,129.0,16512
1993,129.0,16512
1994,129.0,16512
1995,129.0,16512
1996,129.0,16512
1997,129.0,16512
1998,129.0,16512
1999,129.0,16512
2000,129.0,16512
