RandomSeed,15696,Population size:128,Bit Length:64,Crossover Rate:0.7,Mutation Rate:0.005
gen,BestFitness,FitnessEval
1,9.0,1152
2,17.0,2176
3,33.0,4224
4,33.0,4224
5,33.0,4224
6,41.0,5248
7,41.0,5248
8,41.0,5248
9,41.0,5248
10,41.0,5248
11,41.0,5248
12,41.0,5248
13,41.0,5248
14,41.0,5248
15,41.0,5248
16,49.0,6272
17,41.0,5248
18,41.0,5248
19,49.0,6272
20,49.0,6272
21,41.0,5248
22,41.0,5248
23,41.0,5248
24,41.0,5248
25,41.0,5248
26,49.0,6272
27,41.0,5248
28,41.0,5248
29,49.0,6272
30,49.0,6272
31,49.0,6272
32,49.0,6272
33,49.0,6272
34,49.0,6272
35,49.0,6272
36,49.0,6272
37,49.0,6272
38,49.0,6272
39,49.0,6272
40,49.0,6272
41,49.0,6272
42,49.0,6272
43,49.0,6272
44,49.0,6272
45,49.0,6272
46,49.0,6272
47,49.0,6272
48,49.0,6272
49,49.0,6272
50,49.0,6272
51,49.0,6272
52,49.0,6272
53,49.0,6272
54,49.0,6272
55,49.0,6272
56,49.0,6272
57,49.0,6272
58,49.0,6272
59,49.0,6272
60,49.0,6272
61,49.0,6272
62,49.0,6272
63,49.0,6272
64,49.0,6272
65,49.0,6272
66,49.0,6272
67,49.0,6272
68,49.0,6272
69,49.0,6272
70,49.0,6272
71,49.0,6272
72,49.0,6272
73,49.0,6272
74,49.0,6272
75,49.0,6272
76,49.0,6272
77,49.0,6272
78,49.0,6272
79,49.0,6272
80,49.0,6272
81,49.0,6272
82,49.0,6272
83,49.0,6272
84,49.0,6272
85,49.0,6272
86,49.0,6272
87,49.0,6272
88,49.0,6272
89,49.0,6272
90,49.0,6272
91,49.0,6272
92,49.0,6272
93,49.0,6272
94,49.0,6272
95,49.0,6272
96,57.0,7296
97,49.0,6272
98,49.0,6272
99,49.0,6272
100,49.0,6272
101,49.0,6272
102,57.0,7296
103,57.0,7296
104,49.0,6272
105,49.0,6272
106,49.0,6272
107,49.0,6272
108,49.0,6272
109,49.0,6272
110,49.0,6272
111,49.0,6272
112,49.0,6272
113,49.0,6272
114,49.0,6272
115,49.0,6272
116,49.0,6272
117,49.0,6272
118,49.0,6272
119,49.0,6272
120,49.0,6272
121,49.0,6272
122,49.0,6272
123,49.0,6272
124,49.0,6272
125,49.0,6272
126,49.0,6272
127,49.0,6272
128,49.0,6272
129,49.0,6272
130,49.0,6272
131,49.0,6272
132,49.0,6272
133,49.0,6272
134,49.0,6272
135,49.0,6272
136,49.0,6272
137,49.0,6272
138,49.0,6272
139,49.0,6272
140,49.0,6272
141,49.0,6272
142,49.0,6272
143,49.0,6272
144,49.0,6272
145,49.0,6272
146,49.0,6272
147,49.0,6272
148,49.0,6272
149,49.0,6272
150,49.0,6272
151,49.0,6272
152,49.0,6272
153,49.0,6272
154,49.0,6272
155,49.0,6272
156,49.0,6272
157,49.0,6272
158,49.0,6272
159,49.0,6272
160,49.0,6272
161,49.0,6272
162,49.0,6272
163,49.0,6272
164,49.0,6272
165,49.0,6272
166,49.0,6272
167,49.0,6272
168,49.0,6272
169,65.0,8320
170,73.0,9344
171,73.0,9344
172,73.0,9344
173,73.0,9344
174,73.0,9344
175,73.0,9344
176,73.0,9344
177,73.0,9344
178,73.0,9344
179,73.0,9344
180,73.0,9344
181,73.0,9344
182,73.0,9344
183,73.0,9344
184,73.0,9344
185,73.0,9344
186,73.0,9344
187,73.0,9344
188,73.0,9344
189,73.0,9344
190,73.0,9344
191,73.0,9344
192,73.0,9344
193,73.0,9344
194,73.0,9344
195,73.0,9344
196,73.0,9344
197,73.0,9344
198,73.0,9344
199,73.0,9344
200,73.0,9344
201,73.0,9344
202,73.0,9344
203,73.0,9344
204,73.0,9344
205,73.0,9344
206,73.0,9344
207,73.0,9344
208,73.0,9344
209,73.0,9344
210,73.0,9344
211,73.0,9344
212,73.0,9344
213,73.0,9344
214,73.0,9344
215,73.0,9344
216,73.0,9344
217,73.0,9344
218,73.0,9344
219,73.0,9344
220,73.0,9344
221,73.0,9344
222,73.0,9344
223,73.0,9344
224,73.0,9344
225,73.0,9344
226,73.0,9344
227,73.0,9344
228,73.0,9344
229,73.0,9344
230,73.0,9344
231,73.0,9344
232,73.0,9344
233,73.0,9344
234,73.0,9344
235,73.0,9344
236,73.0,9344
237,73.0,9344
238,73.0,9344
239,73.0,9344
240,73.0,9344
241,73.0,9344
242,73.0,9344
243,73.0,9344
244,73.0,9344
245,73.0,9344
246,73.0,9344
247,73.0,9344
248,73.0,9344
249,73.0,9344
250,73.0,9344
251,73.0,9344
252,73.0,9344
253,73.0,9344
254,73.0,9344
255,73.0,9344
256,73.0,9344
257,73.0,9344
258,73.0,9344
259,73.0,9344
260,73.0,9344
261,73.0,9344
262,73.0,9344
263,73.0,9344
264,73.0,9344
265,73.0,9344
266,73.0,9344
267,73.0,9344
268,73.0,9344
269,73.0,9344
270,73.0,9344
271,73.0,9344
272,73.0,9344
273,73.0,9344
274,73.0,9344
275,73.0,9344
276,73.0,9344
277,73.0,9344
278,73.0,9344
279,73.0,9344
280,73.0,9344
281,73.0,9344
282,73.0,9344
283,73.0,9344
284,73.0,9344
285,73.0,9344
286,73.0,9344
287,73.0,9344
288,73.0,9344
289,73.0,9344
290,73.0,9344
291,73.0,9344
292,73.0,9344
293,73.0,9344
294,73.0,9344
295,73.0,9344
296,73.0,9344
297,73.0,9344
298,73.0,9344
299,73.0,9344
300,73.0,9344
301,73.0,9344
302,73.0,9344
303,73.0,9344
304,73.0,9344
305,73.0,9344
306,73.0,9344
307,73.0,9344
308,73.0,9344
309,73.0,9344
310,73.0,9344
311,73.0,9344
312,73.0,9344
313,73.0,9344
314,73.0,9344
315,73.0,9344
316,73.0,9344
317,73.0,9344
318,73.0,9344
319,73.0,9344
320,73.0,9344
321,73.0,9344
322,73.0,9344
323,73.0,9344
324,73.0,9344
325,73.0,9344
326,73.0,9344
327,105.0,13440
328,129.0,16512
329,129.0,16512
330,73.0,9344
331,105.0,13440
332,73.0,9344
333,73.0,9344
334,73.0,9344
335,73.0,9344
336,73.0,9344
337,73.0,9344
338,73.0,9344
339,73.0,9344
340,73.0,9344
341,73.0,9344
342,73.0,9344
343,73.0,9344
344,73.0,9344
345,73.0,9344
346,73.0,9344
347,73.0,9344
348,73.0,9344
349,73.0,9344
350,73.0,9344
351,73.0,9344
352,73.0,9344
353,73.0,9344
354,73.0,9344
355,73.0,9344
356,73.0,9344
357,73.0,9344
358,73.0,9344
359,73.0,9344
360,73.0,9344
361,73.0,9344
362,73.0,9344
363,73.0,9344
364,73.0,9344
365,73.0,9344
366,73.0,9344
367,73.0,9344
368,73.0,9344
369,73.0,9344
370,73.0,9344
371,73.0,9344
372,73.0,9344
373,73.0,9344
374,73.0,9344
375,73.0,9344
376,73.0,9344
377,73.0,9344
378,73.0,9344
379,73.0,9344
380,73.0,9344
381,73.0,9344
382,73.0,9344
383,73.0,9344
384,73.0,9344
385,73.0,9344
386,73.0,9344
387,73.0,9344
388,73.0,9344
389,73.0,9344
390,73.0,9344
391,73.0,9344
392,73.0,9344
393,73.0,9344
394,73.0,9344
395,73.0,9344
396,73.0,9344
397,73.0,9344
398,73.0,9344
399,73.0,9344
400,73.0,9344
401,73.0,9344
402,73.0,9344
403,73.0,9344
404,73.0,9344
405,73.0,9344
406,73.0,9344
407,73.0,9344
408,73.0,9344
409,73.0,9344
410,73.0,9344
411,73.0,9344
412,73.0,9344
413,73.0,9344
414,73.0,9344
415,73.0,9344
416,73.0,9344
417,73.0,9344
418,73.0,9344
419,73.0,9344
420,73.0,9344
421,73.0,9344
422,73.0,9344
423,73.0,9344
424,73.0,9344
425,73.0,9344
426,73.0,9344
427,73.0,9344
428,73.0,9344
429,73.0,9344
430,73.0,9344
431,73.0,9344
432,73.0,9344
433,73.0,9344
434,73.0,9344
435,73.0,9344
436,73.0,9344
437,73.0,9344
438,73.0,9344
439,73.0,9344
440,73.0,9344
441,73.0,9344
442,73.0,9344
443,73.0,9344
444,73.0,9344
445,73.0,9344
446,73.0,9344
447,73.0,9344
448,73.0,9344
449,73.0,9344
450,73.0,9344
451,73.0,9344
452,73.0,9344
453,73.0,9344
454,73.0,9344
455,73.0,9344
456,73.0,9344
457,73.0,9344
458,73.0,9344
459,73.0,9344
460,73.0,9344
461,73.0,9344
462,73.0,9344
463,73.0,9344
464,73.0,9344
465,73.0,9344
466,73.0,9344
467,73.0,9344
468,73.0,9344
469,73.0,9344
470,73.0,9344
471,73.0,9344
472,73.0,9344
473,73.0,9344
474,73.0,9344
475,73.0,9344
476,73.0,9344
477,73.0,9344
478,73.0,9344
479,73.0,9344
480,73.0,9344
481,73.0,9344
482,73.0,9344
483,73.0,9344
484,73.0,9344
485,73.0,9344
486,73.0,9344
487,73.0,9344
488,73.0,9344
489,73.0,9344
490,73.0,9344
491,73.0,9344
492,73.0,9344
493,73.0,9344
494,73.0,9344
495,73.0,9344
496,73.0,9344
497,73.0,9344
498,73.0,9344
499,73.0,9344
500,73.0,9344
501,129.0,16512
502,129.0,16512
503,129.0,16512
504,129.0,16512
505,129.0,16512
506,129.0,16512
507,129.0,16512
508,129.0,16512
509,129.0,16512
510,129.0,16512
511,129.0,16512
512,129.0,16512
513,129.0,16512
514,129.0,16512
515,129.0,16512
516,129.0,16512
517,129.0,16512
518,129.0,16512
519,129.0,16512
520,129.0,16512
521,129.0,16512
522,129.0,16512
523,129.0,16512
524,129.0,16512
525,129.0,16512
526,129.0,16512
527,129.0,16512
528,129.0,16512
529,129.0,16512
530,129.0,16512
531,129.0,16512
532,137.0,17536
533,129.0,16512
534,129.0,16512
535,129.0,16512
536,129.0,16512
537,129.0,16512
538,129.0,16512
539,129.0,16512
540,129.0,16512
541,129.0,16512
542,129.0,16512
543,129.0,16512
544,129.0,16512
545,129.0,16512
546,129.0,16512
547,129.0,16512
548,129.0,16512
549,129.0,16512
550,129.0,16512
551,129.0,16512
552,129.0,16512
553,129.0,16512
554,129.0,16512
555,137.0,17536
556,137.0,17536
557,129.0,16512
558,129.0,16512
559,129.0,16512
560,137.0,17536
561,137.0,17536
562,137.0,17536
563,137.0,17536
564,137.0,17536
565,137.0,17536
566,137.0,17536
567,129.0,16512
568,129.0,16512
569,129.0,16512
570,129.0,16512
571,129.0,16512
572,129.0,16512
573,129.0,16512
574,129.0,16512
575,129.0,16512
576,129.0,16512
577,129.0,16512
578,129.0,16512
579,129.0,16512
580,129.0,16512
581,129.0,16512
582,129.0,16512
583,129.0,16512
584,129.0,16512
585,129.0,16512
586,129.0,16512
587,129.0,16512
588,129.0,16512
589,129.0,16512
590,129.0,16512
591,129.0,16512
592,129.0,16512
593,129.0,16512
594,129.0,16512
595,129.0,16512
596,129.0,16512
597,129.0,16512
598,129.0,16512
599,129.0,16512
600,129.0,16512
601,129.0,16512
602,129.0,16512
603,129.0,16512
604,129.0,16512
605,129.0,16512
606,129.0,16512
607,129.0,16512
608,129.0,16512
609,129.0,16512
610,129.0,16512
611,129.0,16512
612,129.0,16512
613,129.0,16512
614,129.0,16512
615,129.0,16512
616,129.0,16512
617,129.0,16512
618,129.0,16512
619,129.0,16512
620,129.0,16512
621,129.0,16512
622,129.0,16512
623,129.0,16512
624,129.0,16512
625,129.0,16512
626,129.0,16512
627,129.0,16512
628,129.0,16512
629,129.0,16512
630,129.0,16512
631,129.0,16512
632,129.0,16512
633,129.0,16512
634,129.0,16512
635,129.0,16512
636,129.0,16512
637,129.0,16512
638,129.0,16512
639,129.0,16512
640,129.0,16512
641,129.0,16512
642,129.0,16512
643,129.0,16512
644,129.0,16512
645,129.0,16512
646,129.0,16512
647,129.0,16512
648,129.0,16512
649,129.0,16512
650,129.0,16512
651,129.0,16512
652,129.0,16512
653,129.0,16512
654,129.0,16512
655,129.0,16512
656,129.0,16512
657,129.0,16512
658,129.0,16512
659,129.0,16512
660,129.0,16512
661,129.0,16512
662,129.0,16512
663,129.0,16512
664,129.0,16512
665,129.0,16512
666,129.0,16512
667,129.0,16512
668,129.0,16512
669,129.0,16512
670,129.0,16512
671,129.0,16512
672,129.0,16512
673,129.0,16512
674,129.0,16512
675,129.0,16512
676,129.0,16512
677,129.0,16512
678,129.0,16512
679,129.0,16512
680,129.0,16512
681,129.0,16512
682,129.0,16512
683,129.0,16512
684,129.0,16512
685,129.0,16512
686,129.0,16512
687,129.0,16512
688,129.0,16512
689,129.0,16512
690,129.0,16512
691,129.0,16512
692,129.0,16512
693,129.0,16512
694,129.0,16512
695,129.0,16512
696,129.0,16512
697,129.0,16512
698,129.0,16512
699,129.0,16512
700,129.0,16512
701,129.0,16512
702,129.0,16512
703,129.0,16512
704,129.0,16512
705,129.0,16512
706,129.0,16512
707,129.0,16512
708,129.0,16512
709,129.0,16512
710,129.0,16512
711,129.0,16512
712,129.0,16512
713,129.0,16512
714,129.0,16512
715,129.0,16512
716,129.0,16512
717,129.0,16512
718,129.0,16512
719,129.0,16512
720,129.0,16512
721,129.0,16512
722,129.0,16512
723,129.0,16512
724,129.0,16512
725,129.0,16512
726,129.0,16512
727,129.0,16512
728,129.0,16512
729,129.0,16512
730,129.0,16512
731,129.0,16512
732,129.0,16512
733,129.0,16512
734,129.0,16512
735,129.0,16512
736,129.0,16512
737,129.0,16512
738,129.0,16512
739,129.0,16512
740,129.0,16512
741,129.0,16512
742,129.0,16512
743,129.0,16512
744,129.0,16512
745,129.0,16512
746,129.0,16512
747,129.0,16512
748,129.0,16512
749,129.0,16512
750,129.0,16512
751,129.0,16512
752,129.0,16512
753,129.0,16512
754,137.0,17536
755,137.0,17536
756,129.0,16512
757,129.0,16512
758,129.0,16512
759,129.0,16512
760,129.0,16512
761,129.0,16512
762,129.0,16512
763,129.0,16512
764,129.0,16512
765,129.0,16512
766,129.0,16512
767,129.0,16512
768,129.0,16512
769,129.0,16512
770,129.0,16512
771,129.0,16512
772,129.0,16512
773,129.0,16512
774,129.0,16512
775,129.0,16512
776,129.0,16512
777,129.0,16512
778,129.0,16512
779,129.0,16512
780,129.0,16512
781,129.0,16512
782,129.0,16512
783,129.0,16512
784,129.0,16512
785,129.0,16512
786,129.0,16512
787,129.0,16512
788,129.0,16512
789,129.0,16512
790,129.0,16512
791,129.0,16512
792,129.0,16512
793,129.0,16512
794,129.0,16512
795,129.0,16512
796,137.0,17536
797,129.0,16512
798,129.0,16512
799,129.0,16512
800,129.0,16512
801,129.0,16512
802,129.0,16512
803,129.0,16512
804,129.0,16512
805,129.0,16512
806,129.0,16512
807,129.0,16512
808,129.0,16512
809,137.0,17536
810,129.0,16512
811,129.0,16512
812,129.0,16512
813,129.0,16512
814,129.0,16512
815,129.0,16512
816,129.0,16512
817,129.0,16512
818,129.0,16512
819,129.0,16512
820,129.0,16512
821,129.0,16512
822,129.0,16512
823,129.0,16512
824,129.0,16512
825,129.0,16512
826,129.0,16512
827,129.0,16512
828,129.0,16512
829,129.0,16512
830,129.0,16512
831,129.0,16512
832,129.0,16512
833,129.0,16512
834,129.0,16512
835,129.0,16512
836,129.0,16512
837,129.0,16512
838,129.0,16512
839,129.0,16512
840,129.0,16512
841,129.0,16512
842,129.0,16512
843,129.0,16512
844,129.0,16512
845,129.0,16512
846,129.0,16512
847,129.0,16512
848,129.0,16512
849,129.0,16512
850,129.0,16512
851,129.0,16512
852,129.0,16512
853,129.0,16512
854,129.0,16512
855,129.0,16512
856,129.0,16512
857,129.0,16512
858,129.0,16512
859,129.0,16512
860,129.0,16512
861,129.0,16512
862,129.0,16512
863,129.0,16512
864,129.0,16512
865,129.0,16512
866,129.0,16512
867,129.0,16512
868,129.0,16512
869,129.0,16512
870,129.0,16512
871,129.0,16512
872,129.0,16512
873,129.0,16512
874,129.0,16512
875,129.0,16512
876,129.0,16512
877,129.0,16512
878,129.0,16512
879,129.0,16512
880,129.0,16512
881,129.0,16512
882,129.0,16512
883,129.0,16512
884,129.0,16512
885,129.0,16512
886,129.0,16512
887,129.0,16512
888,129.0,16512
889,129.0,16512
890,129.0,16512
891,129.0,16512
892,129.0,16512
893,129.0,16512
894,129.0,16512
895,129.0,16512
896,129.0,16512
897,129.0,16512
898,129.0,16512
899,129.0,16512
900,129.0,16512
901,129.0,16512
902,129.0,16512
903,129.0,16512
904,129.0,16512
905,129.0,16512
906,129.0,16512
907,129.0,16512
908,129.0,16512
909,129.0,16512
910,129.0,16512
911,129.0,16512
912,129.0,16512
913,129.0,16512
914,129.0,16512
915,129.0,16512
916,129.0,16512
917,129.0,16512
918,129.0,16512
919,129.0,16512
920,129.0,16512
921,129.0,16512
922,129.0,16512
923,129.0,16512
924,129.0,16512
925,129.0,16512
926,129.0,16512
927,129.0,16512
928,129.0,16512
929,137.0,17536
930,137.0,17536
931,137.0,17536
932,137.0,17536
933,137.0,17536
934,137.0,17536
935,137.0,17536
936,137.0,17536
937,137.0,17536
938,137.0,17536
939,137.0,17536
940,137.0,17536
941,137.0,17536
942,137.0,17536
943,137.0,17536
944,137.0,17536
945,137.0,17536
946,137.0,17536
947,137.0,17536
948,137.0,17536
949,137.0,17536
950,137.0,17536
951,137.0,17536
952,137.0,17536
953,137.0,17536
954,137.0,17536
955,137.0,17536
956,137.0,17536
957,137.0,17536
958,137.0,17536
959,137.0,17536
960,137.0,17536
961,137.0,17536
962,137.0,17536
963,137.0,17536
964,137.0,17536
965,137.0,17536
966,137.0,17536
967,137.0,17536
968,137.0,17536
969,137.0,17536
970,137.0,17536
971,137.0,17536
972,137.0,17536
973,137.0,17536
974,137.0,17536
975,137.0,17536
976,137.0,17536
977,137.0,17536
978,137.0,17536
979,137.0,17536
980,137.0,17536
981,137.0,17536
982,137.0,17536
983,137.0,17536
984,137.0,17536
985,137.0,17536
986,137.0,17536
987,137.0,17536
988,137.0,17536
989,137.0,17536
990,137.0,17536
991,137.0,17536
992,137.0,17536
993,137.0,17536
994,137.0,17536
995,137.0,17536
996,137.0,17536
997,137.0,17536
998,137.0,17536
999,137.0,17536
1000,137.0,17536
1001,137.0,17536
1002,137.0,17536
1003,137.0,17536
1004,137.0,17536
1005,137.0,17536
1006,137.0,17536
1007,137.0,17536
1008,137.0,17536
1009,137.0,17536
1010,137.0,17536
1011,137.0,17536
1012,137.0,17536
1013,137.0,17536
1014,137.0,17536
1015,137.0,17536
1016,137.0,17536
1017,137.0,17536
1018,137.0,17536
1019,137.0,17536
1020,137.0,17536
1021,137.0,17536
1022,137.0,17536
1023,137.0,17536
1024,137.0,17536
1025,137.0,17536
1026,137.0,17536
1027,137.0,17536
1028,137.0,17536
1029,137.0,17536
1030,137.0,17536
1031,137.0,17536
1032,137.0,17536
1033,137.0,17536
1034,137.0,17536
1035,137.0,17536
1036,137.0,17536
1037,137.0,17536
1038,137.0,17536
1039,137.0,17536
1040,137.0,17536
1041,137.0,17536
1042,137.0,17536
1043,137.0,17536
1044,137.0,17536
1045,137.0,17536
1046,137.0,17536
1047,137.0,17536
1048,137.0,17536
1049,137.0,17536
1050,137.0,17536
1051,137.0,17536
1052,137.0,17536
1053,137.0,17536
1054,137.0,17536
1055,137.0,17536
1056,137.0,17536
1057,137.0,17536
1058,137.0,17536
1059,137.0,17536
1060,137.0,17536
1061,137.0,17536
1062,137.0,17536
1063,137.0,17536
1064,137.0,17536
1065,137.0,17536
1066,137.0,17536
1067,137.0,17536
1068,137.0,17536
1069,137.0,17536
1070,137.0,17536
1071,137.0,17536
1072,137.0,17536
1073,137.0,17536
1074,137.0,17536
1075,137.0,17536
1076,137.0,17536
1077,137.0,17536
1078,137.0,17536
1079,137.0,17536
1080,137.0,17536
1081,137.0,17536
1082,137.0,17536
1083,137.0,17536
1084,137.0,17536
1085,137.0,17536
1086,137.0,17536
1087,137.0,17536
1088,137.0,17536
1089,137.0,17536
1090,137.0,17536
1091,137.0,17536
1092,137.0,17536
1093,137.0,17536
1094,137.0,17536
1095,137.0,17536
1096,137.0,17536
1097,137.0,17536
1098,137.0,17536
1099,137.0,17536
1100,137.0,17536
1101,137.0,17536
1102,137.0,17536
1103,137.0,17536
1104,129.0,16512
1105,137.0,17536
1106,129.0,16512
1107,137.0,17536
1108,137.0,17536
1109,137.0,17536
1110,137.0,17536
1111,137.0,17536
1112,137.0,17536
1113,137.0,17536
1114,137.0,17536
1115,137.0,17536
1116,137.0,17536
1117,137.0,17536
1118,137.0,17536
1119,137.0,17536
1120,137.0,17536
1121,137.0,17536
1122,137.0,17536
1123,129.0,16512
1124,137.0,17536
1125,137.0,17536
1126,129.0,16512
1127,129.0,16512
1128,129.0,16512
1129,137.0,17536
1130,137.0,17536
1131,137.0,17536
1132,137.0,17536
1133,129.0,16512
1134,129.0,16512
1135,137.0,17536
1136,137.0,17536
1137,137.0,17536
1138,137.0,17536
1139,137.0,17536
1140,137.0,17536
1141,129.0,16512
1142,129.0,16512
1143,129.0,16512
1144,129.0,16512
1145,129.0,16512
1146,129.0,16512
1147,129.0,16512
1148,129.0,16512
1149,129.0,16512
1150,129.0,16512
1151,129.0,16512
1152,129.0,16512
1153,129.0,16512
1154,137.0,17536
1155,137.0,17536
1156,137.0,17536
1157,137.0,17536
1158,129.0,16512
1159,129.0,16512
1160,129.0,16512
1161,129.0,16512
1162,129.0,16512
1163,129.0,16512
1164,129.0,16512
1165,129.0,16512
1166,129.0,16512
1167,129.0,16512
1168,129.0,16512
1169,129.0,16512
1170,129.0,16512
1171,129.0,16512
1172,129.0,16512
1173,129.0,16512
1174,129.0,16512
1175,129.0,16512
1176,129.0,16512
1177,129.0,16512
1178,137.0,17536
1179,129.0,16512
1180,137.0,17536
1181,129.0,16512
1182,129.0,16512
1183,137.0,17536
1184,129.0,16512
1185,137.0,17536
1186,129.0,16512
1187,129.0,16512
1188,129.0,16512
1189,129.0,16512
1190,129.0,16512
1191,129.0,16512
1192,129.0,16512
1193,129.0,16512
1194,129.0,16512
1195,129.0,16512
1196,129.0,16512
1197,129.0,16512
1198,129.0,16512
1199,129.0,16512
1200,129.0,16512
1201,129.0,16512
1202,129.0,16512
1203,129.0,16512
1204,129.0,16512
1205,129.0,16512
1206,129.0,16512
1207,129.0,16512
1208,129.0,16512
1209,129.0,16512
1210,129.0,16512
1211,129.0,16512
1212,129.0,16512
1213,129.0,16512
1214,129.0,16512
1215,129.0,16512
1216,129.0,16512
1217,129.0,16512
1218,129.0,16512
1219,129.0,16512
1220,129.0,16512
1221,129.0,16512
1222,129.0,16512
1223,129.0,16512
1224,129.0,16512
1225,129.0,16512
1226,129.0,16512
1227,129.0,16512
1228,129.0,16512
1229,129.0,16512
1230,129.0,16512
1231,129.0,16512
1232,129.0,16512
1233,129.0,16512
1234,129.0,16512
1235,129.0,16512
1236,129.0,16512
1237,129.0,16512
1238,129.0,16512
1239,129.0,16512
1240,129.0,16512
1241,129.0,16512
1242,129.0,16512
1243,129.0,16512
1244,129.0,16512
1245,129.0,16512
1246,129.0,16512
1247,129.0,16512
1248,129.0,16512
1249,129.0,16512
1250,129.0,16512
1251,129.0,16512
1252,129.0,16512
1253,129.0,16512
1254,129.0,16512
1255,129.0,16512
1256,129.0,16512
1257,129.0,16512
1258,129.0,16512
1259,129.0,16512
1260,129.0,16512
1261,129.0,16512
1262,129.0,16512
1263,129.0,16512
1264,129.0,16512
1265,129.0,16512
1266,129.0,16512
1267,129.0,16512
1268,129.0,16512
1269,129.0,16512
1270,129.0,16512
1271,129.0,16512
1272,129.0,16512
1273,129.0,16512
1274,129.0,16512
1275,129.0,16512
1276,129.0,16512
1277,129.0,16512
1278,129.0,16512
1279,129.0,16512
1280,129.0,16512
1281,129.0,16512
1282,129.0,16512
1283,129.0,16512
1284,129.0,16512
1285,129.0,16512
1286,129.0,16512
1287,129.0,16512
1288,129.0,16512
1289,129.0,16512
1290,129.0,16512
1291,129.0,16512
1292,129.0,16512
1293,129.0,16512
1294,129.0,16512
1295,129.0,16512
1296,129.0,16512
1297,129.0,16512
1298,129.0,16512
1299,129.0,16512
1300,129.0,16512
1301,129.0,16512
1302,129.0,16512
1303,129.0,16512
1304,129.0,16512
1305,129.0,16512
1306,129.0,16512
1307,129.0,16512
1308,129.0,16512
1309,129.0,16512
1310,129.0,16512
1311,129.0,16512
1312,129.0,16512
1313,129.0,16512
1314,129.0,16512
1315,129.0,16512
1316,129.0,16512
1317,129.0,16512
1318,129.0,16512
1319,129.0,16512
1320,129.0,16512
1321,129.0,16512
1322,129.0,16512
1323,129.0,16512
1324,129.0,16512
1325,129.0,16512
1326,129.0,16512
1327,129.0,16512
1328,129.0,16512
1329,129.0,16512
1330,129.0,16512
1331,129.0,16512
1332,129.0,16512
1333,129.0,16512
1334,129.0,16512
1335,129.0,16512
1336,129.0,16512
1337,129.0,16512
1338,129.0,16512
1339,129.0,16512
1340,129.0,16512
1341,129.0,16512
1342,129.0,16512
1343,129.0,16512
1344,129.0,16512
1345,129.0,16512
1346,129.0,16512
1347,129.0,16512
1348,129.0,16512
1349,129.0,16512
1350,129.0,16512
1351,129.0,16512
1352,129.0,16512
1353,129.0,16512
1354,129.0,16512
1355,129.0,16512
1356,129.0,16512
1357,129.0,16512
1358,129.0,16512
1359,129.0,16512
1360,129.0,16512
1361,129.0,16512
1362,129.0,16512
1363,129.0,16512
1364,129.0,16512
1365,129.0,16512
1366,129.0,16512
1367,129.0,16512
1368,129.0,16512
1369,129.0,16512
1370,129.0,16512
1371,129.0,16512
1372,129.0,16512
1373,129.0,16512
1374,129.0,16512
1375,129.0,16512
1376,129.0,16512
1377,129.0,16512
1378,129.0,16512
1379,129.0,16512
1380,129.0,16512
1381,129.0,16512
1382,129.0,16512
1383,129.0,16512
1384,129.0,16512
1385,129.0,16512
1386,129.0,16512
1387,129.0,16512
1388,129.0,16512
1389,129.0,16512
1390,129.0,16512
1391,129.0,16512
1392,129.0,16512
1393,129.0,16512
1394,129.0,16512
1395,129.0,16512
1396,129.0,16512
1397,129.0,16512
1398,129.0,16512
1399,129.0,16512
1400,129.0,16512
1401,129.0,16512
1402,129.0,16512
1403,129.0,16512
1404,129.0,16512
1405,129.0,16512
1406,129.0,16512
1407,129.0,16512
1408,129.0,16512
1409,129.0,16512
1410,129.0,16512
1411,129.0,16512
1412,129.0,16512
1413,129.0,16512
1414,129.0,16512
1415,129.0,16512
1416,129.0,16512
1417,129.0,16512
1418,129.0,16512
1419,129.0,16512
1420,129.0,16512
1421,129.0,16512
1422,129.0,16512
1423,129.0,16512
1424,129.0,16512
1425,129.0,16512
1426,129.0,16512
1427,129.0,16512
1428,129.0,16512
1429,129.0,16512
1430,129.0,16512
1431,129.0,16512
1432,129.0,16512
1433,129.0,16512
1434,129.0,16512
1435,129.0,16512
1436,129.0,16512
1437,129.0,16512
1438,129.0,16512
1439,129.0,16512
1440,129.0,16512
1441,129.0,16512
1442,129.0,16512
1443,129.0,16512
1444,129.0,16512
1445,129.0,16512
1446,129.0,16512
1447,129.0,16512
1448,129.0,16512
1449,129.0,16512
1450,129.0,16512
1451,129.0,16512
1452,129.0,16512
1453,129.0,16512
1454,129.0,16512
1455,129.0,16512
1456,129.0,16512
1457,129.0,16512
1458,129.0,16512
1459,129.0,16512
1460,129.0,16512
1461,129.0,16512
1462,129.0,16512
1463,129.0,16512
1464,129.0,16512
1465,129.0,16512
1466,137.0,17536
1467,129.0,16512
1468,129.0,16512
1469,129.0,16512
1470,129.0,16512
1471,129.0,16512
1472,129.0,16512
1473,129.0,16512
1474,137.0,17536
1475,137.0,17536
1476,137.0,17536
1477,137.0,17536
1478,137.0,17536
1479,137.0,17536
1480,137.0,17536
1481,129.0,16512
1482,137.0,17536
1483,129.0,16512
1484,129.0,16512
1485,129.0,16512
1486,129.0,16512
1487,129.0,16512
1488,129.0,16512
1489,129.0,16512
1490,129.0,16512
1491,129.0,16512
1492,129.0,16512
1493,129.0,16512
1494,129.0,16512
1495,137.0,17536
1496,137.0,17536
1497,137.0,17536
1498,137.0,17536
1499,137.0,17536
1500,137.0,17536
1501,137.0,17536
1502,137.0,17536
1503,137.0,17536
1504,137.0,17536
1505,137.0,17536
1506,137.0,17536
1507,137.0,17536
1508,137.0,17536
1509,137.0,17536
1510,137.0,17536
1511,137.0,17536
1512,137.0,17536
1513,137.0,17536
1514,137.0,17536
1515,137.0,17536
1516,137.0,17536
1517,137.0,17536
1518,137.0,17536
1519,137.0,17536
1520,137.0,17536
1521,137.0,17536
1522,137.0,17536
1523,137.0,17536
1524,137.0,17536
1525,137.0,17536
1526,137.0,17536
1527,137.0,17536
1528,137.0,17536
1529,137.0,17536
1530,137.0,17536
1531,137.0,17536
1532,137.0,17536
1533,137.0,17536
1534,137.0,17536
1535,137.0,17536
1536,137.0,17536
1537,137.0,17536
1538,137.0,17536
1539,137.0,17536
1540,137.0,17536
1541,137.0,17536
1542,137.0,17536
1543,137.0,17536
1544,137.0,17536
1545,137.0,17536
1546,137.0,17536
1547,137.0,17536
1548,137.0,17536
1549,137.0,17536
1550,137.0,17536
1551,137.0,17536
1552,137.0,17536
1553,137.0,17536
1554,137.0,17536
1555,137.0,17536
1556,137.0,17536
1557,137.0,17536
1558,137.0,17536
1559,137.0,17536
1560,137.0,17536
1561,137.0,17536
1562,137.0,17536
1563,137.0,17536
1564,137.0,17536
1565,137.0,17536
1566,137.0,17536
1567,137.0,17536
1568,137.0,17536
1569,137.0,17536
1570,137.0,17536
1571,137.0,17536
1572,137.0,17536
1573,137.0,17536
1574,137.0,17536
1575,137.0,17536
1576,137.0,17536
1577,137.0,17536
1578,137.0,17536
1579,137.0,17536
1580,137.0,17536
1581,137.0,17536
1582,137.0,17536
1583,137.0,17536
1584,137.0,17536
1585,137.0,17536
1586,137.0,17536
1587,137.0,17536
1588,129.0,16512
1589,137.0,17536
1590,137.0,17536
1591,129.0,16512
1592,129.0,16512
1593,137.0,17536
1594,137.0,17536
1595,129.0,16512
1596,137.0,17536
1597,137.0,17536
1598,137.0,17536
1599,137.0,17536
1600,137.0,17536
1601,137.0,17536
1602,137.0,17536
1603,137.0,17536
1604,137.0,17536
1605,137.0,17536
1606,137.0,17536
1607,137.0,17536
1608,137.0,17536
1609,137.0,17536
1610,137.0,17536
1611,137.0,17536
1612,137.0,17536
1613,137.0,17536
1614,137.0,17536
1615,137.0,17536
1616,137.0,17536
1617,137.0,17536
1618,129.0,16512
1619,137.0,17536
1620,137.0,17536
1621,129.0,16512
1622,137.0,17536
1623,137.0,17536
1624,137.0,17536
1625,137.0,17536
1626,137.0,17536
1627,137.0,17536
1628,137.0,17536
1629,137.0,17536
1630,137.0,17536
1631,137.0,17536
1632,137.0,17536
1633,137.0,17536
1634,137.0,17536
1635,137.0,17536
1636,137.0,17536
1637,137.0,17536
1638,137.0,17536
1639,137.0,17536
1640,137.0,17536
1641,137.0,17536
1642,137.0,17536
1643,137.0,17536
1644,137.0,17536
1645,137.0,17536
1646,137.0,17536
1647,137.0,17536
1648,137.0,17536
1649,137.0,17536
1650,137.0,17536
1651,137.0,17536
1652,137.0,17536
1653,137.0,17536
1654,137.0,17536
1655,137.0,17536
1656,137.0,17536
1657,137.0,17536
1658,137.0,17536
1659,137.0,17536
1660,137.0,17536
1661,137.0,17536
1662,137.0,17536
1663,137.0,17536
1664,137.0,17536
1665,137.0,17536
1666,137.0,17536
1667,137.0,17536
1668,137.0,17536
1669,137.0,17536
1670,137.0,17536
1671,137.0,17536
1672,137.0,17536
1673,137.0,17536
1674,137.0,17536
1675,137.0,17536
1676,137.0,17536
1677,137.0,17536
1678,137.0,17536
1679,129.0,16512
1680,129.0,16512
1681,137.0,17536
1682,137.0,17536
1683,137.0,17536
1684,137.0,17536
1685,137.0,17536
1686,137.0,17536
1687,137.0,17536
1688,137.0,17536
1689,137.0,17536
1690,257.0,32896
