RandomSeed,14688,Population size:128,Bit Length:64,Crossover Rate:0.7,Mutation Rate:0.005
gen,BestFitness,FitnessEval
1,17.0,2176
2,25.0,3200
3,25.0,3200
4,25.0,3200
5,25.0,3200
6,25.0,3200
7,33.0,4224
8,33.0,4224
9,33.0,4224
10,33.0,4224
11,33.0,4224
12,33.0,4224
13,33.0,4224
14,33.0,4224
15,33.0,4224
16,33.0,4224
17,33.0,4224
18,33.0,4224
19,33.0,4224
20,33.0,4224
21,33.0,4224
22,33.0,4224
23,33.0,4224
24,33.0,4224
25,33.0,4224
26,33.0,4224
27,33.0,4224
28,33.0,4224
29,33.0,4224
30,33.0,4224
31,33.0,4224
32,33.0,4224
33,33.0,4224
34,33.0,4224
35,33.0,4224
36,33.0,4224
37,33.0,4224
38,33.0,4224
39,33.0,4224
40,33.0,4224
41,33.0,4224
42,33.0,4224
43,33.0,4224
44,33.0,4224
45,33.0,4224
46,33.0,4224
47,33.0,4224
48,33.0,4224
49,33.0,4224
50,33.0,4224
51,33.0,4224
52,33.0,4224
53,33.0,4224
54,33.0,4224
55,33.0,4224
56,33.0,4224
57,33.0,4224
58,33.0,4224
59,33.0,4224
60,33.0,4224
61,33.0,4224
62,33.0,4224
63,33.0,4224
64,33.0,4224
65,33.0,4224
66,33.0,4224
67,33.0,4224
68,33.0,4224
69,33.0,4224
70,33.0,4224
71,33.0,4224
72,33.0,4224
73,33.0,4224
74,33.0,4224
75,33.0,4224
76,33.0,4224
77,33.0,4224
78,33.0,4224
79,33.0,4224
80,33.0,4224
81,33.0,4224
82,33.0,4224
83,33.0,4224
84,33.0,4224
85,33.0,4224
86,33.0,4224
87,33.0,4224
88,33.0,4224
89,33.0,4224
90,33.0,4224
91,33.0,4224
92,33.0,4224
93,33.0,4224
94,33.0,4224
95,33.0,4224
96,33.0,4224
97,33.0,4224
98,33.0,4224
99,33.0,4224
100,33.0,4224
101,33.0,4224
102,33.0,4224
103,33.0,4224
104,33.0,4224
105,33.0,4224
106,33.0,4224
107,33.0,4224
108,33.0,4224
109,33.0,4224
110,33.0,4224
111,33.0,4224
112,33.0,4224
113,33.0,4224
114,33.0,4224
115,33.0,4224
116,33.0,4224
117,33.0,4224
118,33.0,4224
119,33.0,4224
120,33.0,4224
121,33.0,4224
122,33.0,4224
123,33.0,4224
124,33.0,4224
125,33.0,4224
126,33.0,4224
127,33.0,4224
128,33.0,4224
129,33.0,4224
130,33.0,4224
131,33.0,4224
132,33.0,4224
133,33.0,4224
134,33.0,4224
135,33.0,4224
136,33.0,4224
137,33.0,4224
138,33.0,4224
139,33.0,4224
140,33.0,4224
141,33.0,4224
142,33.0,4224
143,33.0,4224
144,33.0,4224
145,33.0,4224
146,33.0,4224
147,33.0,4224
148,33.0,4224
149,33.0,4224
150,33.0,4224
151,33.0,4224
152,33.0,4224
153,33.0,4224
154,33.0,4224
155,33.0,4224
156,33.0,4224
157,33.0,4224
158,33.0,4224
159,33.0,4224
160,33.0,4224
161,33.0,4224
162,33.0,4224
163,33.0,4224
164,33.0,4224
165,33.0,4224
166,33.0,4224
167,33.0,4224
168,33.0,4224
169,33.0,4224
170,33.0,4224
171,33.0,4224
172,33.0,4224
173,33.0,4224
174,33.0,4224
175,33.0,4224
176,33.0,4224
177,33.0,4224
178,33.0,4224
179,33.0,4224
180,33.0,4224
181,33.0,4224
182,33.0,4224
183,33.0,4224
184,33.0,4224
185,33.0,4224
186,33.0,4224
187,33.0,4224
188,33.0,4224
189,33.0,4224
190,33.0,4224
191,33.0,4224
192,33.0,4224
193,33.0,4224
194,33.0,4224
195,33.0,4224
196,33.0,4224
197,33.0,4224
198,33.0,4224
199,33.0,4224
200,33.0,4224
201,33.0,4224
202,33.0,4224
203,33.0,4224
204,33.0,4224
205,49.0,6272
206,57.0,7296
207,57.0,7296
208,57.0,7296
209,57.0,7296
210,33.0,4224
211,33.0,4224
212,57.0,7296
213,57.0,7296
214,57.0,7296
215,57.0,7296
216,57.0,7296
217,57.0,7296
218,57.0,7296
219,57.0,7296
220,57.0,7296
221,57.0,7296
222,57.0,7296
223,57.0,7296
224,57.0,7296
225,57.0,7296
226,57.0,7296
227,57.0,7296
228,57.0,7296
229,57.0,7296
230,57.0,7296
231,57.0,7296
232,57.0,7296
233,57.0,7296
234,57.0,7296
235,57.0,7296
236,57.0,7296
237,57.0,7296
238,57.0,7296
239,57.0,7296
240,57.0,7296
241,57.0,7296
242,57.0,7296
243,57.0,7296
244,57.0,7296
245,57.0,7296
246,57.0,7296
247,57.0,7296
248,57.0,7296
249,57.0,7296
250,57.0,7296
251,57.0,7296
252,57.0,7296
253,57.0,7296
254,57.0,7296
255,57.0,7296
256,57.0,7296
257,57.0,7296
258,57.0,7296
259,57.0,7296
260,57.0,7296
261,57.0,7296
262,57.0,7296
263,57.0,7296
264,57.0,7296
265,57.0,7296
266,57.0,7296
267,57.0,7296
268,57.0,7296
269,57.0,7296
270,57.0,7296
271,57.0,7296
272,57.0,7296
273,57.0,7296
274,57.0,7296
275,57.0,7296
276,57.0,7296
277,57.0,7296
278,57.0,7296
279,57.0,7296
280,57.0,7296
281,57.0,7296
282,57.0,7296
283,57.0,7296
284,57.0,7296
285,57.0,7296
286,57.0,7296
287,57.0,7296
288,57.0,7296
289,57.0,7296
290,57.0,7296
291,57.0,7296
292,57.0,7296
293,57.0,7296
294,57.0,7296
295,57.0,7296
296,57.0,7296
297,57.0,7296
298,57.0,7296
299,57.0,7296
300,57.0,7296
301,57.0,7296
302,57.0,7296
303,57.0,7296
304,57.0,7296
305,57.0,7296
306,57.0,7296
307,57.0,7296
308,57.0,7296
309,57.0,7296
310,57.0,7296
311,57.0,7296
312,57.0,7296
313,57.0,7296
314,57.0,7296
315,57.0,7296
316,57.0,7296
317,57.0,7296
318,57.0,7296
319,57.0,7296
320,57.0,7296
321,57.0,7296
322,57.0,7296
323,57.0,7296
324,57.0,7296
325,57.0,7296
326,57.0,7296
327,57.0,7296
328,57.0,7296
329,57.0,7296
330,57.0,7296
331,57.0,7296
332,57.0,7296
333,57.0,7296
334,57.0,7296
335,57.0,7296
336,57.0,7296
337,57.0,7296
338,57.0,7296
339,57.0,7296
340,57.0,7296
341,57.0,7296
342,57.0,7296
343,57.0,7296
344,57.0,7296
345,57.0,7296
346,57.0,7296
347,57.0,7296
348,57.0,7296
349,57.0,7296
350,57.0,7296
351,57.0,7296
352,57.0,7296
353,57.0,7296
354,57.0,7296
355,57.0,7296
356,57.0,7296
357,57.0,7296
358,57.0,7296
359,57.0,7296
360,57.0,7296
361,57.0,7296
362,57.0,7296
363,57.0,7296
364,57.0,7296
365,57.0,7296
366,57.0,7296
367,57.0,7296
368,57.0,7296
369,57.0,7296
370,57.0,7296
371,57.0,7296
372,57.0,7296
373,97.0,12416
374,57.0,7296
375,57.0,7296
376,57.0,7296
377,57.0,7296
378,57.0,7296
379,57.0,7296
380,57.0,7296
381,57.0,7296
382,57.0,7296
383,57.0,7296
384,57.0,7296
385,57.0,7296
386,57.0,7296
387,57.0,7296
388,57.0,7296
389,57.0,7296
390,57.0,7296
391,113.0,14464
392,113.0,14464
393,113.0,14464
394,113.0,14464
395,113.0,14464
396,113.0,14464
397,113.0,14464
398,113.0,14464
399,113.0,14464
400,113.0,14464
401,113.0,14464
402,113.0,14464
403,113.0,14464
404,113.0,14464
405,113.0,14464
406,113.0,14464
407,113.0,14464
408,113.0,14464
409,113.0,14464
410,113.0,14464
411,113.0,14464
412,113.0,14464
413,113.0,14464
414,113.0,14464
415,113.0,14464
416,113.0,14464
417,113.0,14464
418,113.0,14464
419,113.0,14464
420,113.0,14464
421,113.0,14464
422,113.0,14464
423,113.0,14464
424,113.0,14464
425,113.0,14464
426,113.0,14464
427,113.0,14464
428,113.0,14464
429,113.0,14464
430,113.0,14464
431,113.0,14464
432,113.0,14464
433,113.0,14464
434,113.0,14464
435,113.0,14464
436,113.0,14464
437,113.0,14464
438,113.0,14464
439,113.0,14464
440,113.0,14464
441,113.0,14464
442,113.0,14464
443,113.0,14464
444,113.0,14464
445,113.0,14464
446,113.0,14464
447,113.0,14464
448,113.0,14464
449,113.0,14464
450,113.0,14464
451,113.0,14464
452,113.0,14464
453,113.0,14464
454,137.0,17536
455,113.0,14464
456,113.0,14464
457,113.0,14464
458,113.0,14464
459,113.0,14464
460,113.0,14464
461,113.0,14464
462,113.0,14464
463,129.0,16512
464,113.0,14464
465,137.0,17536
466,113.0,14464
467,113.0,14464
468,113.0,14464
469,137.0,17536
470,113.0,14464
471,113.0,14464
472,113.0,14464
473,113.0,14464
474,129.0,16512
475,113.0,14464
476,113.0,14464
477,113.0,14464
478,113.0,14464
479,105.0,13440
480,105.0,13440
481,105.0,13440
482,105.0,13440
483,105.0,13440
484,105.0,13440
485,105.0,13440
486,105.0,13440
487,105.0,13440
488,105.0,13440
489,113.0,14464
490,113.0,14464
491,113.0,14464
492,113.0,14464
493,113.0,14464
494,113.0,14464
495,113.0,14464
496,113.0,14464
497,113.0,14464
498,113.0,14464
499,113.0,14464
500,113.0,14464
501,113.0,14464
502,113.0,14464
503,105.0,13440
504,105.0,13440
505,105.0,13440
506,105.0,13440
507,105.0,13440
508,105.0,13440
509,105.0,13440
510,105.0,13440
511,105.0,13440
512,105.0,13440
513,105.0,13440
514,105.0,13440
515,105.0,13440
516,105.0,13440
517,105.0,13440
518,105.0,13440
519,105.0,13440
520,105.0,13440
521,105.0,13440
522,105.0,13440
523,105.0,13440
524,105.0,13440
525,105.0,13440
526,105.0,13440
527,105.0,13440
528,105.0,13440
529,105.0,13440
530,105.0,13440
531,105.0,13440
532,105.0,13440
533,105.0,13440
534,105.0,13440
535,105.0,13440
536,105.0,13440
537,105.0,13440
538,105.0,13440
539,105.0,13440
540,105.0,13440
541,105.0,13440
542,105.0,13440
543,105.0,13440
544,105.0,13440
545,105.0,13440
546,105.0,13440
547,105.0,13440
548,105.0,13440
549,105.0,13440
550,105.0,13440
551,105.0,13440
552,105.0,13440
553,105.0,13440
554,105.0,13440
555,105.0,13440
556,105.0,13440
557,105.0,13440
558,105.0,13440
559,105.0,13440
560,105.0,13440
561,105.0,13440
562,105.0,13440
563,105.0,13440
564,105.0,13440
565,105.0,13440
566,105.0,13440
567,105.0,13440
568,105.0,13440
569,105.0,13440
570,105.0,13440
571,105.0,13440
572,105.0,13440
573,105.0,13440
574,105.0,13440
575,105.0,13440
576,105.0,13440
577,105.0,13440
578,105.0,13440
579,105.0,13440
580,105.0,13440
581,105.0,13440
582,105.0,13440
583,105.0,13440
584,105.0,13440
585,105.0,13440
586,105.0,13440
587,105.0,13440
588,105.0,13440
589,105.0,13440
590,105.0,13440
591,105.0,13440
592,105.0,13440
593,105.0,13440
594,105.0,13440
595,105.0,13440
596,105.0,13440
597,105.0,13440
598,105.0,13440
599,105.0,13440
600,105.0,13440
601,105.0,13440
602,105.0,13440
603,105.0,13440
604,105.0,13440
605,105.0,13440
606,105.0,13440
607,105.0,13440
608,105.0,13440
609,105.0,13440
610,105.0,13440
611,105.0,13440
612,105.0,13440
613,105.0,13440
614,105.0,13440
615,105.0,13440
616,105.0,13440
617,105.0,13440
618,105.0,13440
619,105.0,13440
620,105.0,13440
621,105.0,13440
622,105.0,13440
623,105.0,13440
624,105.0,13440
625,105.0,13440
626,105.0,13440
627,105.0,13440
628,105.0,13440
629,105.0,13440
630,105.0,13440
631,105.0,13440
632,105.0,13440
633,129.0,16512
634,105.0,13440
635,105.0,13440
636,105.0,13440
637,105.0,13440
638,105.0,13440
639,105.0,13440
640,105.0,13440
641,105.0,13440
642,105.0,13440
643,105.0,13440
644,105.0,13440
645,105.0,13440
646,105.0,13440
647,105.0,13440
648,105.0,13440
649,105.0,13440
650,105.0,13440
651,105.0,13440
652,105.0,13440
653,105.0,13440
654,105.0,13440
655,105.0,13440
656,105.0,13440
657,105.0,13440
658,105.0,13440
659,105.0,13440
660,105.0,13440
661,105.0,13440
662,105.0,13440
663,105.0,13440
664,105.0,13440
665,105.0,13440
666,105.0,13440
667,105.0,13440
668,105.0,13440
669,105.0,13440
670,105.0,13440
671,105.0,13440
672,105.0,13440
673,105.0,13440
674,105.0,13440
675,129.0,16512
676,129.0,16512
677,105.0,13440
678,105.0,13440
679,105.0,13440
680,105.0,13440
681,105.0,13440
682,105.0,13440
683,105.0,13440
684,105.0,13440
685,105.0,13440
686,105.0,13440
687,105.0,13440
688,105.0,13440
689,105.0,13440
690,105.0,13440
691,105.0,13440
692,105.0,13440
693,105.0,13440
694,105.0,13440
695,105.0,13440
696,105.0,13440
697,105.0,13440
698,105.0,13440
699,105.0,13440
700,105.0,13440
701,105.0,13440
702,105.0,13440
703,105.0,13440
704,105.0,13440
705,105.0,13440
706,105.0,13440
707,105.0,13440
708,105.0,13440
709,105.0,13440
710,105.0,13440
711,105.0,13440
712,105.0,13440
713,105.0,13440
714,105.0,13440
715,105.0,13440
716,105.0,13440
717,105.0,13440
718,105.0,13440
719,105.0,13440
720,105.0,13440
721,105.0,13440
722,105.0,13440
723,105.0,13440
724,105.0,13440
725,105.0,13440
726,105.0,13440
727,105.0,13440
728,105.0,13440
729,105.0,13440
730,105.0,13440
731,105.0,13440
732,105.0,13440
733,105.0,13440
734,105.0,13440
735,105.0,13440
736,105.0,13440
737,105.0,13440
738,105.0,13440
739,105.0,13440
740,105.0,13440
741,105.0,13440
742,105.0,13440
743,105.0,13440
744,105.0,13440
745,105.0,13440
746,105.0,13440
747,105.0,13440
748,105.0,13440
749,105.0,13440
750,105.0,13440
751,105.0,13440
752,105.0,13440
753,105.0,13440
754,105.0,13440
755,105.0,13440
756,105.0,13440
757,105.0,13440
758,105.0,13440
759,105.0,13440
760,105.0,13440
761,105.0,13440
762,105.0,13440
763,105.0,13440
764,105.0,13440
765,105.0,13440
766,105.0,13440
767,105.0,13440
768,105.0,13440
769,105.0,13440
770,105.0,13440
771,105.0,13440
772,105.0,13440
773,105.0,13440
774,105.0,13440
775,105.0,13440
776,105.0,13440
777,105.0,13440
778,105.0,13440
779,105.0,13440
780,105.0,13440
781,105.0,13440
782,105.0,13440
783,105.0,13440
784,105.0,13440
785,105.0,13440
786,105.0,13440
787,105.0,13440
788,105.0,13440
789,105.0,13440
790,105.0,13440
791,105.0,13440
792,105.0,13440
793,105.0,13440
794,105.0,13440
795,105.0,13440
796,105.0,13440
797,105.0,13440
798,105.0,13440
799,105.0,13440
800,105.0,13440
801,105.0,13440
802,105.0,13440
803,105.0,13440
804,105.0,13440
805,105.0,13440
806,105.0,13440
807,105.0,13440
808,105.0,13440
809,105.0,13440
810,105.0,13440
811,105.0,13440
812,105.0,13440
813,105.0,13440
814,105.0,13440
815,105.0,13440
816,113.0,14464
817,113.0,14464
818,105.0,13440
819,105.0,13440
820,105.0,13440
821,105.0,13440
822,105.0,13440
823,105.0,13440
824,105.0,13440
825,105.0,13440
826,105.0,13440
827,105.0,13440
828,105.0,13440
829,105.0,13440
830,105.0,13440
831,105.0,13440
832,105.0,13440
833,105.0,13440
834,105.0,13440
835,105.0,13440
836,105.0,13440
837,105.0,13440
838,113.0,14464
839,113.0,14464
840,113.0,14464
841,113.0,14464
842,113.0,14464
843,113.0,14464
844,105.0,13440
845,105.0,13440
846,113.0,14464
847,105.0,13440
848,105.0,13440
849,105.0,13440
850,105.0,13440
851,105.0,13440
852,113.0,14464
853,105.0,13440
854,105.0,13440
855,105.0,13440
856,105.0,13440
857,105.0,13440
858,105.0,13440
859,105.0,13440
860,105.0,13440
861,105.0,13440
862,105.0,13440
863,105.0,13440
864,105.0,13440
865,105.0,13440
866,105.0,13440
867,105.0,13440
868,105.0,13440
869,105.0,13440
870,105.0,13440
871,105.0,13440
872,105.0,13440
873,105.0,13440
874,105.0,13440
875,105.0,13440
876,105.0,13440
877,105.0,13440
878,105.0,13440
879,105.0,13440
880,105.0,13440
881,105.0,13440
882,105.0,13440
883,105.0,13440
884,105.0,13440
885,105.0,13440
886,105.0,13440
887,105.0,13440
888,105.0,13440
889,105.0,13440
890,105.0,13440
891,105.0,13440
892,105.0,13440
893,105.0,13440
894,105.0,13440
895,105.0,13440
896,105.0,13440
897,105.0,13440
898,105.0,13440
899,105.0,13440
900,105.0,13440
901,105.0,13440
902,105.0,13440
903,105.0,13440
904,105.0,13440
905,105.0,13440
906,105.0,13440
907,105.0,13440
908,105.0,13440
909,105.0,13440
910,105.0,13440
911,105.0,13440
912,105.0,13440
913,105.0,13440
914,105.0,13440
915,105.0,13440
916,105.0,13440
917,105.0,13440
918,105.0,13440
919,105.0,13440
920,105.0,13440
921,105.0,13440
922,105.0,13440
923,105.0,13440
924,105.0,13440
925,105.0,13440
926,105.0,13440
927,105.0,13440
928,105.0,13440
929,105.0,13440
930,105.0,13440
931,105.0,13440
932,105.0,13440
933,105.0,13440
934,105.0,13440
935,105.0,13440
936,105.0,13440
937,105.0,13440
938,105.0,13440
939,105.0,13440
940,105.0,13440
941,105.0,13440
942,105.0,13440
943,105.0,13440
944,105.0,13440
945,105.0,13440
946,105.0,13440
947,105.0,13440
948,105.0,13440
949,105.0,13440
950,105.0,13440
951,105.0,13440
952,105.0,13440
953,105.0,13440
954,105.0,13440
955,105.0,13440
956,105.0,13440
957,105.0,13440
958,105.0,13440
959,105.0,13440
960,105.0,13440
961,105.0,13440
962,105.0,13440
963,105.0,13440
964,105.0,13440
965,105.0,13440
966,105.0,13440
967,105.0,13440
968,105.0,13440
969,105.0,13440
970,105.0,13440
971,105.0,13440
972,105.0,13440
973,105.0,13440
974,105.0,13440
975,105.0,13440
976,105.0,13440
977,105.0,13440
978,105.0,13440
979,105.0,13440
980,105.0,13440
981,105.0,13440
982,105.0,13440
983,105.0,13440
984,105.0,13440
985,105.0,13440
986,105.0,13440
987,105.0,13440
988,105.0,13440
989,105.0,13440
990,105.0,13440
991,105.0,13440
992,105.0,13440
993,105.0,13440
994,105.0,13440
995,105.0,13440
996,105.0,13440
997,105.0,13440
998,105.0,13440
999,105.0,13440
1000,105.0,13440
1001,105.0,13440
1002,105.0,13440
1003,105.0,13440
1004,105.0,13440
1005,105.0,13440
1006,105.0,13440
1007,105.0,13440
1008,105.0,13440
1009,105.0,13440
1010,105.0,13440
1011,105.0,13440
1012,105.0,13440
1013,105.0,13440
1014,105.0,13440
1015,105.0,13440
1016,105.0,13440
1017,105.0,13440
1018,105.0,13440
1019,105.0,13440
1020,105.0,13440
1021,105.0,13440
1022,105.0,13440
1023,105.0,13440
1024,105.0,13440
1025,105.0,13440
1026,105.0,13440
1027,105.0,13440
1028,105.0,13440
1029,105.0,13440
1030,105.0,13440
1031,105.0,13440
1032,105.0,13440
1033,105.0,13440
1034,105.0,13440
1035,105.0,13440
1036,105.0,13440
1037,105.0,13440
1038,105.0,13440
1039,105.0,13440
1040,105.0,13440
1041,105.0,13440
1042,105.0,13440
1043,105.0,13440
1044,105.0,13440
1045,105.0,13440
1046,105.0,13440
1047,105.0,13440
1048,105.0,13440
1049,105.0,13440
1050,105.0,13440
1051,105.0,13440
1052,105.0,13440
1053,105.0,13440
1054,105.0,13440
1055,105.0,13440
1056,105.0,13440
1057,105.0,13440
1058,105.0,13440
1059,105.0,13440
1060,105.0,13440
1061,105.0,13440
1062,105.0,13440
1063,105.0,13440
1064,105.0,13440
1065,105.0,13440
1066,105.0,13440
1067,105.0,13440
1068,105.0,13440
1069,105.0,13440
1070,105.0,13440
1071,105.0,13440
1072,105.0,13440
1073,105.0,13440
1074,105.0,13440
1075,105.0,13440
1076,105.0,13440
1077,105.0,13440
1078,105.0,13440
1079,105.0,13440
1080,105.0,13440
1081,105.0,13440
1082,105.0,13440
1083,105.0,13440
1084,105.0,13440
1085,105.0,13440
1086,105.0,13440
1087,105.0,13440
1088,105.0,13440
1089,105.0,13440
1090,105.0,13440
1091,105.0,13440
1092,105.0,13440
1093,105.0,13440
1094,105.0,13440
1095,105.0,13440
1096,105.0,13440
1097,105.0,13440
1098,105.0,13440
1099,105.0,13440
1100,105.0,13440
1101,105.0,13440
1102,105.0,13440
1103,105.0,13440
1104,105.0,13440
1105,105.0,13440
1106,105.0,13440
1107,105.0,13440
1108,105.0,13440
1109,105.0,13440
1110,105.0,13440
1111,105.0,13440
1112,105.0,13440
1113,105.0,13440
1114,105.0,13440
1115,105.0,13440
1116,105.0,13440
1117,105.0,13440
1118,105.0,13440
1119,105.0,13440
1120,105.0,13440
1121,105.0,13440
1122,105.0,13440
1123,105.0,13440
1124,105.0,13440
1125,105.0,13440
1126,105.0,13440
1127,105.0,13440
1128,105.0,13440
1129,105.0,13440
1130,105.0,13440
1131,105.0,13440
1132,105.0,13440
1133,105.0,13440
1134,105.0,13440
1135,105.0,13440
1136,105.0,13440
1137,105.0,13440
1138,105.0,13440
1139,105.0,13440
1140,105.0,13440
1141,105.0,13440
1142,105.0,13440
1143,105.0,13440
1144,105.0,13440
1145,105.0,13440
1146,105.0,13440
1147,105.0,13440
1148,105.0,13440
1149,105.0,13440
1150,105.0,13440
1151,105.0,13440
1152,105.0,13440
1153,105.0,13440
1154,105.0,13440
1155,105.0,13440
1156,105.0,13440
1157,105.0,13440
1158,105.0,13440
1159,105.0,13440
1160,105.0,13440
1161,105.0,13440
1162,105.0,13440
1163,105.0,13440
1164,105.0,13440
1165,105.0,13440
1166,105.0,13440
1167,105.0,13440
1168,105.0,13440
1169,105.0,13440
1170,105.0,13440
1171,105.0,13440
1172,105.0,13440
1173,105.0,13440
1174,105.0,13440
1175,105.0,13440
1176,105.0,13440
1177,105.0,13440
1178,105.0,13440
1179,105.0,13440
1180,105.0,13440
1181,105.0,13440
1182,105.0,13440
1183,105.0,13440
1184,105.0,13440
1185,105.0,13440
1186,105.0,13440
1187,105.0,13440
1188,105.0,13440
1189,105.0,13440
1190,105.0,13440
1191,105.0,13440
1192,113.0,14464
1193,105.0,13440
1194,105.0,13440
1195,105.0,13440
1196,105.0,13440
1197,105.0,13440
1198,105.0,13440
1199,105.0,13440
1200,105.0,13440
1201,105.0,13440
1202,105.0,13440
1203,105.0,13440
1204,105.0,13440
1205,105.0,13440
1206,105.0,13440
1207,105.0,13440
1208,105.0,13440
1209,105.0,13440
1210,105.0,13440
1211,105.0,13440
1212,105.0,13440
1213,105.0,13440
1214,129.0,16512
1215,105.0,13440
1216,105.0,13440
1217,105.0,13440
1218,105.0,13440
1219,105.0,13440
1220,105.0,13440
1221,105.0,13440
1222,105.0,13440
1223,105.0,13440
1224,105.0,13440
1225,105.0,13440
1226,105.0,13440
1227,105.0,13440
1228,105.0,13440
1229,105.0,13440
1230,105.0,13440
1231,105.0,13440
1232,105.0,13440
1233,105.0,13440
1234,105.0,13440
1235,105.0,13440
1236,97.0,12416
1237,97.0,12416
1238,97.0,12416
1239,97.0,12416
1240,97.0,12416
1241,97.0,12416
1242,97.0,12416
1243,97.0,12416
1244,97.0,12416
1245,97.0,12416
1246,105.0,13440
1247,97.0,12416
1248,97.0,12416
1249,97.0,12416
1250,97.0,12416
1251,97.0,12416
1252,97.0,12416
1253,97.0,12416
1254,97.0,12416
1255,105.0,13440
1256,105.0,13440
1257,97.0,12416
1258,97.0,12416
1259,97.0,12416
1260,97.0,12416
1261,105.0,13440
1262,97.0,12416
1263,97.0,12416
1264,97.0,12416
1265,97.0,12416
1266,97.0,12416
1267,97.0,12416
1268,97.0,12416
1269,97.0,12416
1270,97.0,12416
1271,97.0,12416
1272,97.0,12416
1273,97.0,12416
1274,97.0,12416
1275,97.0,12416
1276,97.0,12416
1277,97.0,12416
1278,97.0,12416
1279,105.0,13440
1280,105.0,13440
1281,105.0,13440
1282,105.0,13440
1283,105.0,13440
1284,105.0,13440
1285,105.0,13440
1286,105.0,13440
1287,105.0,13440
1288,105.0,13440
1289,105.0,13440
1290,105.0,13440
1291,97.0,12416
1292,97.0,12416
1293,97.0,12416
1294,97.0,12416
1295,97.0,12416
1296,97.0,12416
1297,97.0,12416
1298,97.0,12416
1299,97.0,12416
1300,97.0,12416
1301,97.0,12416
1302,97.0,12416
1303,97.0,12416
1304,97.0,12416
1305,97.0,12416
1306,97.0,12416
1307,97.0,12416
1308,97.0,12416
1309,97.0,12416
1310,97.0,12416
1311,97.0,12416
1312,97.0,12416
1313,97.0,12416
1314,97.0,12416
1315,97.0,12416
1316,97.0,12416
1317,97.0,12416
1318,97.0,12416
1319,97.0,12416
1320,97.0,12416
1321,97.0,12416
1322,97.0,12416
1323,97.0,12416
1324,97.0,12416
1325,97.0,12416
1326,97.0,12416
1327,97.0,12416
1328,97.0,12416
1329,97.0,12416
1330,97.0,12416
1331,97.0,12416
1332,97.0,12416
1333,97.0,12416
1334,97.0,12416
1335,97.0,12416
1336,97.0,12416
1337,97.0,12416
1338,97.0,12416
1339,97.0,12416
1340,97.0,12416
1341,97.0,12416
1342,97.0,12416
1343,97.0,12416
1344,97.0,12416
1345,97.0,12416
1346,97.0,12416
1347,97.0,12416
1348,97.0,12416
1349,97.0,12416
1350,97.0,12416
1351,97.0,12416
1352,97.0,12416
1353,97.0,12416
1354,97.0,12416
1355,97.0,12416
1356,97.0,12416
1357,97.0,12416
1358,97.0,12416
1359,97.0,12416
1360,97.0,12416
1361,97.0,12416
1362,97.0,12416
1363,97.0,12416
1364,97.0,12416
1365,97.0,12416
1366,97.0,12416
1367,97.0,12416
1368,97.0,12416
1369,97.0,12416
1370,97.0,12416
1371,97.0,12416
1372,97.0,12416
1373,97.0,12416
1374,97.0,12416
1375,97.0,12416
1376,97.0,12416
1377,97.0,12416
1378,97.0,12416
1379,97.0,12416
1380,97.0,12416
1381,97.0,12416
1382,97.0,12416
1383,97.0,12416
1384,97.0,12416
1385,97.0,12416
1386,97.0,12416
1387,97.0,12416
1388,97.0,12416
1389,97.0,12416
1390,97.0,12416
1391,97.0,12416
1392,97.0,12416
1393,97.0,12416
1394,97.0,12416
1395,97.0,12416
1396,97.0,12416
1397,97.0,12416
1398,97.0,12416
1399,97.0,12416
1400,97.0,12416
1401,97.0,12416
1402,97.0,12416
1403,97.0,12416
1404,97.0,12416
1405,97.0,12416
1406,97.0,12416
1407,97.0,12416
1408,97.0,12416
1409,97.0,12416
1410,97.0,12416
1411,97.0,12416
1412,97.0,12416
1413,97.0,12416
1414,97.0,12416
1415,97.0,12416
1416,97.0,12416
1417,97.0,12416
1418,97.0,12416
1419,97.0,12416
1420,97.0,12416
1421,97.0,12416
1422,97.0,12416
1423,97.0,12416
1424,97.0,12416
1425,97.0,12416
1426,97.0,12416
1427,97.0,12416
1428,97.0,12416
1429,97.0,12416
1430,97.0,12416
1431,97.0,12416
1432,97.0,12416
1433,97.0,12416
1434,97.0,12416
1435,97.0,12416
1436,97.0,12416
1437,97.0,12416
1438,97.0,12416
1439,97.0,12416
1440,97.0,12416
1441,97.0,12416
1442,97.0,12416
1443,97.0,12416
1444,97.0,12416
1445,97.0,12416
1446,97.0,12416
1447,97.0,12416
1448,97.0,12416
1449,97.0,12416
1450,97.0,12416
1451,97.0,12416
1452,97.0,12416
1453,97.0,12416
1454,97.0,12416
1455,97.0,12416
1456,97.0,12416
1457,97.0,12416
1458,97.0,12416
1459,97.0,12416
1460,97.0,12416
1461,97.0,12416
1462,97.0,12416
1463,97.0,12416
1464,97.0,12416
1465,97.0,12416
1466,97.0,12416
1467,97.0,12416
1468,97.0,12416
1469,97.0,12416
1470,97.0,12416
1471,97.0,12416
1472,97.0,12416
1473,97.0,12416
1474,97.0,12416
1475,97.0,12416
1476,97.0,12416
1477,97.0,12416
1478,97.0,12416
1479,97.0,12416
1480,97.0,12416
1481,97.0,12416
1482,97.0,12416
1483,97.0,12416
1484,97.0,12416
1485,97.0,12416
1486,97.0,12416
1487,97.0,12416
1488,97.0,12416
1489,97.0,12416
1490,97.0,12416
1491,97.0,12416
1492,97.0,12416
1493,97.0,12416
1494,97.0,12416
1495,97.0,12416
1496,97.0,12416
1497,97.0,12416
1498,97.0,12416
1499,97.0,12416
1500,97.0,12416
1501,97.0,12416
1502,97.0,12416
1503,97.0,12416
1504,97.0,12416
1505,97.0,12416
1506,97.0,12416
1507,97.0,12416
1508,97.0,12416
1509,97.0,12416
1510,97.0,12416
1511,97.0,12416
1512,97.0,12416
1513,97.0,12416
1514,97.0,12416
1515,97.0,12416
1516,97.0,12416
1517,97.0,12416
1518,97.0,12416
1519,97.0,12416
1520,97.0,12416
1521,97.0,12416
1522,97.0,12416
1523,97.0,12416
1524,97.0,12416
1525,97.0,12416
1526,97.0,12416
1527,97.0,12416
1528,97.0,12416
1529,97.0,12416
1530,97.0,12416
1531,97.0,12416
1532,97.0,12416
1533,97.0,12416
1534,97.0,12416
1535,97.0,12416
1536,97.0,12416
1537,97.0,12416
1538,97.0,12416
1539,97.0,12416
1540,97.0,12416
1541,97.0,12416
1542,97.0,12416
1543,97.0,12416
1544,97.0,12416
1545,97.0,12416
1546,97.0,12416
1547,97.0,12416
1548,97.0,12416
1549,97.0,12416
1550,97.0,12416
1551,97.0,12416
1552,97.0,12416
1553,97.0,12416
1554,97.0,12416
1555,97.0,12416
1556,97.0,12416
1557,97.0,12416
1558,97.0,12416
1559,97.0,12416
1560,97.0,12416
1561,97.0,12416
1562,97.0,12416
1563,97.0,12416
1564,97.0,12416
1565,97.0,12416
1566,97.0,12416
1567,97.0,12416
1568,97.0,12416
1569,97.0,12416
1570,97.0,12416
1571,97.0,12416
1572,97.0,12416
1573,97.0,12416
1574,97.0,12416
1575,97.0,12416
1576,97.0,12416
1577,97.0,12416
1578,97.0,12416
1579,97.0,12416
1580,97.0,12416
1581,97.0,12416
1582,97.0,12416
1583,97.0,12416
1584,97.0,12416
1585,97.0,12416
1586,97.0,12416
1587,97.0,12416
1588,97.0,12416
1589,97.0,12416
1590,97.0,12416
1591,97.0,12416
1592,97.0,12416
1593,97.0,12416
1594,97.0,12416
1595,97.0,12416
1596,97.0,12416
1597,97.0,12416
1598,97.0,12416
1599,97.0,12416
1600,97.0,12416
1601,97.0,12416
1602,97.0,12416
1603,97.0,12416
1604,97.0,12416
1605,97.0,12416
1606,97.0,12416
1607,97.0,12416
1608,97.0,12416
1609,97.0,12416
1610,97.0,12416
1611,97.0,12416
1612,97.0,12416
1613,97.0,12416
1614,97.0,12416
1615,97.0,12416
1616,97.0,12416
1617,97.0,12416
1618,97.0,12416
1619,97.0,12416
1620,97.0,12416
1621,97.0,12416
1622,97.0,12416
1623,97.0,12416
1624,97.0,12416
1625,97.0,12416
1626,97.0,12416
1627,97.0,12416
1628,97.0,12416
1629,97.0,12416
1630,97.0,12416
1631,97.0,12416
1632,97.0,12416
1633,97.0,12416
1634,97.0,12416
1635,97.0,12416
1636,97.0,12416
1637,97.0,12416
1638,97.0,12416
1639,97.0,12416
1640,97.0,12416
1641,97.0,12416
1642,97.0,12416
1643,97.0,12416
1644,97.0,12416
1645,97.0,12416
1646,97.0,12416
1647,97.0,12416
1648,97.0,12416
1649,97.0,12416
1650,97.0,12416
1651,97.0,12416
1652,97.0,12416
1653,97.0,12416
1654,97.0,12416
1655,97.0,12416
1656,97.0,12416
1657,97.0,12416
1658,97.0,12416
1659,97.0,12416
1660,97.0,12416
1661,97.0,12416
1662,97.0,12416
1663,97.0,12416
1664,97.0,12416
1665,97.0,12416
1666,97.0,12416
1667,97.0,12416
1668,97.0,12416
1669,97.0,12416
1670,97.0,12416
1671,97.0,12416
1672,97.0,12416
1673,97.0,12416
1674,97.0,12416
1675,97.0,12416
1676,97.0,12416
1677,97.0,12416
1678,97.0,12416
1679,97.0,12416
1680,97.0,12416
1681,97.0,12416
1682,97.0,12416
1683,97.0,12416
1684,97.0,12416
1685,97.0,12416
1686,97.0,12416
1687,97.0,12416
1688,97.0,12416
1689,97.0,12416
1690,97.0,12416
1691,97.0,12416
1692,97.0,12416
1693,97.0,12416
1694,97.0,12416
1695,97.0,12416
1696,97.0,12416
1697,97.0,12416
1698,97.0,12416
1699,97.0,12416
1700,97.0,12416
1701,97.0,12416
1702,105.0,13440
1703,97.0,12416
1704,105.0,13440
1705,105.0,13440
1706,105.0,13440
1707,105.0,13440
1708,105.0,13440
1709,105.0,13440
1710,105.0,13440
1711,97.0,12416
1712,105.0,13440
1713,97.0,12416
1714,97.0,12416
1715,97.0,12416
1716,97.0,12416
1717,97.0,12416
1718,97.0,12416
1719,105.0,13440
1720,97.0,12416
1721,97.0,12416
1722,97.0,12416
1723,97.0,12416
1724,97.0,12416
1725,97.0,12416
1726,97.0,12416
1727,97.0,12416
1728,97.0,12416
1729,97.0,12416
1730,97.0,12416
1731,105.0,13440
1732,97.0,12416
1733,97.0,12416
1734,97.0,12416
1735,97.0,12416
1736,97.0,12416
1737,97.0,12416
1738,97.0,12416
1739,105.0,13440
1740,105.0,13440
1741,105.0,13440
1742,105.0,13440
1743,105.0,13440
1744,105.0,13440
1745,105.0,13440
1746,105.0,13440
1747,105.0,13440
1748,105.0,13440
1749,105.0,13440
1750,105.0,13440
1751,105.0,13440
1752,105.0,13440
1753,97.0,12416
1754,105.0,13440
1755,97.0,12416
1756,105.0,13440
1757,105.0,13440
1758,105.0,13440
1759,97.0,12416
1760,97.0,12416
1761,105.0,13440
1762,105.0,13440
1763,105.0,13440
1764,105.0,13440
1765,105.0,13440
1766,105.0,13440
1767,105.0,13440
1768,97.0,12416
1769,97.0,12416
1770,105.0,13440
1771,97.0,12416
1772,97.0,12416
1773,97.0,12416
1774,97.0,12416
1775,97.0,12416
1776,97.0,12416
1777,97.0,12416
1778,97.0,12416
1779,97.0,12416
1780,97.0,12416
1781,97.0,12416
1782,97.0,12416
1783,97.0,12416
1784,97.0,12416
1785,97.0,12416
1786,97.0,12416
1787,97.0,12416
1788,97.0,12416
1789,97.0,12416
1790,97.0,12416
1791,97.0,12416
1792,97.0,12416
1793,97.0,12416
1794,97.0,12416
1795,97.0,12416
1796,97.0,12416
1797,97.0,12416
1798,97.0,12416
1799,97.0,12416
1800,97.0,12416
1801,97.0,12416
1802,97.0,12416
1803,97.0,12416
1804,97.0,12416
1805,97.0,12416
1806,97.0,12416
1807,97.0,12416
1808,97.0,12416
1809,97.0,12416
1810,97.0,12416
1811,97.0,12416
1812,97.0,12416
1813,97.0,12416
1814,97.0,12416
1815,97.0,12416
1816,97.0,12416
1817,97.0,12416
1818,97.0,12416
1819,97.0,12416
1820,97.0,12416
1821,105.0,13440
1822,97.0,12416
1823,97.0,12416
1824,97.0,12416
1825,97.0,12416
1826,97.0,12416
1827,97.0,12416
1828,97.0,12416
1829,97.0,12416
1830,97.0,12416
1831,97.0,12416
1832,97.0,12416
1833,97.0,12416
1834,97.0,12416
1835,97.0,12416
1836,97.0,12416
1837,97.0,12416
1838,97.0,12416
1839,97.0,12416
1840,97.0,12416
1841,97.0,12416
1842,97.0,12416
1843,97.0,12416
1844,97.0,12416
1845,97.0,12416
1846,97.0,12416
1847,97.0,12416
1848,97.0,12416
1849,97.0,12416
1850,97.0,12416
1851,97.0,12416
1852,97.0,12416
1853,97.0,12416
1854,97.0,12416
1855,97.0,12416
1856,97.0,12416
1857,97.0,12416
1858,97.0,12416
1859,97.0,12416
1860,97.0,12416
1861,97.0,12416
1862,97.0,12416
1863,97.0,12416
1864,97.0,12416
1865,105.0,13440
1866,97.0,12416
1867,97.0,12416
1868,97.0,12416
1869,97.0,12416
1870,97.0,12416
1871,97.0,12416
1872,97.0,12416
1873,97.0,12416
1874,97.0,12416
1875,97.0,12416
1876,97.0,12416
1877,97.0,12416
1878,97.0,12416
1879,97.0,12416
1880,97.0,12416
1881,97.0,12416
1882,97.0,12416
1883,97.0,12416
1884,97.0,12416
1885,97.0,12416
1886,97.0,12416
1887,97.0,12416
1888,97.0,12416
1889,97.0,12416
1890,97.0,12416
1891,97.0,12416
1892,97.0,12416
1893,97.0,12416
1894,97.0,12416
1895,97.0,12416
1896,97.0,12416
1897,97.0,12416
1898,97.0,12416
1899,97.0,12416
1900,97.0,12416
1901,97.0,12416
1902,97.0,12416
1903,97.0,12416
1904,97.0,12416
1905,97.0,12416
1906,97.0,12416
1907,97.0,12416
1908,97.0,12416
1909,97.0,12416
1910,97.0,12416
1911,97.0,12416
1912,97.0,12416
1913,97.0,12416
1914,97.0,12416
1915,97.0,12416
1916,97.0,12416
1917,97.0,12416
1918,97.0,12416
1919,97.0,12416
1920,97.0,12416
1921,97.0,12416
1922,97.0,12416
1923,97.0,12416
1924,97.0,12416
1925,97.0,12416
1926,97.0,12416
1927,97.0,12416
1928,97.0,12416
1929,97.0,12416
1930,97.0,12416
1931,97.0,12416
1932,97.0,12416
1933,97.0,12416
1934,97.0,12416
1935,97.0,12416
1936,97.0,12416
1937,97.0,12416
1938,97.0,12416
1939,97.0,12416
1940,97.0,12416
1941,97.0,12416
1942,97.0,12416
1943,97.0,12416
1944,97.0,12416
1945,97.0,12416
1946,97.0,12416
1947,97.0,12416
1948,97.0,12416
1949,105.0,13440
1950,97.0,12416
1951,97.0,12416
1952,97.0,12416
1953,97.0,12416
1954,97.0,12416
1955,97.0,12416
1956,97.0,12416
1957,97.0,12416
1958,97.0,12416
1959,105.0,13440
1960,105.0,13440
1961,105.0,13440
1962,105.0,13440
1963,105.0,13440
1964,105.0,13440
1965,105.0,13440
1966,105.0,13440
1967,105.0,13440
1968,97.0,12416
1969,97.0,12416
1970,97.0,12416
1971,97.0,12416
1972,97.0,12416
1973,97.0,12416
1974,97.0,12416
1975,97.0,12416
1976,97.0,12416
1977,97.0,12416
1978,97.0,12416
1979,97.0,12416
1980,105.0,13440
1981,105.0,13440
1982,97.0,12416
1983,97.0,12416
1984,97.0,12416
1985,97.0,12416
1986,105.0,13440
1987,97.0,12416
1988,105.0,13440
1989,105.0,13440
1990,105.0,13440
1991,105.0,13440
1992,105.0,13440
1993,105.0,13440
1994,105.0,13440
1995,105.0,13440
1996,105.0,13440
1997,105.0,13440
1998,105.0,13440
1999,105.0,13440
2000,105.0,13440
