RandomSeed,16263,Population size:128,Bit Length:64,Crossover Rate:0.7,Mutation Rate:0.005
gen,BestFitness,FitnessEval
1,43,5504
2,41,5248
3,43,5504
4,43,5504
5,43,5504
6,41,5248
7,42,5376
8,42,5376
9,41,5248
10,43,5504
11,43,5504
12,40,5120
13,40,5120
14,41,5248
15,41,5248
16,41,5248
17,41,5248
18,42,5376
19,42,5376
20,41,5248
21,41,5248
22,41,5248
23,42,5376
24,45,5760
25,45,5760
26,43,5504
27,43,5504
28,42,5376
29,44,5632
30,43,5504
31,42,5376
32,43,5504
33,44,5632
34,43,5504
35,43,5504
36,45,5760
37,46,5888
38,45,5760
39,47,6016
40,45,5760
41,45,5760
42,44,5632
43,43,5504
44,43,5504
45,42,5376
46,43,5504
47,44,5632
48,44,5632
49,43,5504
50,44,5632
51,44,5632
52,44,5632
53,45,5760
54,44,5632
55,45,5760
56,44,5632
57,44,5632
58,45,5760
59,45,5760
60,47,6016
61,46,5888
62,46,5888
63,47,6016
64,46,5888
65,47,6016
66,48,6144
67,48,6144
68,48,6144
69,49,6272
70,50,6400
71,50,6400
72,48,6144
73,47,6016
74,48,6144
75,48,6144
76,48,6144
77,48,6144
78,48,6144
79,49,6272
80,51,6528
81,48,6144
82,50,6400
83,50,6400
84,50,6400
85,50,6400
86,50,6400
87,50,6400
88,51,6528
89,51,6528
90,51,6528
91,51,6528
92,51,6528
93,50,6400
94,50,6400
95,49,6272
96,50,6400
97,51,6528
98,52,6656
99,52,6656
100,52,6656
101,52,6656
102,51,6528
103,51,6528
104,51,6528
105,51,6528
106,52,6656
107,50,6400
108,51,6528
109,51,6528
110,51,6528
111,51,6528
112,52,6656
113,51,6528
114,52,6656
115,51,6528
116,51,6528
117,52,6656
118,52,6656
119,53,6784
120,51,6528
121,52,6656
122,51,6528
123,53,6784
124,50,6400
125,50,6400
126,50,6400
127,50,6400
128,50,6400
129,50,6400
130,50,6400
131,51,6528
132,51,6528
133,51,6528
134,50,6400
135,51,6528
136,50,6400
137,51,6528
138,53,6784
139,53,6784
140,53,6784
141,51,6528
142,54,6912
143,53,6784
144,53,6784
145,54,6912
146,54,6912
147,50,6400
148,52,6656
149,51,6528
150,50,6400
151,50,6400
152,50,6400
153,50,6400
154,52,6656
155,52,6656
156,53,6784
157,52,6656
158,52,6656
159,50,6400
160,51,6528
161,51,6528
162,50,6400
163,48,6144
164,49,6272
165,49,6272
166,50,6400
167,51,6528
168,51,6528
169,52,6656
170,53,6784
171,53,6784
172,53,6784
173,52,6656
174,52,6656
175,52,6656
176,51,6528
177,50,6400
178,51,6528
179,50,6400
180,50,6400
181,52,6656
182,50,6400
183,52,6656
184,52,6656
185,53,6784
186,51,6528
187,52,6656
188,51,6528
189,51,6528
190,51,6528
191,51,6528
192,51,6528
193,51,6528
194,51,6528
195,50,6400
196,51,6528
197,49,6272
198,50,6400
199,49,6272
200,50,6400
201,51,6528
202,53,6784
203,54,6912
204,52,6656
205,53,6784
206,52,6656
207,53,6784
208,53,6784
209,52,6656
210,54,6912
211,53,6784
212,52,6656
213,52,6656
214,52,6656
215,53,6784
216,53,6784
217,53,6784
218,53,6784
219,52,6656
220,53,6784
221,54,6912
222,56,7168
223,54,6912
224,54,6912
225,54,6912
226,54,6912
227,55,7040
228,56,7168
229,54,6912
230,53,6784
231,54,6912
232,54,6912
233,53,6784
234,53,6784
235,54,6912
236,53,6784
237,53,6784
238,53,6784
239,53,6784
240,54,6912
241,53,6784
242,54,6912
243,52,6656
244,52,6656
245,53,6784
246,52,6656
247,53,6784
248,52,6656
249,53,6784
250,52,6656
251,52,6656
252,52,6656
253,52,6656
254,53,6784
255,53,6784
256,52,6656
257,52,6656
258,52,6656
259,53,6784
260,52,6656
261,52,6656
262,51,6528
263,51,6528
264,50,6400
265,51,6528
266,51,6528
267,51,6528
268,52,6656
269,52,6656
270,51,6528
271,51,6528
272,50,6400
273,51,6528
274,49,6272
275,49,6272
276,49,6272
277,50,6400
278,50,6400
279,51,6528
280,52,6656
281,50,6400
282,50,6400
283,53,6784
284,53,6784
285,52,6656
286,50,6400
287,51,6528
288,50,6400
289,50,6400
290,50,6400
291,53,6784
292,50,6400
293,49,6272
294,51,6528
295,49,6272
296,49,6272
297,49,6272
298,51,6528
299,49,6272
300,52,6656
301,49,6272
302,49,6272
303,49,6272
304,47,6016
305,49,6272
306,48,6144
307,49,6272
308,50,6400
309,50,6400
310,50,6400
311,49,6272
312,49,6272
313,50,6400
314,50,6400
315,49,6272
316,50,6400
317,50,6400
318,50,6400
319,52,6656
320,52,6656
321,51,6528
322,51,6528
323,51,6528
324,50,6400
325,51,6528
326,51,6528
327,50,6400
328,50,6400
329,51,6528
330,53,6784
331,53,6784
332,54,6912
333,54,6912
334,55,7040
335,57,7296
336,54,6912
337,54,6912
338,55,7040
339,55,7040
340,56,7168
341,54,6912
342,54,6912
343,56,7168
344,54,6912
345,54,6912
346,52,6656
347,52,6656
348,52,6656
349,53,6784
350,54,6912
351,54,6912
352,55,7040
353,55,7040
354,55,7040
355,54,6912
356,55,7040
357,54,6912
358,55,7040
359,54,6912
360,54,6912
361,53,6784
362,53,6784
363,56,7168
364,54,6912
365,53,6784
366,52,6656
367,53,6784
368,54,6912
369,53,6784
370,54,6912
371,55,7040
372,55,7040
373,55,7040
374,53,6784
375,53,6784
376,52,6656
377,51,6528
378,52,6656
379,52,6656
380,52,6656
381,52,6656
382,53,6784
383,52,6656
384,53,6784
385,53,6784
386,53,6784
387,55,7040
388,55,7040
389,55,7040
390,55,7040
391,54,6912
392,53,6784
393,54,6912
394,53,6784
395,53,6784
396,53,6784
397,54,6912
398,55,7040
399,53,6784
400,54,6912
401,52,6656
402,52,6656
403,52,6656
404,52,6656
405,52,6656
406,52,6656
407,51,6528
408,51,6528
409,51,6528
410,51,6528
411,51,6528
412,51,6528
413,52,6656
414,51,6528
415,51,6528
416,53,6784
417,53,6784
418,53,6784
419,53,6784
420,54,6912
421,53,6784
422,53,6784
423,53,6784
424,53,6784
425,54,6912
426,54,6912
427,54,6912
428,55,7040
429,55,7040
430,55,7040
431,55,7040
432,55,7040
433,55,7040
434,56,7168
435,56,7168
436,57,7296
437,58,7424
438,56,7168
439,56,7168
440,55,7040
441,56,7168
442,55,7040
443,57,7296
444,57,7296
445,57,7296
446,57,7296
447,57,7296
448,56,7168
449,56,7168
450,56,7168
451,56,7168
452,56,7168
453,56,7168
454,56,7168
455,56,7168
456,56,7168
457,56,7168
458,55,7040
459,55,7040
460,56,7168
461,55,7040
462,56,7168
463,54,6912
464,54,6912
465,54,6912
466,54,6912
467,55,7040
468,53,6784
469,54,6912
470,55,7040
471,54,6912
472,55,7040
473,56,7168
474,55,7040
475,55,7040
476,54,6912
477,54,6912
478,54,6912
479,53,6784
480,53,6784
481,53,6784
482,55,7040
483,54,6912
484,54,6912
485,56,7168
486,57,7296
487,51,6528
488,51,6528
489,51,6528
490,51,6528
491,55,7040
492,55,7040
493,54,6912
494,54,6912
495,54,6912
496,54,6912
497,54,6912
498,55,7040
499,55,7040
500,55,7040
501,55,7040
502,54,6912
503,54,6912
504,53,6784
505,52,6656
506,52,6656
507,52,6656
508,52,6656
509,52,6656
510,51,6528
511,52,6656
512,52,6656
513,54,6912
514,53,6784
515,53,6784
516,52,6656
517,51,6528
518,51,6528
519,52,6656
520,50,6400
521,52,6656
522,51,6528
523,51,6528
524,52,6656
525,51,6528
526,51,6528
527,52,6656
528,51,6528
529,52,6656
530,51,6528
531,50,6400
532,52,6656
533,51,6528
534,52,6656
535,51,6528
536,50,6400
537,53,6784
538,52,6656
539,52,6656
540,52,6656
541,53,6784
542,53,6784
543,55,7040
544,55,7040
545,56,7168
546,54,6912
547,55,7040
548,53,6784
549,54,6912
550,52,6656
551,53,6784
552,51,6528
553,52,6656
554,51,6528
555,52,6656
556,52,6656
557,52,6656
558,50,6400
559,53,6784
560,52,6656
561,50,6400
562,51,6528
563,52,6656
564,52,6656
565,52,6656
566,52,6656
567,53,6784
568,52,6656
569,54,6912
570,53,6784
571,54,6912
572,55,7040
573,54,6912
574,54,6912
575,53,6784
576,51,6528
577,53,6784
578,53,6784
579,52,6656
580,50,6400
581,51,6528
582,51,6528
583,51,6528
584,51,6528
585,50,6400
586,52,6656
587,51,6528
588,51,6528
589,53,6784
590,54,6912
591,53,6784
592,54,6912
593,55,7040
594,55,7040
595,56,7168
596,56,7168
597,56,7168
598,56,7168
599,53,6784
600,53,6784
601,53,6784
602,52,6656
603,53,6784
604,53,6784
605,53,6784
606,53,6784
607,53,6784
608,53,6784
609,55,7040
610,54,6912
611,54,6912
612,53,6784
613,54,6912
614,53,6784
615,56,7168
616,56,7168
617,56,7168
618,56,7168
619,55,7040
620,56,7168
621,55,7040
622,55,7040
623,56,7168
624,56,7168
625,55,7040
626,55,7040
627,55,7040
628,54,6912
629,55,7040
630,53,6784
631,53,6784
632,55,7040
633,55,7040
634,53,6784
635,53,6784
636,54,6912
637,54,6912
638,54,6912
639,55,7040
640,55,7040
641,54,6912
642,54,6912
643,53,6784
644,54,6912
645,54,6912
646,53,6784
647,53,6784
648,54,6912
649,54,6912
650,54,6912
651,54,6912
652,53,6784
653,54,6912
654,53,6784
655,53,6784
656,55,7040
657,55,7040
658,55,7040
659,54,6912
660,55,7040
661,54,6912
662,54,6912
663,56,7168
664,54,6912
665,53,6784
666,54,6912
667,55,7040
668,55,7040
669,55,7040
670,54,6912
671,53,6784
672,54,6912
673,54,6912
674,54,6912
675,53,6784
676,53,6784
677,52,6656
678,53,6784
679,51,6528
680,52,6656
681,51,6528
682,52,6656
683,53,6784
684,52,6656
685,54,6912
686,53,6784
687,54,6912
688,54,6912
689,54,6912
690,54,6912
691,54,6912
692,54,6912
693,54,6912
694,53,6784
695,53,6784
696,52,6656
697,54,6912
698,53,6784
699,55,7040
700,55,7040
701,53,6784
702,52,6656
703,53,6784
704,55,7040
705,53,6784
706,52,6656
707,53,6784
708,54,6912
709,52,6656
710,53,6784
711,53,6784
712,53,6784
713,53,6784
714,53,6784
715,53,6784
716,52,6656
717,53,6784
718,53,6784
719,53,6784
720,53,6784
721,53,6784
722,52,6656
723,52,6656
724,52,6656
725,53,6784
726,52,6656
727,52,6656
728,53,6784
729,53,6784
730,53,6784
731,53,6784
732,53,6784
733,53,6784
734,54,6912
735,52,6656
736,52,6656
737,53,6784
738,54,6912
739,54,6912
740,53,6784
741,54,6912
742,54,6912
743,54,6912
744,55,7040
745,55,7040
746,56,7168
747,56,7168
748,55,7040
749,54,6912
750,54,6912
751,53,6784
752,54,6912
753,54,6912
754,54,6912
755,54,6912
756,53,6784
757,52,6656
758,52,6656
759,52,6656
760,54,6912
761,52,6656
762,52,6656
763,54,6912
764,54,6912
765,55,7040
766,54,6912
767,54,6912
768,56,7168
769,55,7040
770,56,7168
771,55,7040
772,54,6912
773,55,7040
774,56,7168
775,56,7168
776,55,7040
777,56,7168
778,56,7168
779,56,7168
780,56,7168
781,55,7040
782,55,7040
783,56,7168
784,56,7168
785,56,7168
786,55,7040
787,54,6912
788,56,7168
789,53,6784
790,53,6784
791,54,6912
792,53,6784
793,53,6784
794,53,6784
795,53,6784
796,54,6912
797,53,6784
798,52,6656
799,52,6656
800,53,6784
801,53,6784
802,54,6912
803,54,6912
804,54,6912
805,54,6912
806,54,6912
807,54,6912
808,54,6912
809,54,6912
810,54,6912
811,54,6912
812,54,6912
813,54,6912
814,55,7040
815,54,6912
816,55,7040
817,54,6912
818,54,6912
819,55,7040
820,55,7040
821,55,7040
822,55,7040
823,56,7168
824,57,7296
825,56,7168
826,57,7296
827,58,7424
828,56,7168
829,57,7296
830,57,7296
831,58,7424
832,56,7168
833,58,7424
834,57,7296
835,57,7296
836,58,7424
837,57,7296
838,57,7296
839,57,7296
840,57,7296
841,56,7168
842,56,7168
843,55,7040
844,54,6912
845,57,7296
846,57,7296
847,57,7296
848,57,7296
849,56,7168
850,55,7040
851,54,6912
852,54,6912
853,55,7040
854,55,7040
855,56,7168
856,56,7168
857,55,7040
858,56,7168
859,57,7296
860,57,7296
861,55,7040
862,55,7040
863,55,7040
864,56,7168
865,55,7040
866,54,6912
867,54,6912
868,55,7040
869,55,7040
870,56,7168
871,54,6912
872,54,6912
873,55,7040
874,55,7040
875,55,7040
876,55,7040
877,55,7040
878,55,7040
879,56,7168
880,56,7168
881,55,7040
882,55,7040
883,55,7040
884,54,6912
885,55,7040
886,53,6784
887,54,6912
888,55,7040
889,54,6912
890,55,7040
891,56,7168
892,55,7040
893,56,7168
894,57,7296
895,54,6912
896,54,6912
897,54,6912
898,54,6912
899,53,6784
900,54,6912
901,54,6912
902,53,6784
903,55,7040
904,57,7296
905,56,7168
906,56,7168
907,56,7168
908,55,7040
909,55,7040
910,54,6912
911,54,6912
912,54,6912
913,55,7040
914,55,7040
915,55,7040
916,55,7040
917,55,7040
918,55,7040
919,55,7040
920,55,7040
921,55,7040
922,55,7040
923,55,7040
924,55,7040
925,55,7040
926,54,6912
927,53,6784
928,54,6912
929,55,7040
930,55,7040
931,54,6912
932,54,6912
933,52,6656
934,53,6784
935,53,6784
936,53,6784
937,55,7040
938,55,7040
939,56,7168
940,57,7296
941,55,7040
942,54,6912
943,55,7040
944,54,6912
945,54,6912
946,54,6912
947,55,7040
948,55,7040
949,55,7040
950,55,7040
951,54,6912
952,55,7040
953,56,7168
954,57,7296
955,55,7040
956,54,6912
957,56,7168
958,54,6912
959,55,7040
960,55,7040
961,56,7168
962,56,7168
963,56,7168
964,56,7168
965,55,7040
966,55,7040
967,55,7040
968,55,7040
969,56,7168
970,54,6912
971,53,6784
972,54,6912
973,54,6912
974,55,7040
975,54,6912
976,54,6912
977,53,6784
978,52,6656
979,53,6784
980,54,6912
981,54,6912
982,53,6784
983,53,6784
984,53,6784
985,53,6784
986,53,6784
987,52,6656
988,53,6784
989,51,6528
990,52,6656
991,52,6656
992,53,6784
993,53,6784
994,53,6784
995,52,6656
996,53,6784
997,55,7040
998,53,6784
999,52,6656
1000,52,6656
1001,51,6528
1002,52,6656
1003,50,6400
1004,50,6400
1005,52,6656
1006,50,6400
1007,51,6528
1008,50,6400
1009,51,6528
1010,52,6656
1011,50,6400
1012,50,6400
1013,50,6400
1014,51,6528
1015,52,6656
1016,50,6400
1017,48,6144
1018,49,6272
1019,49,6272
1020,50,6400
1021,50,6400
1022,52,6656
1023,51,6528
1024,50,6400
1025,51,6528
1026,51,6528
1027,51,6528
1028,51,6528
1029,51,6528
1030,52,6656
1031,52,6656
1032,53,6784
1033,53,6784
1034,56,7168
1035,56,7168
1036,56,7168
1037,57,7296
1038,56,7168
1039,56,7168
1040,55,7040
1041,53,6784
1042,53,6784
1043,52,6656
1044,52,6656
1045,53,6784
1046,54,6912
1047,52,6656
1048,53,6784
1049,53,6784
1050,53,6784
1051,53,6784
1052,54,6912
1053,54,6912
1054,54,6912
1055,54,6912
1056,54,6912
1057,54,6912
1058,54,6912
1059,54,6912
1060,53,6784
1061,54,6912
1062,55,7040
1063,54,6912
1064,54,6912
1065,54,6912
1066,54,6912
1067,54,6912
1068,53,6784
1069,53,6784
1070,53,6784
1071,52,6656
1072,54,6912
1073,52,6656
1074,52,6656
1075,53,6784
1076,53,6784
1077,53,6784
1078,53,6784
1079,53,6784
1080,54,6912
1081,52,6656
1082,53,6784
1083,53,6784
1084,54,6912
1085,53,6784
1086,53,6784
1087,53,6784
1088,53,6784
1089,53,6784
1090,52,6656
1091,52,6656
1092,53,6784
1093,54,6912
1094,55,7040
1095,55,7040
1096,53,6784
1097,54,6912
1098,54,6912
1099,54,6912
1100,55,7040
1101,55,7040
1102,56,7168
1103,55,7040
1104,55,7040
1105,55,7040
1106,55,7040
1107,55,7040
1108,54,6912
1109,54,6912
1110,54,6912
1111,55,7040
1112,51,6528
1113,54,6912
1114,54,6912
1115,54,6912
1116,53,6784
1117,54,6912
1118,55,7040
1119,54,6912
1120,55,7040
1121,55,7040
1122,55,7040
1123,54,6912
1124,54,6912
1125,56,7168
1126,56,7168
1127,55,7040
1128,55,7040
1129,56,7168
1130,54,6912
1131,54,6912
1132,54,6912
1133,53,6784
1134,53,6784
1135,54,6912
1136,54,6912
1137,55,7040
1138,54,6912
1139,55,7040
1140,55,7040
1141,56,7168
1142,55,7040
1143,55,7040
1144,56,7168
1145,56,7168
1146,56,7168
1147,57,7296
1148,57,7296
1149,59,7552
1150,57,7296
1151,58,7424
1152,57,7296
1153,58,7424
1154,57,7296
1155,57,7296
1156,58,7424
1157,57,7296
1158,56,7168
1159,56,7168
1160,56,7168
1161,57,7296
1162,56,7168
1163,57,7296
1164,58,7424
1165,57,7296
1166,55,7040
1167,55,7040
1168,55,7040
1169,56,7168
1170,56,7168
1171,56,7168
1172,55,7040
1173,55,7040
1174,56,7168
1175,54,6912
1176,55,7040
1177,56,7168
1178,56,7168
1179,56,7168
1180,54,6912
1181,55,7040
1182,56,7168
1183,56,7168
1184,54,6912
1185,55,7040
1186,55,7040
1187,55,7040
1188,56,7168
1189,56,7168
1190,57,7296
1191,55,7040
1192,56,7168
1193,56,7168
1194,57,7296
1195,55,7040
1196,55,7040
1197,55,7040
1198,56,7168
1199,54,6912
1200,55,7040
1201,56,7168
1202,54,6912
1203,54,6912
1204,55,7040
1205,55,7040
1206,55,7040
1207,55,7040
1208,55,7040
1209,52,6656
1210,53,6784
1211,54,6912
1212,53,6784
1213,55,7040
1214,53,6784
1215,54,6912
1216,53,6784
1217,53,6784
1218,53,6784
1219,53,6784
1220,53,6784
1221,54,6912
1222,54,6912
1223,54,6912
1224,55,7040
1225,56,7168
1226,55,7040
1227,54,6912
1228,54,6912
1229,53,6784
1230,54,6912
1231,55,7040
1232,55,7040
1233,55,7040
1234,53,6784
1235,53,6784
1236,55,7040
1237,56,7168
1238,55,7040
1239,56,7168
1240,54,6912
1241,56,7168
1242,56,7168
1243,56,7168
1244,55,7040
1245,54,6912
1246,54,6912
1247,54,6912
1248,54,6912
1249,54,6912
1250,54,6912
1251,54,6912
1252,54,6912
1253,54,6912
1254,53,6784
1255,53,6784
1256,53,6784
1257,55,7040
1258,56,7168
1259,54,6912
1260,53,6784
1261,54,6912
1262,53,6784
1263,53,6784
1264,53,6784
1265,53,6784
1266,54,6912
1267,54,6912
1268,55,7040
1269,53,6784
1270,53,6784
1271,53,6784
1272,55,7040
1273,53,6784
1274,53,6784
1275,53,6784
1276,53,6784
1277,56,7168
1278,56,7168
1279,55,7040
1280,55,7040
1281,54,6912
1282,55,7040
1283,55,7040
1284,55,7040
1285,54,6912
1286,54,6912
1287,54,6912
1288,53,6784
1289,55,7040
1290,54,6912
1291,54,6912
1292,52,6656
1293,52,6656
1294,53,6784
1295,53,6784
1296,55,7040
1297,54,6912
1298,51,6528
1299,53,6784
1300,52,6656
1301,52,6656
1302,52,6656
1303,52,6656
1304,53,6784
1305,54,6912
1306,55,7040
1307,54,6912
1308,53,6784
1309,54,6912
1310,53,6784
1311,53,6784
1312,54,6912
1313,55,7040
1314,55,7040
1315,55,7040
1316,56,7168
1317,55,7040
1318,55,7040
1319,55,7040
1320,53,6784
1321,54,6912
1322,53,6784
1323,52,6656
1324,52,6656
1325,52,6656
1326,53,6784
1327,52,6656
1328,52,6656
1329,52,6656
1330,51,6528
1331,53,6784
1332,51,6528
1333,53,6784
1334,51,6528
1335,51,6528
1336,52,6656
1337,52,6656
1338,52,6656
1339,52,6656
1340,53,6784
1341,52,6656
1342,53,6784
1343,52,6656
1344,52,6656
1345,53,6784
1346,53,6784
1347,53,6784
1348,53,6784
1349,54,6912
1350,52,6656
1351,52,6656
1352,52,6656
1353,52,6656
1354,54,6912
1355,54,6912
1356,54,6912
1357,54,6912
1358,54,6912
1359,54,6912
1360,55,7040
1361,53,6784
1362,54,6912
1363,53,6784
1364,54,6912
1365,54,6912
1366,55,7040
1367,53,6784
1368,52,6656
1369,53,6784
1370,53,6784
1371,54,6912
1372,54,6912
1373,54,6912
1374,54,6912
1375,54,6912
1376,54,6912
1377,54,6912
1378,54,6912
1379,53,6784
1380,53,6784
1381,53,6784
1382,51,6528
1383,50,6400
1384,51,6528
1385,50,6400
1386,52,6656
1387,53,6784
1388,53,6784
1389,53,6784
1390,51,6528
1391,52,6656
1392,52,6656
1393,53,6784
1394,51,6528
1395,52,6656
1396,53,6784
1397,54,6912
1398,52,6656
1399,51,6528
1400,52,6656
1401,50,6400
1402,51,6528
1403,51,6528
1404,51,6528
1405,51,6528
1406,52,6656
1407,51,6528
1408,53,6784
1409,52,6656
1410,52,6656
1411,51,6528
1412,51,6528
1413,51,6528
1414,51,6528
1415,52,6656
1416,51,6528
1417,51,6528
1418,51,6528
1419,51,6528
1420,51,6528
1421,50,6400
1422,51,6528
1423,52,6656
1424,52,6656
1425,53,6784
1426,52,6656
1427,51,6528
1428,51,6528
1429,51,6528
1430,51,6528
1431,51,6528
1432,52,6656
1433,52,6656
1434,52,6656
1435,52,6656
1436,53,6784
1437,52,6656
1438,53,6784
1439,53,6784
1440,54,6912
1441,53,6784
1442,54,6912
1443,54,6912
1444,53,6784
1445,52,6656
1446,53,6784
1447,53,6784
1448,53,6784
1449,53,6784
1450,54,6912
1451,54,6912
1452,54,6912
1453,54,6912
1454,54,6912
1455,54,6912
1456,55,7040
1457,54,6912
1458,56,7168
1459,54,6912
1460,54,6912
1461,55,7040
1462,55,7040
1463,55,7040
1464,56,7168
1465,55,7040
1466,55,7040
1467,55,7040
1468,54,6912
1469,54,6912
1470,53,6784
1471,53,6784
1472,54,6912
1473,54,6912
1474,55,7040
1475,55,7040
1476,55,7040
1477,55,7040
1478,55,7040
1479,55,7040
1480,55,7040
1481,56,7168
1482,54,6912
1483,55,7040
1484,55,7040
1485,55,7040
1486,55,7040
1487,55,7040
1488,56,7168
1489,55,7040
1490,54,6912
1491,55,7040
1492,53,6784
1493,54,6912
1494,51,6528
1495,52,6656
1496,53,6784
1497,54,6912
1498,52,6656
1499,52,6656
1500,53,6784
1501,54,6912
1502,52,6656
1503,52,6656
1504,51,6528
1505,50,6400
1506,51,6528
1507,51,6528
1508,51,6528
1509,52,6656
1510,52,6656
1511,52,6656
1512,52,6656
1513,53,6784
1514,52,6656
1515,52,6656
1516,52,6656
1517,52,6656
1518,52,6656
1519,51,6528
1520,51,6528
1521,51,6528
1522,51,6528
1523,52,6656
1524,53,6784
1525,53,6784
1526,53,6784
1527,53,6784
1528,55,7040
1529,54,6912
1530,53,6784
1531,52,6656
1532,53,6784
1533,53,6784
1534,52,6656
1535,53,6784
1536,53,6784
1537,53,6784
1538,53,6784
1539,54,6912
1540,54,6912
1541,54,6912
1542,53,6784
1543,53,6784
1544,52,6656
1545,51,6528
1546,52,6656
1547,53,6784
1548,56,7168
1549,53,6784
1550,53,6784
1551,53,6784
1552,54,6912
1553,55,7040
1554,54,6912
1555,54,6912
1556,54,6912
1557,54,6912
1558,55,7040
1559,55,7040
1560,53,6784
1561,53,6784
1562,54,6912
1563,54,6912
1564,53,6784
1565,52,6656
1566,53,6784
1567,51,6528
1568,51,6528
1569,51,6528
1570,52,6656
1571,51,6528
1572,51,6528
1573,51,6528
1574,52,6656
1575,52,6656
1576,51,6528
1577,50,6400
1578,51,6528
1579,50,6400
1580,51,6528
1581,50,6400
1582,51,6528
1583,51,6528
1584,52,6656
1585,52,6656
1586,52,6656
1587,50,6400
1588,50,6400
1589,51,6528
1590,50,6400
1591,51,6528
1592,51,6528
1593,51,6528
1594,53,6784
1595,53,6784
1596,54,6912
1597,55,7040
1598,53,6784
1599,51,6528
1600,51,6528
1601,52,6656
1602,52,6656
1603,53,6784
1604,53,6784
1605,53,6784
1606,52,6656
1607,51,6528
1608,52,6656
1609,52,6656
1610,51,6528
1611,51,6528
1612,52,6656
1613,53,6784
1614,52,6656
1615,51,6528
1616,50,6400
1617,48,6144
1618,48,6144
1619,49,6272
1620,50,6400
1621,47,6016
1622,49,6272
1623,47,6016
1624,49,6272
1625,49,6272
1626,49,6272
1627,49,6272
1628,47,6016
1629,48,6144
1630,48,6144
1631,47,6016
1632,49,6272
1633,50,6400
1634,50,6400
1635,51,6528
1636,53,6784
1637,53,6784
1638,53,6784
1639,51,6528
1640,54,6912
1641,54,6912
1642,53,6784
1643,51,6528
1644,50,6400
1645,50,6400
1646,51,6528
1647,51,6528
1648,50,6400
1649,50,6400
1650,50,6400
1651,51,6528
1652,50,6400
1653,52,6656
1654,50,6400
1655,51,6528
1656,51,6528
1657,50,6400
1658,48,6144
1659,49,6272
1660,49,6272
1661,49,6272
1662,48,6144
1663,48,6144
1664,45,5760
1665,45,5760
1666,45,5760
1667,46,5888
1668,47,6016
1669,46,5888
1670,47,6016
1671,46,5888
1672,46,5888
1673,48,6144
1674,49,6272
1675,49,6272
1676,47,6016
1677,46,5888
1678,48,6144
1679,48,6144
1680,47,6016
1681,49,6272
1682,48,6144
1683,46,5888
1684,46,5888
1685,46,5888
1686,48,6144
1687,48,6144
1688,48,6144
1689,47,6016
1690,48,6144
1691,48,6144
1692,48,6144
1693,49,6272
1694,50,6400
1695,47,6016
1696,46,5888
1697,47,6016
1698,45,5760
1699,47,6016
1700,48,6144
1701,48,6144
1702,50,6400
1703,49,6272
1704,48,6144
1705,48,6144
1706,47,6016
1707,47,6016
1708,48,6144
1709,49,6272
1710,49,6272
1711,47,6016
1712,47,6016
1713,46,5888
1714,47,6016
1715,46,5888
1716,48,6144
1717,48,6144
1718,50,6400
1719,47,6016
1720,47,6016
1721,47,6016
1722,47,6016
1723,48,6144
1724,47,6016
1725,47,6016
1726,47,6016
1727,48,6144
1728,49,6272
1729,50,6400
1730,50,6400
1731,49,6272
1732,50,6400
1733,49,6272
1734,49,6272
1735,49,6272
1736,49,6272
1737,50,6400
1738,49,6272
1739,49,6272
1740,49,6272
1741,48,6144
1742,50,6400
1743,51,6528
1744,51,6528
1745,47,6016
1746,47,6016
1747,48,6144
1748,49,6272
1749,48,6144
1750,49,6272
1751,48,6144
1752,50,6400
1753,49,6272
1754,49,6272
1755,48,6144
1756,47,6016
1757,48,6144
1758,47,6016
1759,48,6144
1760,50,6400
1761,50,6400
1762,47,6016
1763,47,6016
1764,48,6144
1765,47,6016
1766,47,6016
1767,47,6016
1768,47,6016
1769,47,6016
1770,47,6016
1771,47,6016
1772,48,6144
1773,48,6144
1774,50,6400
1775,51,6528
1776,51,6528
1777,50,6400
1778,52,6656
1779,52,6656
1780,52,6656
1781,52,6656
1782,51,6528
1783,51,6528
1784,52,6656
1785,53,6784
1786,53,6784
1787,52,6656
1788,53,6784
1789,53,6784
1790,53,6784
1791,53,6784
1792,53,6784
1793,53,6784
1794,54,6912
1795,53,6784
1796,53,6784
1797,53,6784
1798,54,6912
1799,53,6784
1800,52,6656
1801,53,6784
1802,54,6912
1803,53,6784
1804,56,7168
1805,55,7040
1806,55,7040
1807,55,7040
1808,55,7040
1809,55,7040
1810,55,7040
1811,53,6784
1812,53,6784
1813,51,6528
1814,52,6656
1815,53,6784
1816,53,6784
1817,53,6784
1818,53,6784
1819,53,6784
1820,53,6784
1821,53,6784
1822,55,7040
1823,56,7168
1824,54,6912
1825,54,6912
1826,57,7296
1827,55,7040
1828,56,7168
1829,56,7168
1830,56,7168
1831,54,6912
1832,55,7040
1833,54,6912
1834,55,7040
1835,56,7168
1836,56,7168
1837,56,7168
1838,56,7168
1839,54,6912
1840,55,7040
1841,55,7040
1842,56,7168
1843,54,6912
1844,55,7040
1845,56,7168
1846,55,7040
1847,56,7168
1848,56,7168
1849,55,7040
1850,56,7168
1851,56,7168
1852,57,7296
1853,56,7168
1854,57,7296
1855,57,7296
1856,56,7168
1857,56,7168
1858,55,7040
1859,55,7040
1860,56,7168
1861,56,7168
1862,57,7296
1863,58,7424
1864,55,7040
1865,56,7168
1866,56,7168
1867,57,7296
1868,54,6912
1869,54,6912
1870,57,7296
1871,55,7040
1872,57,7296
1873,54,6912
1874,54,6912
1875,54,6912
1876,54,6912
1877,54,6912
1878,53,6784
1879,54,6912
1880,53,6784
1881,53,6784
1882,53,6784
1883,53,6784
1884,53,6784
1885,54,6912
1886,54,6912
1887,54,6912
1888,54,6912
1889,54,6912
1890,55,7040
1891,56,7168
1892,55,7040
1893,55,7040
1894,55,7040
1895,53,6784
1896,55,7040
1897,54,6912
1898,55,7040
1899,53,6784
1900,53,6784
1901,54,6912
1902,53,6784
1903,53,6784
1904,53,6784
1905,52,6656
1906,53,6784
1907,55,7040
1908,55,7040
1909,55,7040
1910,55,7040
1911,56,7168
1912,56,7168
1913,55,7040
1914,55,7040
1915,54,6912
1916,54,6912
1917,54,6912
1918,53,6784
1919,55,7040
1920,52,6656
1921,53,6784
1922,52,6656
1923,52,6656
1924,53,6784
1925,52,6656
1926,52,6656
1927,52,6656
1928,52,6656
1929,52,6656
1930,52,6656
1931,52,6656
1932,52,6656
1933,52,6656
1934,52,6656
1935,53,6784
1936,53,6784
1937,53,6784
1938,52,6656
1939,53,6784
1940,53,6784
1941,52,6656
1942,52,6656
1943,52,6656
1944,53,6784
1945,52,6656
1946,51,6528
1947,51,6528
1948,51,6528
1949,51,6528
1950,52,6656
1951,53,6784
1952,52,6656
1953,52,6656
1954,52,6656
1955,52,6656
1956,54,6912
1957,54,6912
1958,54,6912
1959,53,6784
1960,53,6784
1961,53,6784
1962,53,6784
1963,54,6912
1964,53,6784
1965,52,6656
1966,52,6656
1967,52,6656
1968,51,6528
1969,51,6528
1970,52,6656
1971,52,6656
1972,51,6528
1973,51,6528
1974,50,6400
1975,50,6400
1976,50,6400
1977,51,6528
1978,52,6656
1979,53,6784
1980,53,6784
1981,55,7040
1982,53,6784
1983,55,7040
1984,53,6784
1985,55,7040
1986,55,7040
1987,55,7040
1988,53,6784
1989,56,7168
1990,53,6784
1991,52,6656
1992,53,6784
1993,52,6656
1994,55,7040
1995,53,6784
1996,52,6656
1997,51,6528
1998,51,6528
1999,51,6528
2000,51,6528
