RandomSeed,80527,Population size:128,Bit Length:64,Crossover Rate:0.7,Mutation Rate:0.005
gen,BestFitness,FitnessEval
1,45,5760
2,42,5376
3,42,5376
4,42,5376
5,44,5632
6,44,5632
7,43,5504
8,42,5376
9,42,5376
10,44,5632
11,43,5504
12,43,5504
13,43,5504
14,42,5376
15,42,5376
16,43,5504
17,42,5376
18,42,5376
19,42,5376
20,42,5376
21,44,5632
22,43,5504
23,44,5632
24,46,5888
25,46,5888
26,46,5888
27,45,5760
28,46,5888
29,46,5888
30,45,5760
31,43,5504
32,45,5760
33,46,5888
34,44,5632
35,45,5760
36,45,5760
37,43,5504
38,44,5632
39,44,5632
40,44,5632
41,43,5504
42,44,5632
43,46,5888
44,45,5760
45,45,5760
46,45,5760
47,46,5888
48,45,5760
49,46,5888
50,47,6016
51,46,5888
52,46,5888
53,45,5760
54,45,5760
55,46,5888
56,47,6016
57,47,6016
58,46,5888
59,45,5760
60,49,6272
61,46,5888
62,45,5760
63,45,5760
64,46,5888
65,47,6016
66,49,6272
67,49,6272
68,47,6016
69,49,6272
70,47,6016
71,47,6016
72,48,6144
73,48,6144
74,49,6272
75,48,6144
76,47,6016
77,48,6144
78,49,6272
79,49,6272
80,47,6016
81,49,6272
82,48,6144
83,48,6144
84,48,6144
85,48,6144
86,48,6144
87,48,6144
88,49,6272
89,49,6272
90,48,6144
91,49,6272
92,49,6272
93,49,6272
94,50,6400
95,49,6272
96,49,6272
97,48,6144
98,48,6144
99,48,6144
100,50,6400
101,49,6272
102,51,6528
103,51,6528
104,49,6272
105,50,6400
106,51,6528
107,49,6272
108,50,6400
109,49,6272
110,51,6528
111,51,6528
112,52,6656
113,51,6528
114,50,6400
115,50,6400
116,49,6272
117,51,6528
118,51,6528
119,50,6400
120,49,6272
121,49,6272
122,51,6528
123,49,6272
124,50,6400
125,49,6272
126,50,6400
127,50,6400
128,51,6528
129,51,6528
130,50,6400
131,50,6400
132,49,6272
133,50,6400
134,50,6400
135,50,6400
136,50,6400
137,50,6400
138,50,6400
139,50,6400
140,51,6528
141,50,6400
142,50,6400
143,50,6400
144,51,6528
145,52,6656
146,52,6656
147,53,6784
148,50,6400
149,51,6528
150,51,6528
151,51,6528
152,50,6400
153,51,6528
154,50,6400
155,50,6400
156,50,6400
157,51,6528
158,51,6528
159,51,6528
160,50,6400
161,51,6528
162,50,6400
163,50,6400
164,50,6400
165,50,6400
166,50,6400
167,50,6400
168,50,6400
169,50,6400
170,49,6272
171,49,6272
172,49,6272
173,49,6272
174,48,6144
175,47,6016
176,49,6272
177,49,6272
178,50,6400
179,50,6400
180,48,6144
181,49,6272
182,49,6272
183,50,6400
184,49,6272
185,49,6272
186,51,6528
187,50,6400
188,50,6400
189,50,6400
190,50,6400
191,50,6400
192,50,6400
193,52,6656
194,52,6656
195,52,6656
196,52,6656
197,53,6784
198,52,6656
199,50,6400
200,51,6528
201,51,6528
202,51,6528
203,51,6528
204,51,6528
205,51,6528
206,51,6528
207,49,6272
208,51,6528
209,51,6528
210,51,6528
211,52,6656
212,50,6400
213,52,6656
214,53,6784
215,53,6784
216,53,6784
217,52,6656
218,52,6656
219,52,6656
220,52,6656
221,54,6912
222,53,6784
223,53,6784
224,52,6656
225,51,6528
226,52,6656
227,52,6656
228,52,6656
229,52,6656
230,51,6528
231,53,6784
232,53,6784
233,51,6528
234,52,6656
235,52,6656
236,52,6656
237,52,6656
238,53,6784
239,53,6784
240,53,6784
241,55,7040
242,54,6912
243,54,6912
244,53,6784
245,56,7168
246,51,6528
247,53,6784
248,51,6528
249,52,6656
250,50,6400
251,51,6528
252,52,6656
253,49,6272
254,49,6272
255,50,6400
256,50,6400
257,52,6656
258,51,6528
259,52,6656
260,50,6400
261,50,6400
262,49,6272
263,49,6272
264,50,6400
265,49,6272
266,50,6400
267,49,6272
268,49,6272
269,54,6912
270,49,6272
271,49,6272
272,51,6528
273,53,6784
274,51,6528
275,53,6784
276,51,6528
277,51,6528
278,51,6528
279,51,6528
280,51,6528
281,50,6400
282,50,6400
283,51,6528
284,51,6528
285,52,6656
286,52,6656
287,54,6912
288,54,6912
289,55,7040
290,54,6912
291,54,6912
292,53,6784
293,52,6656
294,53,6784
295,52,6656
296,52,6656
297,51,6528
298,51,6528
299,51,6528
300,51,6528
301,51,6528
302,52,6656
303,51,6528
304,52,6656
305,52,6656
306,52,6656
307,51,6528
308,52,6656
309,51,6528
310,52,6656
311,51,6528
312,51,6528
313,50,6400
314,51,6528
315,51,6528
316,51,6528
317,52,6656
318,53,6784
319,53,6784
320,52,6656
321,51,6528
322,51,6528
323,53,6784
324,52,6656
325,52,6656
326,53,6784
327,51,6528
328,51,6528
329,51,6528
330,51,6528
331,52,6656
332,53,6784
333,53,6784
334,51,6528
335,52,6656
336,53,6784
337,53,6784
338,53,6784
339,53,6784
340,54,6912
341,53,6784
342,54,6912
343,54,6912
344,52,6656
345,53,6784
346,53,6784
347,52,6656
348,52,6656
349,52,6656
350,53,6784
351,53,6784
352,52,6656
353,52,6656
354,52,6656
355,53,6784
356,52,6656
357,52,6656
358,53,6784
359,54,6912
360,56,7168
361,54,6912
362,53,6784
363,55,7040
364,53,6784
365,54,6912
366,53,6784
367,53,6784
368,54,6912
369,55,7040
370,55,7040
371,55,7040
372,55,7040
373,57,7296
374,54,6912
375,56,7168
376,55,7040
377,55,7040
378,55,7040
379,54,6912
380,56,7168
381,54,6912
382,54,6912
383,55,7040
384,56,7168
385,56,7168
386,56,7168
387,57,7296
388,58,7424
389,56,7168
390,56,7168
391,57,7296
392,57,7296
393,55,7040
394,56,7168
395,56,7168
396,57,7296
397,55,7040
398,55,7040
399,57,7296
400,56,7168
401,56,7168
402,54,6912
403,54,6912
404,54,6912
405,55,7040
406,56,7168
407,55,7040
408,55,7040
409,55,7040
410,56,7168
411,55,7040
412,55,7040
413,56,7168
414,56,7168
415,56,7168
416,55,7040
417,54,6912
418,54,6912
419,54,6912
420,54,6912
421,53,6784
422,53,6784
423,53,6784
424,53,6784
425,53,6784
426,54,6912
427,53,6784
428,52,6656
429,53,6784
430,53,6784
431,53,6784
432,55,7040
433,55,7040
434,55,7040
435,55,7040
436,53,6784
437,53,6784
438,55,7040
439,53,6784
440,53,6784
441,53,6784
442,53,6784
443,53,6784
444,52,6656
445,53,6784
446,53,6784
447,53,6784
448,53,6784
449,52,6656
450,52,6656
451,53,6784
452,53,6784
453,52,6656
454,52,6656
455,52,6656
456,53,6784
457,55,7040
458,55,7040
459,55,7040
460,55,7040
461,55,7040
462,55,7040
463,55,7040
464,56,7168
465,57,7296
466,57,7296
467,57,7296
468,57,7296
469,58,7424
470,58,7424
471,56,7168
472,55,7040
473,55,7040
474,56,7168
475,56,7168
476,56,7168
477,55,7040
478,56,7168
479,56,7168
480,56,7168
481,56,7168
482,57,7296
483,55,7040
484,54,6912
485,55,7040
486,55,7040
487,55,7040
488,56,7168
489,55,7040
490,54,6912
491,56,7168
492,57,7296
493,57,7296
494,55,7040
495,55,7040
496,55,7040
497,55,7040
498,55,7040
499,55,7040
500,55,7040
501,55,7040
502,55,7040
503,55,7040
504,54,6912
505,53,6784
506,53,6784
507,53,6784
508,52,6656
509,53,6784
510,53,6784
511,53,6784
512,56,7168
513,53,6784
514,53,6784
515,53,6784
516,52,6656
517,52,6656
518,53,6784
519,53,6784
520,53,6784
521,53,6784
522,54,6912
523,53,6784
524,53,6784
525,53,6784
526,55,7040
527,56,7168
528,56,7168
529,58,7424
530,56,7168
531,56,7168
532,55,7040
533,55,7040
534,56,7168
535,56,7168
536,55,7040
537,55,7040
538,55,7040
539,54,6912
540,54,6912
541,54,6912
542,54,6912
543,54,6912
544,54,6912
545,56,7168
546,56,7168
547,59,7552
548,58,7424
549,55,7040
550,54,6912
551,54,6912
552,53,6784
553,54,6912
554,53,6784
555,53,6784
556,54,6912
557,53,6784
558,54,6912
559,54,6912
560,55,7040
561,54,6912
562,55,7040
563,56,7168
564,54,6912
565,52,6656
566,52,6656
567,55,7040
568,53,6784
569,53,6784
570,54,6912
571,53,6784
572,52,6656
573,54,6912
574,52,6656
575,53,6784
576,52,6656
577,52,6656
578,52,6656
579,53,6784
580,52,6656
581,54,6912
582,54,6912
583,55,7040
584,55,7040
585,55,7040
586,55,7040
587,54,6912
588,54,6912
589,54,6912
590,54,6912
591,54,6912
592,54,6912
593,54,6912
594,53,6784
595,55,7040
596,56,7168
597,53,6784
598,54,6912
599,52,6656
600,52,6656
601,52,6656
602,53,6784
603,52,6656
604,51,6528
605,52,6656
606,53,6784
607,51,6528
608,51,6528
609,51,6528
610,52,6656
611,53,6784
612,52,6656
613,53,6784
614,52,6656
615,53,6784
616,53,6784
617,54,6912
618,54,6912
619,53,6784
620,53,6784
621,53,6784
622,52,6656
623,51,6528
624,51,6528
625,51,6528
626,51,6528
627,52,6656
628,52,6656
629,52,6656
630,53,6784
631,52,6656
632,52,6656
633,52,6656
634,53,6784
635,52,6656
636,52,6656
637,51,6528
638,51,6528
639,51,6528
640,51,6528
641,51,6528
642,52,6656
643,51,6528
644,51,6528
645,52,6656
646,53,6784
647,53,6784
648,53,6784
649,53,6784
650,52,6656
651,53,6784
652,52,6656
653,51,6528
654,51,6528
655,51,6528
656,51,6528
657,51,6528
658,52,6656
659,52,6656
660,52,6656
661,54,6912
662,52,6656
663,52,6656
664,52,6656
665,52,6656
666,53,6784
667,51,6528
668,50,6400
669,51,6528
670,51,6528
671,51,6528
672,50,6400
673,50,6400
674,50,6400
675,51,6528
676,50,6400
677,50,6400
678,49,6272
679,50,6400
680,49,6272
681,49,6272
682,50,6400
683,50,6400
684,50,6400
685,50,6400
686,50,6400
687,49,6272
688,50,6400
689,50,6400
690,51,6528
691,50,6400
692,50,6400
693,50,6400
694,50,6400
695,51,6528
696,51,6528
697,51,6528
698,50,6400
699,49,6272
700,49,6272
701,51,6528
702,51,6528
703,50,6400
704,50,6400
705,53,6784
706,53,6784
707,52,6656
708,52,6656
709,50,6400
710,52,6656
711,52,6656
712,52,6656
713,51,6528
714,51,6528
715,51,6528
716,50,6400
717,52,6656
718,51,6528
719,53,6784
720,51,6528
721,52,6656
722,52,6656
723,52,6656
724,52,6656
725,52,6656
726,51,6528
727,53,6784
728,54,6912
729,51,6528
730,51,6528
731,51,6528
732,51,6528
733,51,6528
734,52,6656
735,52,6656
736,51,6528
737,51,6528
738,52,6656
739,53,6784
740,53,6784
741,53,6784
742,51,6528
743,52,6656
744,53,6784
745,52,6656
746,52,6656
747,52,6656
748,53,6784
749,53,6784
750,52,6656
751,51,6528
752,52,6656
753,51,6528
754,52,6656
755,52,6656
756,53,6784
757,54,6912
758,54,6912
759,52,6656
760,51,6528
761,51,6528
762,51,6528
763,52,6656
764,51,6528
765,53,6784
766,51,6528
767,53,6784
768,52,6656
769,53,6784
770,53,6784
771,53,6784
772,53,6784
773,52,6656
774,51,6528
775,51,6528
776,50,6400
777,50,6400
778,52,6656
779,50,6400
780,50,6400
781,50,6400
782,50,6400
783,50,6400
784,53,6784
785,50,6400
786,50,6400
787,50,6400
788,50,6400
789,51,6528
790,52,6656
791,51,6528
792,49,6272
793,50,6400
794,50,6400
795,50,6400
796,50,6400
797,51,6528
798,50,6400
799,52,6656
800,50,6400
801,50,6400
802,50,6400
803,50,6400
804,48,6144
805,49,6272
806,50,6400
807,50,6400
808,49,6272
809,48,6144
810,49,6272
811,49,6272
812,49,6272
813,49,6272
814,49,6272
815,49,6272
816,48,6144
817,48,6144
818,49,6272
819,49,6272
820,48,6144
821,48,6144
822,47,6016
823,47,6016
824,47,6016
825,48,6144
826,46,5888
827,48,6144
828,48,6144
829,47,6016
830,47,6016
831,49,6272
832,49,6272
833,49,6272
834,50,6400
835,49,6272
836,48,6144
837,49,6272
838,46,5888
839,47,6016
840,48,6144
841,47,6016
842,48,6144
843,48,6144
844,48,6144
845,48,6144
846,49,6272
847,49,6272
848,50,6400
849,49,6272
850,48,6144
851,48,6144
852,50,6400
853,50,6400
854,50,6400
855,49,6272
856,49,6272
857,49,6272
858,47,6016
859,47,6016
860,48,6144
861,48,6144
862,48,6144
863,46,5888
864,47,6016
865,47,6016
866,48,6144
867,49,6272
868,49,6272
869,47,6016
870,47,6016
871,47,6016
872,48,6144
873,48,6144
874,49,6272
875,49,6272
876,50,6400
877,51,6528
878,50,6400
879,49,6272
880,51,6528
881,49,6272
882,47,6016
883,49,6272
884,50,6400
885,50,6400
886,51,6528
887,51,6528
888,51,6528
889,53,6784
890,51,6528
891,50,6400
892,48,6144
893,49,6272
894,49,6272
895,51,6528
896,49,6272
897,49,6272
898,48,6144
899,50,6400
900,51,6528
901,51,6528
902,50,6400
903,50,6400
904,50,6400
905,49,6272
906,50,6400
907,50,6400
908,51,6528
909,51,6528
910,51,6528
911,52,6656
912,50,6400
913,50,6400
914,51,6528
915,51,6528
916,50,6400
917,50,6400
918,50,6400
919,50,6400
920,51,6528
921,51,6528
922,50,6400
923,50,6400
924,50,6400
925,50,6400
926,49,6272
927,50,6400
928,50,6400
929,49,6272
930,50,6400
931,51,6528
932,50,6400
933,50,6400
934,49,6272
935,50,6400
936,49,6272
937,49,6272
938,49,6272
939,49,6272
940,50,6400
941,50,6400
942,49,6272
943,50,6400
944,50,6400
945,47,6016
946,47,6016
947,46,5888
948,48,6144
949,49,6272
950,48,6144
951,48,6144
952,49,6272
953,49,6272
954,49,6272
955,50,6400
956,50,6400
957,49,6272
958,50,6400
959,51,6528
960,49,6272
961,48,6144
962,48,6144
963,49,6272
964,49,6272
965,50,6400
966,49,6272
967,50,6400
968,50,6400
969,50,6400
970,49,6272
971,50,6400
972,49,6272
973,49,6272
974,49,6272
975,50,6400
976,48,6144
977,49,6272
978,49,6272
979,49,6272
980,48,6144
981,47,6016
982,48,6144
983,48,6144
984,47,6016
985,47,6016
986,47,6016
987,48,6144
988,48,6144
989,47,6016
990,47,6016
991,49,6272
992,48,6144
993,48,6144
994,48,6144
995,49,6272
996,49,6272
997,49,6272
998,48,6144
999,47,6016
1000,49,6272
1001,50,6400
1002,50,6400
1003,51,6528
1004,51,6528
1005,51,6528
1006,51,6528
1007,51,6528
1008,51,6528
1009,50,6400
1010,51,6528
1011,50,6400
1012,51,6528
1013,51,6528
1014,51,6528
1015,50,6400
1016,50,6400
1017,50,6400
1018,49,6272
1019,48,6144
1020,48,6144
1021,48,6144
1022,48,6144
1023,47,6016
1024,47,6016
1025,47,6016
1026,48,6144
1027,49,6272
1028,49,6272
1029,49,6272
1030,50,6400
1031,50,6400
1032,51,6528
1033,51,6528
1034,51,6528
1035,50,6400
1036,51,6528
1037,52,6656
1038,52,6656
1039,51,6528
1040,48,6144
1041,49,6272
1042,49,6272
1043,49,6272
1044,49,6272
1045,48,6144
1046,49,6272
1047,50,6400
1048,50,6400
1049,51,6528
1050,51,6528
1051,51,6528
1052,52,6656
1053,51,6528
1054,51,6528
1055,51,6528
1056,51,6528
1057,51,6528
1058,50,6400
1059,52,6656
1060,53,6784
1061,53,6784
1062,51,6528
1063,51,6528
1064,52,6656
1065,48,6144
1066,49,6272
1067,50,6400
1068,50,6400
1069,49,6272
1070,50,6400
1071,50,6400
1072,50,6400
1073,49,6272
1074,50,6400
1075,51,6528
1076,50,6400
1077,51,6528
1078,51,6528
1079,49,6272
1080,50,6400
1081,50,6400
1082,50,6400
1083,49,6272
1084,49,6272
1085,49,6272
1086,50,6400
1087,50,6400
1088,49,6272
1089,51,6528
1090,50,6400
1091,50,6400
1092,48,6144
1093,51,6528
1094,51,6528
1095,50,6400
1096,48,6144
1097,48,6144
1098,48,6144
1099,48,6144
1100,48,6144
1101,48,6144
1102,49,6272
1103,49,6272
1104,50,6400
1105,50,6400
1106,50,6400
1107,50,6400
1108,49,6272
1109,49,6272
1110,48,6144
1111,49,6272
1112,50,6400
1113,52,6656
1114,50,6400
1115,51,6528
1116,53,6784
1117,52,6656
1118,52,6656
1119,51,6528
1120,52,6656
1121,52,6656
1122,52,6656
1123,50,6400
1124,51,6528
1125,52,6656
1126,51,6528
1127,50,6400
1128,51,6528
1129,51,6528
1130,51,6528
1131,51,6528
1132,52,6656
1133,52,6656
1134,52,6656
1135,52,6656
1136,52,6656
1137,52,6656
1138,52,6656
1139,52,6656
1140,52,6656
1141,52,6656
1142,51,6528
1143,51,6528
1144,50,6400
1145,51,6528
1146,50,6400
1147,50,6400
1148,49,6272
1149,50,6400
1150,50,6400
1151,50,6400
1152,48,6144
1153,49,6272
1154,49,6272
1155,49,6272
1156,49,6272
1157,49,6272
1158,49,6272
1159,50,6400
1160,49,6272
1161,49,6272
1162,49,6272
1163,52,6656
1164,50,6400
1165,52,6656
1166,50,6400
1167,50,6400
1168,50,6400
1169,51,6528
1170,51,6528
1171,52,6656
1172,52,6656
1173,53,6784
1174,51,6528
1175,50,6400
1176,50,6400
1177,49,6272
1178,49,6272
1179,51,6528
1180,50,6400
1181,50,6400
1182,49,6272
1183,53,6784
1184,49,6272
1185,50,6400
1186,50,6400
1187,49,6272
1188,50,6400
1189,53,6784
1190,53,6784
1191,52,6656
1192,53,6784
1193,51,6528
1194,51,6528
1195,50,6400
1196,51,6528
1197,52,6656
1198,51,6528
1199,51,6528
1200,50,6400
1201,51,6528
1202,52,6656
1203,53,6784
1204,52,6656
1205,51,6528
1206,52,6656
1207,52,6656
1208,52,6656
1209,52,6656
1210,53,6784
1211,53,6784
1212,53,6784
1213,52,6656
1214,51,6528
1215,51,6528
1216,50,6400
1217,51,6528
1218,50,6400
1219,49,6272
1220,50,6400
1221,49,6272
1222,50,6400
1223,50,6400
1224,48,6144
1225,49,6272
1226,49,6272
1227,49,6272
1228,49,6272
1229,52,6656
1230,51,6528
1231,50,6400
1232,50,6400
1233,52,6656
1234,52,6656
1235,53,6784
1236,53,6784
1237,53,6784
1238,53,6784
1239,54,6912
1240,51,6528
1241,51,6528
1242,52,6656
1243,51,6528
1244,51,6528
1245,51,6528
1246,51,6528
1247,52,6656
1248,50,6400
1249,51,6528
1250,51,6528
1251,51,6528
1252,51,6528
1253,51,6528
1254,51,6528
1255,51,6528
1256,51,6528
1257,52,6656
1258,53,6784
1259,52,6656
1260,52,6656
1261,50,6400
1262,51,6528
1263,50,6400
1264,51,6528
1265,50,6400
1266,51,6528
1267,51,6528
1268,51,6528
1269,50,6400
1270,51,6528
1271,49,6272
1272,50,6400
1273,49,6272
1274,49,6272
1275,49,6272
1276,50,6400
1277,50,6400
1278,51,6528
1279,52,6656
1280,52,6656
1281,51,6528
1282,51,6528
1283,51,6528
1284,50,6400
1285,50,6400
1286,50,6400
1287,51,6528
1288,49,6272
1289,49,6272
1290,49,6272
1291,49,6272
1292,49,6272
1293,48,6144
1294,49,6272
1295,48,6144
1296,49,6272
1297,49,6272
1298,49,6272
1299,50,6400
1300,51,6528
1301,52,6656
1302,54,6912
1303,54,6912
1304,50,6400
1305,49,6272
1306,49,6272
1307,49,6272
1308,48,6144
1309,49,6272
1310,50,6400
1311,50,6400
1312,51,6528
1313,50,6400
1314,51,6528
1315,50,6400
1316,49,6272
1317,49,6272
1318,50,6400
1319,49,6272
1320,48,6144
1321,48,6144
1322,48,6144
1323,49,6272
1324,50,6400
1325,48,6144
1326,50,6400
1327,51,6528
1328,51,6528
1329,51,6528
1330,50,6400
1331,51,6528
1332,52,6656
1333,52,6656
1334,52,6656
1335,51,6528
1336,51,6528
1337,52,6656
1338,51,6528
1339,51,6528
1340,51,6528
1341,50,6400
1342,51,6528
1343,50,6400
1344,50,6400
1345,50,6400
1346,50,6400
1347,52,6656
1348,52,6656
1349,52,6656
1350,52,6656
1351,52,6656
1352,51,6528
1353,52,6656
1354,52,6656
1355,51,6528
1356,52,6656
1357,53,6784
1358,53,6784
1359,52,6656
1360,51,6528
1361,52,6656
1362,53,6784
1363,53,6784
1364,52,6656
1365,54,6912
1366,54,6912
1367,52,6656
1368,52,6656
1369,53,6784
1370,52,6656
1371,52,6656
1372,52,6656
1373,52,6656
1374,52,6656
1375,52,6656
1376,51,6528
1377,52,6656
1378,53,6784
1379,52,6656
1380,53,6784
1381,52,6656
1382,53,6784
1383,52,6656
1384,53,6784
1385,53,6784
1386,52,6656
1387,52,6656
1388,50,6400
1389,52,6656
1390,51,6528
1391,51,6528
1392,52,6656
1393,52,6656
1394,52,6656
1395,52,6656
1396,52,6656
1397,52,6656
1398,52,6656
1399,51,6528
1400,51,6528
1401,53,6784
1402,53,6784
1403,53,6784
1404,52,6656
1405,52,6656
1406,52,6656
1407,53,6784
1408,52,6656
1409,51,6528
1410,53,6784
1411,53,6784
1412,52,6656
1413,52,6656
1414,53,6784
1415,53,6784
1416,52,6656
1417,53,6784
1418,53,6784
1419,54,6912
1420,54,6912
1421,55,7040
1422,55,7040
1423,55,7040
1424,55,7040
1425,56,7168
1426,55,7040
1427,55,7040
1428,55,7040
1429,55,7040
1430,55,7040
1431,55,7040
1432,56,7168
1433,56,7168
1434,54,6912
1435,55,7040
1436,55,7040
1437,55,7040
1438,54,6912
1439,53,6784
1440,53,6784
1441,54,6912
1442,53,6784
1443,53,6784
1444,53,6784
1445,53,6784
1446,54,6912
1447,53,6784
1448,54,6912
1449,54,6912
1450,54,6912
1451,55,7040
1452,54,6912
1453,54,6912
1454,53,6784
1455,53,6784
1456,53,6784
1457,52,6656
1458,51,6528
1459,52,6656
1460,52,6656
1461,51,6528
1462,52,6656
1463,52,6656
1464,53,6784
1465,54,6912
1466,51,6528
1467,53,6784
1468,52,6656
1469,52,6656
1470,52,6656
1471,52,6656
1472,52,6656
1473,53,6784
1474,52,6656
1475,52,6656
1476,53,6784
1477,53,6784
1478,52,6656
1479,52,6656
1480,52,6656
1481,52,6656
1482,52,6656
1483,53,6784
1484,53,6784
1485,52,6656
1486,52,6656
1487,51,6528
1488,52,6656
1489,51,6528
1490,52,6656
1491,52,6656
1492,51,6528
1493,52,6656
1494,52,6656
1495,53,6784
1496,52,6656
1497,52,6656
1498,52,6656
1499,51,6528
1500,52,6656
1501,51,6528
1502,50,6400
1503,52,6656
1504,50,6400
1505,51,6528
1506,51,6528
1507,49,6272
1508,49,6272
1509,49,6272
1510,50,6400
1511,49,6272
1512,49,6272
1513,49,6272
1514,50,6400
1515,51,6528
1516,49,6272
1517,49,6272
1518,49,6272
1519,51,6528
1520,50,6400
1521,50,6400
1522,49,6272
1523,50,6400
1524,50,6400
1525,49,6272
1526,48,6144
1527,49,6272
1528,50,6400
1529,51,6528
1530,50,6400
1531,49,6272
1532,49,6272
1533,49,6272
1534,49,6272
1535,50,6400
1536,50,6400
1537,49,6272
1538,49,6272
1539,50,6400
1540,50,6400
1541,49,6272
1542,50,6400
1543,50,6400
1544,50,6400
1545,50,6400
1546,48,6144
1547,48,6144
1548,49,6272
1549,48,6144
1550,47,6016
1551,48,6144
1552,49,6272
1553,48,6144
1554,49,6272
1555,49,6272
1556,48,6144
1557,49,6272
1558,49,6272
1559,48,6144
1560,48,6144
1561,48,6144
1562,48,6144
1563,48,6144
1564,47,6016
1565,47,6016
1566,48,6144
1567,48,6144
1568,48,6144
1569,49,6272
1570,49,6272
1571,48,6144
1572,48,6144
1573,47,6016
1574,48,6144
1575,48,6144
1576,48,6144
1577,48,6144
1578,46,5888
1579,47,6016
1580,46,5888
1581,46,5888
1582,46,5888
1583,46,5888
1584,46,5888
1585,47,6016
1586,47,6016
1587,48,6144
1588,49,6272
1589,47,6016
1590,47,6016
1591,48,6144
1592,46,5888
1593,46,5888
1594,48,6144
1595,49,6272
1596,48,6144
1597,48,6144
1598,49,6272
1599,50,6400
1600,47,6016
1601,48,6144
1602,48,6144
1603,48,6144
1604,49,6272
1605,49,6272
1606,49,6272
1607,49,6272
1608,49,6272
1609,48,6144
1610,48,6144
1611,46,5888
1612,48,6144
1613,47,6016
1614,47,6016
1615,47,6016
1616,48,6144
1617,48,6144
1618,47,6016
1619,49,6272
1620,49,6272
1621,49,6272
1622,50,6400
1623,49,6272
1624,49,6272
1625,49,6272
1626,50,6400
1627,49,6272
1628,49,6272
1629,50,6400
1630,51,6528
1631,51,6528
1632,51,6528
1633,51,6528
1634,51,6528
1635,50,6400
1636,50,6400
1637,49,6272
1638,49,6272
1639,50,6400
1640,50,6400
1641,51,6528
1642,49,6272
1643,48,6144
1644,50,6400
1645,50,6400
1646,51,6528
1647,52,6656
1648,52,6656
1649,51,6528
1650,51,6528
1651,51,6528
1652,51,6528
1653,51,6528
1654,49,6272
1655,50,6400
1656,50,6400
1657,51,6528
1658,49,6272
1659,50,6400
1660,49,6272
1661,50,6400
1662,50,6400
1663,49,6272
1664,49,6272
1665,49,6272
1666,49,6272
1667,49,6272
1668,54,6912
1669,51,6528
1670,50,6400
1671,52,6656
1672,50,6400
1673,50,6400
1674,50,6400
1675,51,6528
1676,51,6528
1677,50,6400
1678,50,6400
1679,51,6528
1680,51,6528
1681,51,6528
1682,50,6400
1683,50,6400
1684,50,6400
1685,50,6400
1686,50,6400
1687,51,6528
1688,50,6400
1689,48,6144
1690,49,6272
1691,50,6400
1692,49,6272
1693,50,6400
1694,49,6272
1695,50,6400
1696,49,6272
1697,47,6016
1698,48,6144
1699,47,6016
1700,47,6016
1701,47,6016
1702,48,6144
1703,48,6144
1704,48,6144
1705,49,6272
1706,48,6144
1707,48,6144
1708,50,6400
1709,47,6016
1710,49,6272
1711,49,6272
1712,49,6272
1713,49,6272
1714,49,6272
1715,48,6144
1716,47,6016
1717,48,6144
1718,49,6272
1719,50,6400
1720,48,6144
1721,49,6272
1722,49,6272
1723,49,6272
1724,49,6272
1725,50,6400
1726,48,6144
1727,49,6272
1728,51,6528
1729,51,6528
1730,50,6400
1731,49,6272
1732,50,6400
1733,49,6272
1734,48,6144
1735,50,6400
1736,50,6400
1737,50,6400
1738,50,6400
1739,50,6400
1740,49,6272
1741,49,6272
1742,49,6272
1743,50,6400
1744,50,6400
1745,50,6400
1746,49,6272
1747,50,6400
1748,50,6400
1749,50,6400
1750,50,6400
1751,50,6400
1752,48,6144
1753,49,6272
1754,49,6272
1755,49,6272
1756,51,6528
1757,48,6144
1758,49,6272
1759,49,6272
1760,48,6144
1761,48,6144
1762,48,6144
1763,47,6016
1764,48,6144
1765,49,6272
1766,49,6272
1767,51,6528
1768,51,6528
1769,50,6400
1770,50,6400
1771,50,6400
1772,49,6272
1773,50,6400
1774,49,6272
1775,50,6400
1776,50,6400
1777,50,6400
1778,50,6400
1779,50,6400
1780,51,6528
1781,48,6144
1782,49,6272
1783,49,6272
1784,47,6016
1785,46,5888
1786,49,6272
1787,48,6144
1788,48,6144
1789,49,6272
1790,50,6400
1791,49,6272
1792,49,6272
1793,49,6272
1794,49,6272
1795,49,6272
1796,49,6272
1797,49,6272
1798,48,6144
1799,49,6272
1800,48,6144
1801,49,6272
1802,49,6272
1803,49,6272
1804,48,6144
1805,50,6400
1806,49,6272
1807,50,6400
1808,49,6272
1809,50,6400
1810,49,6272
1811,48,6144
1812,50,6400
1813,50,6400
1814,49,6272
1815,51,6528
1816,49,6272
1817,50,6400
1818,48,6144
1819,49,6272
1820,50,6400
1821,50,6400
1822,48,6144
1823,48,6144
1824,49,6272
1825,48,6144
1826,48,6144
1827,49,6272
1828,48,6144
1829,48,6144
1830,49,6272
1831,49,6272
1832,49,6272
1833,49,6272
1834,48,6144
1835,48,6144
1836,50,6400
1837,50,6400
1838,49,6272
1839,49,6272
1840,51,6528
1841,49,6272
1842,48,6144
1843,48,6144
1844,48,6144
1845,49,6272
1846,50,6400
1847,49,6272
1848,49,6272
1849,51,6528
1850,50,6400
1851,50,6400
1852,48,6144
1853,51,6528
1854,48,6144
1855,49,6272
1856,48,6144
1857,51,6528
1858,48,6144
1859,50,6400
1860,48,6144
1861,48,6144
1862,47,6016
1863,49,6272
1864,48,6144
1865,48,6144
1866,49,6272
1867,47,6016
1868,47,6016
1869,48,6144
1870,49,6272
1871,47,6016
1872,48,6144
1873,48,6144
1874,49,6272
1875,49,6272
1876,47,6016
1877,46,5888
1878,46,5888
1879,47,6016
1880,47,6016
1881,47,6016
1882,47,6016
1883,48,6144
1884,47,6016
1885,48,6144
1886,50,6400
1887,48,6144
1888,50,6400
1889,48,6144
1890,49,6272
1891,51,6528
1892,50,6400
1893,51,6528
1894,50,6400
1895,50,6400
1896,50,6400
1897,49,6272
1898,51,6528
1899,51,6528
1900,49,6272
1901,50,6400
1902,50,6400
1903,51,6528
1904,51,6528
1905,51,6528
1906,51,6528
1907,51,6528
1908,51,6528
1909,51,6528
1910,52,6656
1911,52,6656
1912,52,6656
1913,51,6528
1914,51,6528
1915,53,6784
1916,51,6528
1917,51,6528
1918,51,6528
1919,51,6528
1920,51,6528
1921,51,6528
1922,51,6528
1923,51,6528
1924,51,6528
1925,52,6656
1926,53,6784
1927,52,6656
1928,53,6784
1929,52,6656
1930,53,6784
1931,53,6784
1932,52,6656
1933,52,6656
1934,52,6656
1935,51,6528
1936,52,6656
1937,53,6784
1938,53,6784
1939,53,6784
1940,52,6656
1941,51,6528
1942,51,6528
1943,51,6528
1944,52,6656
1945,51,6528
1946,51,6528
1947,52,6656
1948,52,6656
1949,51,6528
1950,51,6528
1951,52,6656
1952,51,6528
1953,52,6656
1954,50,6400
1955,50,6400
1956,51,6528
1957,51,6528
1958,52,6656
1959,51,6528
1960,50,6400
1961,52,6656
1962,50,6400
1963,51,6528
1964,51,6528
1965,52,6656
1966,50,6400
1967,51,6528
1968,51,6528
1969,51,6528
1970,50,6400
1971,51,6528
1972,51,6528
1973,51,6528
1974,51,6528
1975,52,6656
1976,51,6528
1977,51,6528
1978,52,6656
1979,53,6784
1980,53,6784
1981,54,6912
1982,52,6656
1983,52,6656
1984,52,6656
1985,54,6912
1986,53,6784
1987,54,6912
1988,54,6912
1989,53,6784
1990,52,6656
1991,53,6784
1992,52,6656
1993,51,6528
1994,52,6656
1995,52,6656
1996,52,6656
1997,52,6656
1998,51,6528
1999,53,6784
2000,52,6656
