RandomSeed,930,Population size:128,Bit Length:64,Crossover Rate:0.7,Mutation Rate:0.005
gen,BestFitness,FitnessEval
1,33.0,4224
2,41.0,5248
3,41.0,5248
4,33.0,4224
5,33.0,4224
6,33.0,4224
7,33.0,4224
8,41.0,5248
9,41.0,5248
10,41.0,5248
11,41.0,5248
12,41.0,5248
13,33.0,4224
14,33.0,4224
15,33.0,4224
16,33.0,4224
17,41.0,5248
18,41.0,5248
19,33.0,4224
20,33.0,4224
21,33.0,4224
22,33.0,4224
23,33.0,4224
24,33.0,4224
25,33.0,4224
26,33.0,4224
27,33.0,4224
28,33.0,4224
29,33.0,4224
30,33.0,4224
31,33.0,4224
32,41.0,5248
33,41.0,5248
34,41.0,5248
35,41.0,5248
36,41.0,5248
37,65.0,8320
38,65.0,8320
39,65.0,8320
40,65.0,8320
41,41.0,5248
42,65.0,8320
43,65.0,8320
44,65.0,8320
45,65.0,8320
46,65.0,8320
47,65.0,8320
48,65.0,8320
49,65.0,8320
50,65.0,8320
51,65.0,8320
52,73.0,9344
53,65.0,8320
54,65.0,8320
55,65.0,8320
56,65.0,8320
57,73.0,9344
58,73.0,9344
59,73.0,9344
60,73.0,9344
61,73.0,9344
62,73.0,9344
63,73.0,9344
64,73.0,9344
65,73.0,9344
66,73.0,9344
67,73.0,9344
68,73.0,9344
69,73.0,9344
70,73.0,9344
71,73.0,9344
72,73.0,9344
73,73.0,9344
74,73.0,9344
75,73.0,9344
76,73.0,9344
77,73.0,9344
78,73.0,9344
79,73.0,9344
80,73.0,9344
81,73.0,9344
82,73.0,9344
83,73.0,9344
84,73.0,9344
85,73.0,9344
86,73.0,9344
87,73.0,9344
88,73.0,9344
89,65.0,8320
90,65.0,8320
91,65.0,8320
92,65.0,8320
93,65.0,8320
94,65.0,8320
95,65.0,8320
96,65.0,8320
97,65.0,8320
98,65.0,8320
99,65.0,8320
100,65.0,8320
101,65.0,8320
102,65.0,8320
103,65.0,8320
104,65.0,8320
105,65.0,8320
106,65.0,8320
107,65.0,8320
108,65.0,8320
109,65.0,8320
110,65.0,8320
111,65.0,8320
112,65.0,8320
113,65.0,8320
114,65.0,8320
115,65.0,8320
116,65.0,8320
117,65.0,8320
118,65.0,8320
119,65.0,8320
120,65.0,8320
121,65.0,8320
122,65.0,8320
123,65.0,8320
124,65.0,8320
125,65.0,8320
126,65.0,8320
127,65.0,8320
128,65.0,8320
129,65.0,8320
130,65.0,8320
131,65.0,8320
132,65.0,8320
133,65.0,8320
134,65.0,8320
135,65.0,8320
136,65.0,8320
137,65.0,8320
138,73.0,9344
139,65.0,8320
140,65.0,8320
141,65.0,8320
142,65.0,8320
143,65.0,8320
144,65.0,8320
145,65.0,8320
146,65.0,8320
147,65.0,8320
148,65.0,8320
149,65.0,8320
150,65.0,8320
151,65.0,8320
152,65.0,8320
153,65.0,8320
154,65.0,8320
155,65.0,8320
156,65.0,8320
157,73.0,9344
158,73.0,9344
159,65.0,8320
160,65.0,8320
161,65.0,8320
162,65.0,8320
163,65.0,8320
164,65.0,8320
165,65.0,8320
166,65.0,8320
167,65.0,8320
168,65.0,8320
169,65.0,8320
170,65.0,8320
171,65.0,8320
172,65.0,8320
173,65.0,8320
174,65.0,8320
175,65.0,8320
176,65.0,8320
177,65.0,8320
178,65.0,8320
179,65.0,8320
180,65.0,8320
181,65.0,8320
182,65.0,8320
183,73.0,9344
184,73.0,9344
185,73.0,9344
186,73.0,9344
187,73.0,9344
188,73.0,9344
189,73.0,9344
190,73.0,9344
191,73.0,9344
192,73.0,9344
193,73.0,9344
194,73.0,9344
195,73.0,9344
196,73.0,9344
197,73.0,9344
198,73.0,9344
199,65.0,8320
200,65.0,8320
201,73.0,9344
202,73.0,9344
203,73.0,9344
204,73.0,9344
205,65.0,8320
206,65.0,8320
207,73.0,9344
208,73.0,9344
209,65.0,8320
210,65.0,8320
211,65.0,8320
212,65.0,8320
213,65.0,8320
214,65.0,8320
215,73.0,9344
216,65.0,8320
217,73.0,9344
218,73.0,9344
219,65.0,8320
220,65.0,8320
221,65.0,8320
222,65.0,8320
223,65.0,8320
224,73.0,9344
225,73.0,9344
226,65.0,8320
227,65.0,8320
228,65.0,8320
229,65.0,8320
230,65.0,8320
231,65.0,8320
232,65.0,8320
233,65.0,8320
234,65.0,8320
235,65.0,8320
236,65.0,8320
237,65.0,8320
238,65.0,8320
239,65.0,8320
240,65.0,8320
241,65.0,8320
242,65.0,8320
243,65.0,8320
244,65.0,8320
245,65.0,8320
246,65.0,8320
247,65.0,8320
248,65.0,8320
249,65.0,8320
250,65.0,8320
251,65.0,8320
252,65.0,8320
253,65.0,8320
254,65.0,8320
255,65.0,8320
256,65.0,8320
257,65.0,8320
258,65.0,8320
259,65.0,8320
260,65.0,8320
261,65.0,8320
262,65.0,8320
263,65.0,8320
264,65.0,8320
265,65.0,8320
266,65.0,8320
267,65.0,8320
268,65.0,8320
269,65.0,8320
270,65.0,8320
271,65.0,8320
272,65.0,8320
273,65.0,8320
274,65.0,8320
275,65.0,8320
276,65.0,8320
277,65.0,8320
278,65.0,8320
279,65.0,8320
280,65.0,8320
281,65.0,8320
282,65.0,8320
283,65.0,8320
284,65.0,8320
285,65.0,8320
286,65.0,8320
287,65.0,8320
288,65.0,8320
289,65.0,8320
290,65.0,8320
291,65.0,8320
292,65.0,8320
293,65.0,8320
294,65.0,8320
295,65.0,8320
296,65.0,8320
297,65.0,8320
298,65.0,8320
299,65.0,8320
300,65.0,8320
301,65.0,8320
302,65.0,8320
303,65.0,8320
304,65.0,8320
305,65.0,8320
306,65.0,8320
307,65.0,8320
308,65.0,8320
309,65.0,8320
310,65.0,8320
311,65.0,8320
312,65.0,8320
313,65.0,8320
314,65.0,8320
315,65.0,8320
316,65.0,8320
317,65.0,8320
318,65.0,8320
319,65.0,8320
320,65.0,8320
321,65.0,8320
322,65.0,8320
323,65.0,8320
324,65.0,8320
325,65.0,8320
326,65.0,8320
327,65.0,8320
328,65.0,8320
329,65.0,8320
330,65.0,8320
331,65.0,8320
332,65.0,8320
333,65.0,8320
334,65.0,8320
335,65.0,8320
336,65.0,8320
337,65.0,8320
338,65.0,8320
339,65.0,8320
340,65.0,8320
341,65.0,8320
342,65.0,8320
343,65.0,8320
344,65.0,8320
345,65.0,8320
346,65.0,8320
347,65.0,8320
348,65.0,8320
349,65.0,8320
350,65.0,8320
351,65.0,8320
352,65.0,8320
353,65.0,8320
354,65.0,8320
355,65.0,8320
356,65.0,8320
357,65.0,8320
358,65.0,8320
359,65.0,8320
360,65.0,8320
361,65.0,8320
362,65.0,8320
363,65.0,8320
364,65.0,8320
365,65.0,8320
366,65.0,8320
367,65.0,8320
368,65.0,8320
369,65.0,8320
370,65.0,8320
371,65.0,8320
372,65.0,8320
373,65.0,8320
374,65.0,8320
375,73.0,9344
376,65.0,8320
377,65.0,8320
378,65.0,8320
379,65.0,8320
380,65.0,8320
381,65.0,8320
382,65.0,8320
383,65.0,8320
384,65.0,8320
385,65.0,8320
386,65.0,8320
387,65.0,8320
388,65.0,8320
389,73.0,9344
390,65.0,8320
391,65.0,8320
392,73.0,9344
393,73.0,9344
394,73.0,9344
395,65.0,8320
396,65.0,8320
397,65.0,8320
398,65.0,8320
399,65.0,8320
400,65.0,8320
401,73.0,9344
402,65.0,8320
403,65.0,8320
404,65.0,8320
405,65.0,8320
406,65.0,8320
407,65.0,8320
408,65.0,8320
409,65.0,8320
410,65.0,8320
411,65.0,8320
412,65.0,8320
413,65.0,8320
414,65.0,8320
415,65.0,8320
416,65.0,8320
417,65.0,8320
418,65.0,8320
419,65.0,8320
420,65.0,8320
421,65.0,8320
422,65.0,8320
423,65.0,8320
424,65.0,8320
425,65.0,8320
426,65.0,8320
427,65.0,8320
428,65.0,8320
429,65.0,8320
430,65.0,8320
431,65.0,8320
432,65.0,8320
433,65.0,8320
434,65.0,8320
435,65.0,8320
436,65.0,8320
437,65.0,8320
438,65.0,8320
439,65.0,8320
440,65.0,8320
441,65.0,8320
442,65.0,8320
443,65.0,8320
444,65.0,8320
445,65.0,8320
446,65.0,8320
447,65.0,8320
448,65.0,8320
449,65.0,8320
450,65.0,8320
451,65.0,8320
452,65.0,8320
453,65.0,8320
454,65.0,8320
455,65.0,8320
456,65.0,8320
457,65.0,8320
458,65.0,8320
459,65.0,8320
460,65.0,8320
461,73.0,9344
462,73.0,9344
463,65.0,8320
464,65.0,8320
465,65.0,8320
466,65.0,8320
467,65.0,8320
468,65.0,8320
469,65.0,8320
470,65.0,8320
471,65.0,8320
472,65.0,8320
473,65.0,8320
474,65.0,8320
475,65.0,8320
476,65.0,8320
477,65.0,8320
478,65.0,8320
479,65.0,8320
480,65.0,8320
481,65.0,8320
482,65.0,8320
483,65.0,8320
484,65.0,8320
485,65.0,8320
486,65.0,8320
487,65.0,8320
488,65.0,8320
489,65.0,8320
490,65.0,8320
491,65.0,8320
492,65.0,8320
493,65.0,8320
494,65.0,8320
495,65.0,8320
496,65.0,8320
497,65.0,8320
498,65.0,8320
499,65.0,8320
500,65.0,8320
501,65.0,8320
502,65.0,8320
503,65.0,8320
504,65.0,8320
505,65.0,8320
506,65.0,8320
507,65.0,8320
508,65.0,8320
509,65.0,8320
510,65.0,8320
511,65.0,8320
512,65.0,8320
513,65.0,8320
514,65.0,8320
515,65.0,8320
516,65.0,8320
517,65.0,8320
518,65.0,8320
519,65.0,8320
520,65.0,8320
521,65.0,8320
522,65.0,8320
523,65.0,8320
524,65.0,8320
525,65.0,8320
526,65.0,8320
527,65.0,8320
528,65.0,8320
529,73.0,9344
530,65.0,8320
531,65.0,8320
532,65.0,8320
533,65.0,8320
534,65.0,8320
535,65.0,8320
536,65.0,8320
537,65.0,8320
538,65.0,8320
539,73.0,9344
540,65.0,8320
541,65.0,8320
542,65.0,8320
543,65.0,8320
544,65.0,8320
545,65.0,8320
546,65.0,8320
547,65.0,8320
548,65.0,8320
549,65.0,8320
550,65.0,8320
551,65.0,8320
552,65.0,8320
553,65.0,8320
554,65.0,8320
555,65.0,8320
556,65.0,8320
557,65.0,8320
558,65.0,8320
559,65.0,8320
560,65.0,8320
561,65.0,8320
562,65.0,8320
563,65.0,8320
564,65.0,8320
565,65.0,8320
566,65.0,8320
567,65.0,8320
568,65.0,8320
569,65.0,8320
570,65.0,8320
571,65.0,8320
572,65.0,8320
573,65.0,8320
574,65.0,8320
575,65.0,8320
576,65.0,8320
577,65.0,8320
578,65.0,8320
579,73.0,9344
580,73.0,9344
581,73.0,9344
582,65.0,8320
583,65.0,8320
584,65.0,8320
585,73.0,9344
586,73.0,9344
587,73.0,9344
588,73.0,9344
589,73.0,9344
590,73.0,9344
591,65.0,8320
592,73.0,9344
593,73.0,9344
594,65.0,8320
595,65.0,8320
596,65.0,8320
597,65.0,8320
598,65.0,8320
599,65.0,8320
600,65.0,8320
601,65.0,8320
602,65.0,8320
603,65.0,8320
604,65.0,8320
605,65.0,8320
606,65.0,8320
607,65.0,8320
608,65.0,8320
609,65.0,8320
610,65.0,8320
611,65.0,8320
612,65.0,8320
613,65.0,8320
614,65.0,8320
615,65.0,8320
616,65.0,8320
617,65.0,8320
618,65.0,8320
619,65.0,8320
620,65.0,8320
621,65.0,8320
622,65.0,8320
623,65.0,8320
624,65.0,8320
625,65.0,8320
626,65.0,8320
627,65.0,8320
628,65.0,8320
629,65.0,8320
630,65.0,8320
631,65.0,8320
632,65.0,8320
633,65.0,8320
634,65.0,8320
635,65.0,8320
636,65.0,8320
637,65.0,8320
638,73.0,9344
639,73.0,9344
640,73.0,9344
641,73.0,9344
642,73.0,9344
643,73.0,9344
644,73.0,9344
645,65.0,8320
646,65.0,8320
647,73.0,9344
648,73.0,9344
649,73.0,9344
650,73.0,9344
651,65.0,8320
652,65.0,8320
653,65.0,8320
654,65.0,8320
655,65.0,8320
656,73.0,9344
657,73.0,9344
658,65.0,8320
659,65.0,8320
660,65.0,8320
661,73.0,9344
662,65.0,8320
663,65.0,8320
664,65.0,8320
665,65.0,8320
666,73.0,9344
667,73.0,9344
668,65.0,8320
669,65.0,8320
670,65.0,8320
671,65.0,8320
672,65.0,8320
673,65.0,8320
674,65.0,8320
675,65.0,8320
676,65.0,8320
677,65.0,8320
678,65.0,8320
679,65.0,8320
680,65.0,8320
681,65.0,8320
682,65.0,8320
683,65.0,8320
684,65.0,8320
685,65.0,8320
686,65.0,8320
687,65.0,8320
688,65.0,8320
689,65.0,8320
690,65.0,8320
691,65.0,8320
692,65.0,8320
693,65.0,8320
694,65.0,8320
695,65.0,8320
696,65.0,8320
697,65.0,8320
698,65.0,8320
699,73.0,9344
700,65.0,8320
701,65.0,8320
702,65.0,8320
703,65.0,8320
704,65.0,8320
705,65.0,8320
706,65.0,8320
707,65.0,8320
708,65.0,8320
709,65.0,8320
710,65.0,8320
711,65.0,8320
712,65.0,8320
713,65.0,8320
714,65.0,8320
715,65.0,8320
716,65.0,8320
717,65.0,8320
718,65.0,8320
719,65.0,8320
720,65.0,8320
721,65.0,8320
722,65.0,8320
723,65.0,8320
724,65.0,8320
725,65.0,8320
726,65.0,8320
727,65.0,8320
728,65.0,8320
729,65.0,8320
730,65.0,8320
731,65.0,8320
732,65.0,8320
733,65.0,8320
734,65.0,8320
735,65.0,8320
736,65.0,8320
737,65.0,8320
738,65.0,8320
739,65.0,8320
740,65.0,8320
741,65.0,8320
742,65.0,8320
743,65.0,8320
744,65.0,8320
745,65.0,8320
746,65.0,8320
747,65.0,8320
748,65.0,8320
749,65.0,8320
750,65.0,8320
751,65.0,8320
752,65.0,8320
753,65.0,8320
754,65.0,8320
755,65.0,8320
756,65.0,8320
757,65.0,8320
758,65.0,8320
759,65.0,8320
760,65.0,8320
761,65.0,8320
762,73.0,9344
763,65.0,8320
764,65.0,8320
765,65.0,8320
766,65.0,8320
767,65.0,8320
768,65.0,8320
769,65.0,8320
770,65.0,8320
771,65.0,8320
772,65.0,8320
773,65.0,8320
774,65.0,8320
775,65.0,8320
776,65.0,8320
777,65.0,8320
778,65.0,8320
779,65.0,8320
780,65.0,8320
781,65.0,8320
782,65.0,8320
783,65.0,8320
784,65.0,8320
785,65.0,8320
786,65.0,8320
787,65.0,8320
788,65.0,8320
789,65.0,8320
790,65.0,8320
791,65.0,8320
792,73.0,9344
793,73.0,9344
794,73.0,9344
795,73.0,9344
796,65.0,8320
797,65.0,8320
798,65.0,8320
799,65.0,8320
800,65.0,8320
801,65.0,8320
802,73.0,9344
803,65.0,8320
804,65.0,8320
805,65.0,8320
806,65.0,8320
807,65.0,8320
808,65.0,8320
809,65.0,8320
810,65.0,8320
811,65.0,8320
812,65.0,8320
813,65.0,8320
814,65.0,8320
815,65.0,8320
816,65.0,8320
817,65.0,8320
818,65.0,8320
819,65.0,8320
820,65.0,8320
821,65.0,8320
822,65.0,8320
823,65.0,8320
824,65.0,8320
825,65.0,8320
826,73.0,9344
827,73.0,9344
828,65.0,8320
829,65.0,8320
830,65.0,8320
831,65.0,8320
832,65.0,8320
833,65.0,8320
834,65.0,8320
835,65.0,8320
836,65.0,8320
837,65.0,8320
838,65.0,8320
839,65.0,8320
840,65.0,8320
841,65.0,8320
842,65.0,8320
843,65.0,8320
844,65.0,8320
845,65.0,8320
846,65.0,8320
847,65.0,8320
848,65.0,8320
849,65.0,8320
850,65.0,8320
851,65.0,8320
852,65.0,8320
853,65.0,8320
854,65.0,8320
855,65.0,8320
856,65.0,8320
857,65.0,8320
858,65.0,8320
859,65.0,8320
860,65.0,8320
861,65.0,8320
862,65.0,8320
863,65.0,8320
864,65.0,8320
865,65.0,8320
866,65.0,8320
867,65.0,8320
868,65.0,8320
869,65.0,8320
870,65.0,8320
871,65.0,8320
872,65.0,8320
873,65.0,8320
874,65.0,8320
875,65.0,8320
876,65.0,8320
877,65.0,8320
878,65.0,8320
879,65.0,8320
880,65.0,8320
881,65.0,8320
882,65.0,8320
883,65.0,8320
884,65.0,8320
885,65.0,8320
886,65.0,8320
887,65.0,8320
888,65.0,8320
889,65.0,8320
890,65.0,8320
891,65.0,8320
892,65.0,8320
893,65.0,8320
894,65.0,8320
895,65.0,8320
896,65.0,8320
897,65.0,8320
898,65.0,8320
899,65.0,8320
900,65.0,8320
901,65.0,8320
902,65.0,8320
903,65.0,8320
904,65.0,8320
905,65.0,8320
906,65.0,8320
907,73.0,9344
908,73.0,9344
909,73.0,9344
910,73.0,9344
911,73.0,9344
912,73.0,9344
913,73.0,9344
914,73.0,9344
915,73.0,9344
916,73.0,9344
917,73.0,9344
918,65.0,8320
919,65.0,8320
920,73.0,9344
921,65.0,8320
922,65.0,8320
923,65.0,8320
924,65.0,8320
925,65.0,8320
926,65.0,8320
927,65.0,8320
928,65.0,8320
929,65.0,8320
930,65.0,8320
931,65.0,8320
932,65.0,8320
933,65.0,8320
934,65.0,8320
935,65.0,8320
936,65.0,8320
937,65.0,8320
938,65.0,8320
939,65.0,8320
940,65.0,8320
941,65.0,8320
942,73.0,9344
943,65.0,8320
944,65.0,8320
945,65.0,8320
946,65.0,8320
947,65.0,8320
948,65.0,8320
949,65.0,8320
950,73.0,9344
951,65.0,8320
952,65.0,8320
953,65.0,8320
954,65.0,8320
955,65.0,8320
956,65.0,8320
957,65.0,8320
958,65.0,8320
959,65.0,8320
960,65.0,8320
961,65.0,8320
962,65.0,8320
963,65.0,8320
964,65.0,8320
965,65.0,8320
966,65.0,8320
967,65.0,8320
968,65.0,8320
969,65.0,8320
970,65.0,8320
971,65.0,8320
972,65.0,8320
973,65.0,8320
974,65.0,8320
975,65.0,8320
976,65.0,8320
977,65.0,8320
978,65.0,8320
979,65.0,8320
980,65.0,8320
981,65.0,8320
982,65.0,8320
983,65.0,8320
984,65.0,8320
985,65.0,8320
986,65.0,8320
987,65.0,8320
988,65.0,8320
989,65.0,8320
990,65.0,8320
991,65.0,8320
992,65.0,8320
993,65.0,8320
994,65.0,8320
995,65.0,8320
996,65.0,8320
997,65.0,8320
998,65.0,8320
999,65.0,8320
1000,65.0,8320
1001,65.0,8320
1002,65.0,8320
1003,65.0,8320
1004,65.0,8320
1005,65.0,8320
1006,65.0,8320
1007,65.0,8320
1008,65.0,8320
1009,65.0,8320
1010,65.0,8320
1011,65.0,8320
1012,65.0,8320
1013,65.0,8320
1014,65.0,8320
1015,65.0,8320
1016,65.0,8320
1017,65.0,8320
1018,65.0,8320
1019,65.0,8320
1020,65.0,8320
1021,65.0,8320
1022,65.0,8320
1023,65.0,8320
1024,65.0,8320
1025,65.0,8320
1026,65.0,8320
1027,65.0,8320
1028,65.0,8320
1029,65.0,8320
1030,65.0,8320
1031,65.0,8320
1032,65.0,8320
1033,65.0,8320
1034,65.0,8320
1035,65.0,8320
1036,65.0,8320
1037,65.0,8320
1038,65.0,8320
1039,65.0,8320
1040,65.0,8320
1041,65.0,8320
1042,65.0,8320
1043,65.0,8320
1044,65.0,8320
1045,65.0,8320
1046,65.0,8320
1047,65.0,8320
1048,65.0,8320
1049,65.0,8320
1050,65.0,8320
1051,65.0,8320
1052,65.0,8320
1053,65.0,8320
1054,65.0,8320
1055,65.0,8320
1056,65.0,8320
1057,65.0,8320
1058,65.0,8320
1059,65.0,8320
1060,65.0,8320
1061,65.0,8320
1062,65.0,8320
1063,65.0,8320
1064,65.0,8320
1065,65.0,8320
1066,65.0,8320
1067,65.0,8320
1068,65.0,8320
1069,65.0,8320
1070,65.0,8320
1071,65.0,8320
1072,65.0,8320
1073,65.0,8320
1074,65.0,8320
1075,65.0,8320
1076,65.0,8320
1077,65.0,8320
1078,65.0,8320
1079,65.0,8320
1080,65.0,8320
1081,65.0,8320
1082,65.0,8320
1083,65.0,8320
1084,65.0,8320
1085,65.0,8320
1086,65.0,8320
1087,65.0,8320
1088,65.0,8320
1089,65.0,8320
1090,65.0,8320
1091,65.0,8320
1092,65.0,8320
1093,65.0,8320
1094,65.0,8320
1095,65.0,8320
1096,65.0,8320
1097,65.0,8320
1098,65.0,8320
1099,65.0,8320
1100,65.0,8320
1101,65.0,8320
1102,65.0,8320
1103,65.0,8320
1104,65.0,8320
1105,65.0,8320
1106,65.0,8320
1107,65.0,8320
1108,65.0,8320
1109,65.0,8320
1110,65.0,8320
1111,65.0,8320
1112,65.0,8320
1113,65.0,8320
1114,65.0,8320
1115,65.0,8320
1116,65.0,8320
1117,65.0,8320
1118,65.0,8320
1119,65.0,8320
1120,65.0,8320
1121,65.0,8320
1122,65.0,8320
1123,65.0,8320
1124,65.0,8320
1125,65.0,8320
1126,65.0,8320
1127,73.0,9344
1128,65.0,8320
1129,65.0,8320
1130,65.0,8320
1131,65.0,8320
1132,65.0,8320
1133,65.0,8320
1134,65.0,8320
1135,65.0,8320
1136,65.0,8320
1137,65.0,8320
1138,65.0,8320
1139,65.0,8320
1140,65.0,8320
1141,65.0,8320
1142,65.0,8320
1143,65.0,8320
1144,65.0,8320
1145,65.0,8320
1146,65.0,8320
1147,65.0,8320
1148,65.0,8320
1149,65.0,8320
1150,65.0,8320
1151,65.0,8320
1152,65.0,8320
1153,65.0,8320
1154,65.0,8320
1155,65.0,8320
1156,65.0,8320
1157,65.0,8320
1158,65.0,8320
1159,65.0,8320
1160,65.0,8320
1161,65.0,8320
1162,65.0,8320
1163,65.0,8320
1164,65.0,8320
1165,65.0,8320
1166,65.0,8320
1167,65.0,8320
1168,65.0,8320
1169,65.0,8320
1170,65.0,8320
1171,65.0,8320
1172,65.0,8320
1173,65.0,8320
1174,65.0,8320
1175,65.0,8320
1176,65.0,8320
1177,65.0,8320
1178,65.0,8320
1179,65.0,8320
1180,65.0,8320
1181,65.0,8320
1182,65.0,8320
1183,65.0,8320
1184,65.0,8320
1185,65.0,8320
1186,65.0,8320
1187,65.0,8320
1188,65.0,8320
1189,65.0,8320
1190,65.0,8320
1191,65.0,8320
1192,65.0,8320
1193,73.0,9344
1194,65.0,8320
1195,65.0,8320
1196,65.0,8320
1197,65.0,8320
1198,65.0,8320
1199,65.0,8320
1200,73.0,9344
1201,73.0,9344
1202,73.0,9344
1203,73.0,9344
1204,65.0,8320
1205,65.0,8320
1206,73.0,9344
1207,73.0,9344
1208,65.0,8320
1209,65.0,8320
1210,65.0,8320
1211,65.0,8320
1212,65.0,8320
1213,65.0,8320
1214,65.0,8320
1215,65.0,8320
1216,65.0,8320
1217,73.0,9344
1218,65.0,8320
1219,73.0,9344
1220,73.0,9344
1221,73.0,9344
1222,73.0,9344
1223,65.0,8320
1224,65.0,8320
1225,73.0,9344
1226,73.0,9344
1227,73.0,9344
1228,73.0,9344
1229,73.0,9344
1230,73.0,9344
1231,73.0,9344
1232,73.0,9344
1233,73.0,9344
1234,73.0,9344
1235,73.0,9344
1236,73.0,9344
1237,73.0,9344
1238,73.0,9344
1239,73.0,9344
1240,73.0,9344
1241,73.0,9344
1242,73.0,9344
1243,73.0,9344
1244,73.0,9344
1245,65.0,8320
1246,65.0,8320
1247,65.0,8320
1248,73.0,9344
1249,65.0,8320
1250,65.0,8320
1251,73.0,9344
1252,73.0,9344
1253,73.0,9344
1254,73.0,9344
1255,73.0,9344
1256,73.0,9344
1257,73.0,9344
1258,73.0,9344
1259,73.0,9344
1260,73.0,9344
1261,73.0,9344
1262,73.0,9344
1263,65.0,8320
1264,65.0,8320
1265,65.0,8320
1266,73.0,9344
1267,73.0,9344
1268,65.0,8320
1269,73.0,9344
1270,65.0,8320
1271,73.0,9344
1272,65.0,8320
1273,65.0,8320
1274,65.0,8320
1275,65.0,8320
1276,65.0,8320
1277,73.0,9344
1278,65.0,8320
1279,65.0,8320
1280,65.0,8320
1281,65.0,8320
1282,65.0,8320
1283,65.0,8320
1284,65.0,8320
1285,65.0,8320
1286,65.0,8320
1287,65.0,8320
1288,65.0,8320
1289,65.0,8320
1290,65.0,8320
1291,65.0,8320
1292,65.0,8320
1293,65.0,8320
1294,65.0,8320
1295,65.0,8320
1296,65.0,8320
1297,65.0,8320
1298,65.0,8320
1299,65.0,8320
1300,65.0,8320
1301,65.0,8320
1302,65.0,8320
1303,65.0,8320
1304,65.0,8320
1305,65.0,8320
1306,65.0,8320
1307,65.0,8320
1308,65.0,8320
1309,65.0,8320
1310,65.0,8320
1311,65.0,8320
1312,65.0,8320
1313,65.0,8320
1314,65.0,8320
1315,65.0,8320
1316,65.0,8320
1317,65.0,8320
1318,73.0,9344
1319,65.0,8320
1320,65.0,8320
1321,65.0,8320
1322,65.0,8320
1323,65.0,8320
1324,65.0,8320
1325,65.0,8320
1326,65.0,8320
1327,65.0,8320
1328,65.0,8320
1329,65.0,8320
1330,65.0,8320
1331,65.0,8320
1332,65.0,8320
1333,65.0,8320
1334,65.0,8320
1335,65.0,8320
1336,65.0,8320
1337,65.0,8320
1338,65.0,8320
1339,65.0,8320
1340,65.0,8320
1341,65.0,8320
1342,65.0,8320
1343,65.0,8320
1344,65.0,8320
1345,65.0,8320
1346,65.0,8320
1347,65.0,8320
1348,65.0,8320
1349,65.0,8320
1350,65.0,8320
1351,65.0,8320
1352,65.0,8320
1353,65.0,8320
1354,65.0,8320
1355,65.0,8320
1356,65.0,8320
1357,65.0,8320
1358,65.0,8320
1359,65.0,8320
1360,65.0,8320
1361,65.0,8320
1362,65.0,8320
1363,65.0,8320
1364,65.0,8320
1365,65.0,8320
1366,65.0,8320
1367,65.0,8320
1368,65.0,8320
1369,65.0,8320
1370,65.0,8320
1371,65.0,8320
1372,65.0,8320
1373,65.0,8320
1374,65.0,8320
1375,65.0,8320
1376,65.0,8320
1377,65.0,8320
1378,65.0,8320
1379,65.0,8320
1380,65.0,8320
1381,65.0,8320
1382,65.0,8320
1383,65.0,8320
1384,65.0,8320
1385,65.0,8320
1386,65.0,8320
1387,65.0,8320
1388,65.0,8320
1389,65.0,8320
1390,65.0,8320
1391,65.0,8320
1392,65.0,8320
1393,65.0,8320
1394,65.0,8320
1395,65.0,8320
1396,65.0,8320
1397,65.0,8320
1398,65.0,8320
1399,65.0,8320
1400,65.0,8320
1401,65.0,8320
1402,65.0,8320
1403,65.0,8320
1404,65.0,8320
1405,65.0,8320
1406,65.0,8320
1407,65.0,8320
1408,65.0,8320
1409,65.0,8320
1410,65.0,8320
1411,65.0,8320
1412,65.0,8320
1413,65.0,8320
1414,65.0,8320
1415,65.0,8320
1416,65.0,8320
1417,65.0,8320
1418,65.0,8320
1419,65.0,8320
1420,65.0,8320
1421,65.0,8320
1422,65.0,8320
1423,65.0,8320
1424,65.0,8320
1425,65.0,8320
1426,65.0,8320
1427,65.0,8320
1428,65.0,8320
1429,65.0,8320
1430,65.0,8320
1431,65.0,8320
1432,65.0,8320
1433,65.0,8320
1434,65.0,8320
1435,65.0,8320
1436,65.0,8320
1437,65.0,8320
1438,65.0,8320
1439,65.0,8320
1440,65.0,8320
1441,65.0,8320
1442,65.0,8320
1443,65.0,8320
1444,65.0,8320
1445,65.0,8320
1446,65.0,8320
1447,65.0,8320
1448,65.0,8320
1449,65.0,8320
1450,65.0,8320
1451,65.0,8320
1452,65.0,8320
1453,65.0,8320
1454,65.0,8320
1455,65.0,8320
1456,65.0,8320
1457,65.0,8320
1458,65.0,8320
1459,65.0,8320
1460,65.0,8320
1461,65.0,8320
1462,65.0,8320
1463,65.0,8320
1464,65.0,8320
1465,73.0,9344
1466,65.0,8320
1467,65.0,8320
1468,65.0,8320
1469,65.0,8320
1470,65.0,8320
1471,65.0,8320
1472,65.0,8320
1473,65.0,8320
1474,65.0,8320
1475,65.0,8320
1476,65.0,8320
1477,65.0,8320
1478,65.0,8320
1479,65.0,8320
1480,65.0,8320
1481,65.0,8320
1482,65.0,8320
1483,65.0,8320
1484,65.0,8320
1485,65.0,8320
1486,65.0,8320
1487,65.0,8320
1488,65.0,8320
1489,65.0,8320
1490,65.0,8320
1491,65.0,8320
1492,65.0,8320
1493,65.0,8320
1494,65.0,8320
1495,65.0,8320
1496,65.0,8320
1497,65.0,8320
1498,65.0,8320
1499,65.0,8320
1500,65.0,8320
1501,65.0,8320
1502,65.0,8320
1503,65.0,8320
1504,65.0,8320
1505,65.0,8320
1506,65.0,8320
1507,65.0,8320
1508,65.0,8320
1509,65.0,8320
1510,65.0,8320
1511,65.0,8320
1512,65.0,8320
1513,65.0,8320
1514,65.0,8320
1515,65.0,8320
1516,65.0,8320
1517,65.0,8320
1518,65.0,8320
1519,65.0,8320
1520,65.0,8320
1521,65.0,8320
1522,65.0,8320
1523,65.0,8320
1524,65.0,8320
1525,65.0,8320
1526,65.0,8320
1527,65.0,8320
1528,65.0,8320
1529,65.0,8320
1530,65.0,8320
1531,65.0,8320
1532,65.0,8320
1533,65.0,8320
1534,65.0,8320
1535,65.0,8320
1536,65.0,8320
1537,65.0,8320
1538,65.0,8320
1539,65.0,8320
1540,65.0,8320
1541,65.0,8320
1542,65.0,8320
1543,65.0,8320
1544,65.0,8320
1545,65.0,8320
1546,65.0,8320
1547,65.0,8320
1548,65.0,8320
1549,65.0,8320
1550,65.0,8320
1551,65.0,8320
1552,65.0,8320
1553,65.0,8320
1554,65.0,8320
1555,65.0,8320
1556,65.0,8320
1557,65.0,8320
1558,65.0,8320
1559,65.0,8320
1560,65.0,8320
1561,65.0,8320
1562,65.0,8320
1563,65.0,8320
1564,65.0,8320
1565,65.0,8320
1566,65.0,8320
1567,65.0,8320
1568,65.0,8320
1569,65.0,8320
1570,65.0,8320
1571,65.0,8320
1572,65.0,8320
1573,65.0,8320
1574,65.0,8320
1575,65.0,8320
1576,65.0,8320
1577,65.0,8320
1578,65.0,8320
1579,65.0,8320
1580,65.0,8320
1581,65.0,8320
1582,65.0,8320
1583,65.0,8320
1584,65.0,8320
1585,65.0,8320
1586,65.0,8320
1587,65.0,8320
1588,65.0,8320
1589,65.0,8320
1590,65.0,8320
1591,65.0,8320
1592,65.0,8320
1593,65.0,8320
1594,65.0,8320
1595,65.0,8320
1596,65.0,8320
1597,65.0,8320
1598,65.0,8320
1599,65.0,8320
1600,65.0,8320
1601,65.0,8320
1602,65.0,8320
1603,73.0,9344
1604,65.0,8320
1605,65.0,8320
1606,65.0,8320
1607,65.0,8320
1608,65.0,8320
1609,65.0,8320
1610,65.0,8320
1611,65.0,8320
1612,65.0,8320
1613,65.0,8320
1614,65.0,8320
1615,65.0,8320
1616,73.0,9344
1617,65.0,8320
1618,65.0,8320
1619,73.0,9344
1620,65.0,8320
1621,65.0,8320
1622,65.0,8320
1623,65.0,8320
1624,65.0,8320
1625,65.0,8320
1626,65.0,8320
1627,65.0,8320
1628,65.0,8320
1629,65.0,8320
1630,65.0,8320
1631,65.0,8320
1632,65.0,8320
1633,65.0,8320
1634,65.0,8320
1635,65.0,8320
1636,65.0,8320
1637,65.0,8320
1638,65.0,8320
1639,65.0,8320
1640,73.0,9344
1641,73.0,9344
1642,65.0,8320
1643,65.0,8320
1644,65.0,8320
1645,65.0,8320
1646,65.0,8320
1647,65.0,8320
1648,65.0,8320
1649,65.0,8320
1650,65.0,8320
1651,65.0,8320
1652,65.0,8320
1653,65.0,8320
1654,65.0,8320
1655,73.0,9344
1656,65.0,8320
1657,65.0,8320
1658,65.0,8320
1659,65.0,8320
1660,65.0,8320
1661,65.0,8320
1662,65.0,8320
1663,65.0,8320
1664,65.0,8320
1665,65.0,8320
1666,65.0,8320
1667,65.0,8320
1668,65.0,8320
1669,65.0,8320
1670,65.0,8320
1671,65.0,8320
1672,65.0,8320
1673,65.0,8320
1674,65.0,8320
1675,65.0,8320
1676,65.0,8320
1677,65.0,8320
1678,65.0,8320
1679,65.0,8320
1680,65.0,8320
1681,65.0,8320
1682,65.0,8320
1683,65.0,8320
1684,65.0,8320
1685,65.0,8320
1686,65.0,8320
1687,65.0,8320
1688,65.0,8320
1689,65.0,8320
1690,65.0,8320
1691,65.0,8320
1692,65.0,8320
1693,65.0,8320
1694,65.0,8320
1695,65.0,8320
1696,65.0,8320
1697,65.0,8320
1698,65.0,8320
1699,65.0,8320
1700,65.0,8320
1701,65.0,8320
1702,65.0,8320
1703,65.0,8320
1704,65.0,8320
1705,65.0,8320
1706,65.0,8320
1707,65.0,8320
1708,65.0,8320
1709,65.0,8320
1710,65.0,8320
1711,65.0,8320
1712,65.0,8320
1713,65.0,8320
1714,65.0,8320
1715,65.0,8320
1716,65.0,8320
1717,65.0,8320
1718,65.0,8320
1719,65.0,8320
1720,65.0,8320
1721,65.0,8320
1722,65.0,8320
1723,65.0,8320
1724,65.0,8320
1725,65.0,8320
1726,65.0,8320
1727,65.0,8320
1728,65.0,8320
1729,65.0,8320
1730,65.0,8320
1731,65.0,8320
1732,65.0,8320
1733,65.0,8320
1734,65.0,8320
1735,65.0,8320
1736,65.0,8320
1737,65.0,8320
1738,65.0,8320
1739,65.0,8320
1740,65.0,8320
1741,65.0,8320
1742,65.0,8320
1743,65.0,8320
1744,65.0,8320
1745,65.0,8320
1746,65.0,8320
1747,65.0,8320
1748,65.0,8320
1749,65.0,8320
1750,65.0,8320
1751,65.0,8320
1752,65.0,8320
1753,65.0,8320
1754,65.0,8320
1755,65.0,8320
1756,65.0,8320
1757,65.0,8320
1758,65.0,8320
1759,65.0,8320
1760,65.0,8320
1761,65.0,8320
1762,65.0,8320
1763,65.0,8320
1764,65.0,8320
1765,65.0,8320
1766,65.0,8320
1767,65.0,8320
1768,65.0,8320
1769,65.0,8320
1770,65.0,8320
1771,65.0,8320
1772,65.0,8320
1773,65.0,8320
1774,65.0,8320
1775,65.0,8320
1776,65.0,8320
1777,65.0,8320
1778,65.0,8320
1779,65.0,8320
1780,65.0,8320
1781,65.0,8320
1782,65.0,8320
1783,65.0,8320
1784,65.0,8320
1785,65.0,8320
1786,65.0,8320
1787,65.0,8320
1788,65.0,8320
1789,65.0,8320
1790,65.0,8320
1791,65.0,8320
1792,65.0,8320
1793,65.0,8320
1794,65.0,8320
1795,65.0,8320
1796,65.0,8320
1797,65.0,8320
1798,65.0,8320
1799,65.0,8320
1800,65.0,8320
1801,65.0,8320
1802,65.0,8320
1803,65.0,8320
1804,65.0,8320
1805,65.0,8320
1806,65.0,8320
1807,65.0,8320
1808,65.0,8320
1809,65.0,8320
1810,65.0,8320
1811,65.0,8320
1812,65.0,8320
1813,65.0,8320
1814,65.0,8320
1815,65.0,8320
1816,65.0,8320
1817,65.0,8320
1818,65.0,8320
1819,65.0,8320
1820,65.0,8320
1821,65.0,8320
1822,65.0,8320
1823,65.0,8320
1824,65.0,8320
1825,65.0,8320
1826,65.0,8320
1827,65.0,8320
1828,65.0,8320
1829,73.0,9344
1830,73.0,9344
1831,65.0,8320
1832,65.0,8320
1833,65.0,8320
1834,65.0,8320
1835,65.0,8320
1836,65.0,8320
1837,65.0,8320
1838,65.0,8320
1839,65.0,8320
1840,65.0,8320
1841,65.0,8320
1842,65.0,8320
1843,65.0,8320
1844,65.0,8320
1845,65.0,8320
1846,65.0,8320
1847,65.0,8320
1848,65.0,8320
1849,65.0,8320
1850,65.0,8320
1851,65.0,8320
1852,65.0,8320
1853,65.0,8320
1854,65.0,8320
1855,65.0,8320
1856,65.0,8320
1857,65.0,8320
1858,65.0,8320
1859,65.0,8320
1860,65.0,8320
1861,65.0,8320
1862,65.0,8320
1863,65.0,8320
1864,65.0,8320
1865,65.0,8320
1866,65.0,8320
1867,65.0,8320
1868,65.0,8320
1869,65.0,8320
1870,65.0,8320
1871,65.0,8320
1872,65.0,8320
1873,65.0,8320
1874,65.0,8320
1875,65.0,8320
1876,65.0,8320
1877,65.0,8320
1878,65.0,8320
1879,65.0,8320
1880,65.0,8320
1881,65.0,8320
1882,65.0,8320
1883,65.0,8320
1884,65.0,8320
1885,65.0,8320
1886,65.0,8320
1887,65.0,8320
1888,65.0,8320
1889,65.0,8320
1890,65.0,8320
1891,65.0,8320
1892,65.0,8320
1893,65.0,8320
1894,65.0,8320
1895,65.0,8320
1896,65.0,8320
1897,73.0,9344
1898,65.0,8320
1899,65.0,8320
1900,65.0,8320
1901,65.0,8320
1902,65.0,8320
1903,65.0,8320
1904,65.0,8320
1905,65.0,8320
1906,65.0,8320
1907,65.0,8320
1908,65.0,8320
1909,65.0,8320
1910,65.0,8320
1911,65.0,8320
1912,65.0,8320
1913,65.0,8320
1914,65.0,8320
1915,65.0,8320
1916,65.0,8320
1917,65.0,8320
1918,65.0,8320
1919,65.0,8320
1920,65.0,8320
1921,65.0,8320
1922,65.0,8320
1923,65.0,8320
1924,65.0,8320
1925,65.0,8320
1926,65.0,8320
1927,65.0,8320
1928,65.0,8320
1929,65.0,8320
1930,65.0,8320
1931,65.0,8320
1932,65.0,8320
1933,65.0,8320
1934,65.0,8320
1935,65.0,8320
1936,65.0,8320
1937,65.0,8320
1938,65.0,8320
1939,65.0,8320
1940,65.0,8320
1941,65.0,8320
1942,65.0,8320
1943,65.0,8320
1944,65.0,8320
1945,65.0,8320
1946,65.0,8320
1947,65.0,8320
1948,65.0,8320
1949,65.0,8320
1950,65.0,8320
1951,65.0,8320
1952,65.0,8320
1953,65.0,8320
1954,65.0,8320
1955,65.0,8320
1956,65.0,8320
1957,65.0,8320
1958,65.0,8320
1959,65.0,8320
1960,65.0,8320
1961,65.0,8320
1962,65.0,8320
1963,65.0,8320
1964,65.0,8320
1965,65.0,8320
1966,65.0,8320
1967,73.0,9344
1968,65.0,8320
1969,65.0,8320
1970,65.0,8320
1971,65.0,8320
1972,65.0,8320
1973,65.0,8320
1974,65.0,8320
1975,65.0,8320
1976,65.0,8320
1977,65.0,8320
1978,65.0,8320
1979,65.0,8320
1980,65.0,8320
1981,65.0,8320
1982,65.0,8320
1983,65.0,8320
1984,65.0,8320
1985,65.0,8320
1986,65.0,8320
1987,65.0,8320
1988,65.0,8320
1989,65.0,8320
1990,65.0,8320
1991,65.0,8320
1992,65.0,8320
1993,65.0,8320
1994,65.0,8320
1995,65.0,8320
1996,65.0,8320
1997,65.0,8320
1998,65.0,8320
1999,65.0,8320
2000,65.0,8320
