RandomSeed,66702,Population size:128,Bit Length:64,Crossover Rate:0.7,Mutation Rate:0.005
gen,BestFitness,FitnessEval
1,42,5376
2,43,5504
3,46,5888
4,46,5888
5,46,5888
6,48,6144
7,46,5888
8,45,5760
9,45,5760
10,44,5632
11,45,5760
12,44,5632
13,44,5632
14,45,5760
15,44,5632
16,46,5888
17,45,5760
18,47,6016
19,45,5760
20,45,5760
21,45,5760
22,47,6016
23,46,5888
24,46,5888
25,46,5888
26,46,5888
27,48,6144
28,48,6144
29,49,6272
30,51,6528
31,46,5888
32,46,5888
33,47,6016
34,47,6016
35,46,5888
36,47,6016
37,48,6144
38,49,6272
39,48,6144
40,46,5888
41,46,5888
42,47,6016
43,49,6272
44,47,6016
45,49,6272
46,47,6016
47,46,5888
48,47,6016
49,46,5888
50,49,6272
51,47,6016
52,47,6016
53,50,6400
54,50,6400
55,50,6400
56,49,6272
57,49,6272
58,48,6144
59,50,6400
60,50,6400
61,51,6528
62,49,6272
63,48,6144
64,48,6144
65,48,6144
66,48,6144
67,48,6144
68,50,6400
69,49,6272
70,48,6144
71,49,6272
72,49,6272
73,50,6400
74,50,6400
75,49,6272
76,49,6272
77,50,6400
78,50,6400
79,51,6528
80,51,6528
81,51,6528
82,51,6528
83,48,6144
84,50,6400
85,49,6272
86,47,6016
87,48,6144
88,51,6528
89,51,6528
90,50,6400
91,49,6272
92,48,6144
93,49,6272
94,47,6016
95,49,6272
96,48,6144
97,48,6144
98,49,6272
99,48,6144
100,47,6016
101,47,6016
102,48,6144
103,49,6272
104,47,6016
105,49,6272
106,48,6144
107,47,6016
108,48,6144
109,48,6144
110,48,6144
111,49,6272
112,49,6272
113,48,6144
114,48,6144
115,48,6144
116,50,6400
117,49,6272
118,49,6272
119,50,6400
120,51,6528
121,51,6528
122,50,6400
123,50,6400
124,49,6272
125,50,6400
126,50,6400
127,49,6272
128,50,6400
129,51,6528
130,53,6784
131,52,6656
132,52,6656
133,51,6528
134,52,6656
135,53,6784
136,53,6784
137,54,6912
138,54,6912
139,53,6784
140,54,6912
141,54,6912
142,54,6912
143,55,7040
144,55,7040
145,56,7168
146,55,7040
147,55,7040
148,56,7168
149,55,7040
150,55,7040
151,57,7296
152,56,7168
153,57,7296
154,58,7424
155,57,7296
156,57,7296
157,57,7296
158,56,7168
159,56,7168
160,56,7168
161,56,7168
162,56,7168
163,55,7040
164,57,7296
165,57,7296
166,58,7424
167,58,7424
168,58,7424
169,58,7424
170,56,7168
171,57,7296
172,57,7296
173,56,7168
174,56,7168
175,57,7296
176,57,7296
177,57,7296
178,57,7296
179,57,7296
180,57,7296
181,57,7296
182,57,7296
183,57,7296
184,57,7296
185,56,7168
186,56,7168
187,57,7296
188,57,7296
189,56,7168
190,56,7168
191,57,7296
192,56,7168
193,57,7296
194,57,7296
195,57,7296
196,58,7424
197,58,7424
198,57,7296
199,56,7168
200,57,7296
201,56,7168
202,56,7168
203,57,7296
204,56,7168
205,56,7168
206,56,7168
207,56,7168
208,57,7296
209,57,7296
210,57,7296
211,58,7424
212,58,7424
213,58,7424
214,56,7168
215,58,7424
216,58,7424
217,57,7296
218,57,7296
219,56,7168
220,56,7168
221,56,7168
222,58,7424
223,57,7296
224,57,7296
225,57,7296
226,57,7296
227,57,7296
228,55,7040
229,55,7040
230,56,7168
231,55,7040
232,55,7040
233,55,7040
234,55,7040
235,54,6912
236,55,7040
237,54,6912
238,55,7040
239,55,7040
240,55,7040
241,55,7040
242,55,7040
243,56,7168
244,56,7168
245,55,7040
246,55,7040
247,54,6912
248,54,6912
249,54,6912
250,54,6912
251,55,7040
252,56,7168
253,56,7168
254,56,7168
255,56,7168
256,55,7040
257,54,6912
258,55,7040
259,53,6784
260,53,6784
261,53,6784
262,55,7040
263,54,6912
264,54,6912
265,54,6912
266,53,6784
267,53,6784
268,52,6656
269,52,6656
270,53,6784
271,53,6784
272,54,6912
273,54,6912
274,54,6912
275,54,6912
276,54,6912
277,53,6784
278,53,6784
279,53,6784
280,53,6784
281,52,6656
282,54,6912
283,51,6528
284,53,6784
285,52,6656
286,53,6784
287,54,6912
288,51,6528
289,51,6528
290,53,6784
291,52,6656
292,52,6656
293,52,6656
294,52,6656
295,53,6784
296,53,6784
297,52,6656
298,52,6656
299,52,6656
300,52,6656
301,50,6400
302,51,6528
303,50,6400
304,51,6528
305,52,6656
306,52,6656
307,51,6528
308,51,6528
309,53,6784
310,52,6656
311,54,6912
312,54,6912
313,54,6912
314,54,6912
315,55,7040
316,54,6912
317,55,7040
318,54,6912
319,56,7168
320,55,7040
321,55,7040
322,56,7168
323,56,7168
324,56,7168
325,53,6784
326,54,6912
327,52,6656
328,50,6400
329,51,6528
330,51,6528
331,53,6784
332,51,6528
333,52,6656
334,53,6784
335,53,6784
336,53,6784
337,53,6784
338,53,6784
339,53,6784
340,54,6912
341,53,6784
342,53,6784
343,54,6912
344,54,6912
345,56,7168
346,53,6784
347,53,6784
348,54,6912
349,54,6912
350,54,6912
351,54,6912
352,55,7040
353,55,7040
354,54,6912
355,55,7040
356,56,7168
357,55,7040
358,54,6912
359,56,7168
360,55,7040
361,54,6912
362,54,6912
363,54,6912
364,53,6784
365,54,6912
366,53,6784
367,53,6784
368,55,7040
369,53,6784
370,53,6784
371,53,6784
372,54,6912
373,53,6784
374,54,6912
375,54,6912
376,54,6912
377,53,6784
378,55,7040
379,53,6784
380,53,6784
381,53,6784
382,55,7040
383,55,7040
384,55,7040
385,55,7040
386,55,7040
387,55,7040
388,54,6912
389,54,6912
390,54,6912
391,55,7040
392,54,6912
393,54,6912
394,55,7040
395,55,7040
396,54,6912
397,54,6912
398,54,6912
399,53,6784
400,53,6784
401,53,6784
402,54,6912
403,52,6656
404,54,6912
405,54,6912
406,54,6912
407,53,6784
408,53,6784
409,52,6656
410,52,6656
411,53,6784
412,51,6528
413,52,6656
414,52,6656
415,51,6528
416,52,6656
417,53,6784
418,53,6784
419,53,6784
420,53,6784
421,52,6656
422,52,6656
423,52,6656
424,52,6656
425,51,6528
426,51,6528
427,51,6528
428,53,6784
429,54,6912
430,55,7040
431,54,6912
432,54,6912
433,54,6912
434,54,6912
435,54,6912
436,54,6912
437,54,6912
438,51,6528
439,53,6784
440,51,6528
441,51,6528
442,52,6656
443,53,6784
444,54,6912
445,54,6912
446,53,6784
447,53,6784
448,54,6912
449,54,6912
450,53,6784
451,52,6656
452,53,6784
453,53,6784
454,53,6784
455,54,6912
456,52,6656
457,53,6784
458,52,6656
459,53,6784
460,53,6784
461,53,6784
462,53,6784
463,52,6656
464,52,6656
465,52,6656
466,52,6656
467,53,6784
468,53,6784
469,52,6656
470,52,6656
471,53,6784
472,53,6784
473,54,6912
474,53,6784
475,53,6784
476,53,6784
477,53,6784
478,51,6528
479,51,6528
480,51,6528
481,51,6528
482,53,6784
483,53,6784
484,53,6784
485,54,6912
486,52,6656
487,52,6656
488,52,6656
489,52,6656
490,52,6656
491,51,6528
492,52,6656
493,52,6656
494,52,6656
495,51,6528
496,51,6528
497,52,6656
498,52,6656
499,52,6656
500,52,6656
501,52,6656
502,52,6656
503,52,6656
504,52,6656
505,51,6528
506,51,6528
507,52,6656
508,52,6656
509,52,6656
510,53,6784
511,52,6656
512,52,6656
513,53,6784
514,52,6656
515,54,6912
516,55,7040
517,53,6784
518,53,6784
519,54,6912
520,53,6784
521,52,6656
522,54,6912
523,53,6784
524,55,7040
525,54,6912
526,54,6912
527,53,6784
528,53,6784
529,53,6784
530,53,6784
531,53,6784
532,53,6784
533,52,6656
534,52,6656
535,52,6656
536,52,6656
537,52,6656
538,52,6656
539,52,6656
540,52,6656
541,53,6784
542,52,6656
543,53,6784
544,53,6784
545,52,6656
546,52,6656
547,53,6784
548,52,6656
549,51,6528
550,51,6528
551,52,6656
552,52,6656
553,52,6656
554,52,6656
555,53,6784
556,53,6784
557,53,6784
558,53,6784
559,53,6784
560,52,6656
561,52,6656
562,53,6784
563,53,6784
564,53,6784
565,51,6528
566,51,6528
567,51,6528
568,51,6528
569,50,6400
570,51,6528
571,51,6528
572,51,6528
573,51,6528
574,52,6656
575,53,6784
576,52,6656
577,53,6784
578,53,6784
579,52,6656
580,52,6656
581,51,6528
582,51,6528
583,50,6400
584,50,6400
585,51,6528
586,51,6528
587,51,6528
588,51,6528
589,52,6656
590,52,6656
591,51,6528
592,53,6784
593,52,6656
594,50,6400
595,51,6528
596,53,6784
597,53,6784
598,54,6912
599,54,6912
600,52,6656
601,53,6784
602,54,6912
603,56,7168
604,55,7040
605,55,7040
606,56,7168
607,55,7040
608,55,7040
609,56,7168
610,57,7296
611,55,7040
612,52,6656
613,52,6656
614,54,6912
615,55,7040
616,54,6912
617,52,6656
618,50,6400
619,51,6528
620,53,6784
621,50,6400
622,50,6400
623,49,6272
624,50,6400
625,49,6272
626,50,6400
627,49,6272
628,52,6656
629,49,6272
630,50,6400
631,52,6656
632,51,6528
633,51,6528
634,51,6528
635,51,6528
636,51,6528
637,51,6528
638,53,6784
639,53,6784
640,54,6912
641,54,6912
642,55,7040
643,53,6784
644,52,6656
645,52,6656
646,51,6528
647,50,6400
648,50,6400
649,51,6528
650,52,6656
651,53,6784
652,51,6528
653,51,6528
654,50,6400
655,51,6528
656,51,6528
657,51,6528
658,51,6528
659,51,6528
660,54,6912
661,52,6656
662,50,6400
663,52,6656
664,51,6528
665,52,6656
666,52,6656
667,53,6784
668,53,6784
669,52,6656
670,53,6784
671,52,6656
672,52,6656
673,52,6656
674,53,6784
675,52,6656
676,52,6656
677,52,6656
678,53,6784
679,53,6784
680,53,6784
681,53,6784
682,52,6656
683,52,6656
684,51,6528
685,51,6528
686,51,6528
687,50,6400
688,49,6272
689,49,6272
690,49,6272
691,49,6272
692,49,6272
693,49,6272
694,49,6272
695,51,6528
696,50,6400
697,50,6400
698,50,6400
699,50,6400
700,50,6400
701,52,6656
702,53,6784
703,53,6784
704,53,6784
705,54,6912
706,53,6784
707,52,6656
708,52,6656
709,51,6528
710,51,6528
711,51,6528
712,52,6656
713,51,6528
714,51,6528
715,53,6784
716,50,6400
717,51,6528
718,51,6528
719,50,6400
720,51,6528
721,51,6528
722,51,6528
723,51,6528
724,50,6400
725,50,6400
726,50,6400
727,50,6400
728,50,6400
729,50,6400
730,52,6656
731,51,6528
732,51,6528
733,51,6528
734,52,6656
735,50,6400
736,51,6528
737,51,6528
738,52,6656
739,52,6656
740,52,6656
741,52,6656
742,52,6656
743,52,6656
744,51,6528
745,49,6272
746,48,6144
747,50,6400
748,50,6400
749,49,6272
750,51,6528
751,49,6272
752,50,6400
753,49,6272
754,50,6400
755,49,6272
756,50,6400
757,48,6144
758,49,6272
759,47,6016
760,48,6144
761,49,6272
762,49,6272
763,49,6272
764,48,6144
765,48,6144
766,48,6144
767,48,6144
768,49,6272
769,49,6272
770,49,6272
771,50,6400
772,51,6528
773,48,6144
774,49,6272
775,50,6400
776,51,6528
777,51,6528
778,51,6528
779,51,6528
780,52,6656
781,51,6528
782,50,6400
783,51,6528
784,50,6400
785,50,6400
786,49,6272
787,50,6400
788,50,6400
789,50,6400
790,51,6528
791,49,6272
792,49,6272
793,49,6272
794,51,6528
795,50,6400
796,51,6528
797,50,6400
798,50,6400
799,49,6272
800,49,6272
801,51,6528
802,52,6656
803,52,6656
804,51,6528
805,50,6400
806,50,6400
807,50,6400
808,49,6272
809,51,6528
810,50,6400
811,50,6400
812,51,6528
813,50,6400
814,50,6400
815,50,6400
816,51,6528
817,50,6400
818,50,6400
819,51,6528
820,51,6528
821,52,6656
822,52,6656
823,53,6784
824,52,6656
825,54,6912
826,52,6656
827,52,6656
828,53,6784
829,52,6656
830,51,6528
831,51,6528
832,51,6528
833,52,6656
834,52,6656
835,52,6656
836,52,6656
837,52,6656
838,52,6656
839,52,6656
840,51,6528
841,50,6400
842,51,6528
843,51,6528
844,53,6784
845,53,6784
846,52,6656
847,53,6784
848,51,6528
849,52,6656
850,53,6784
851,53,6784
852,53,6784
853,53,6784
854,52,6656
855,51,6528
856,52,6656
857,52,6656
858,53,6784
859,54,6912
860,54,6912
861,53,6784
862,53,6784
863,53,6784
864,54,6912
865,54,6912
866,55,7040
867,56,7168
868,56,7168
869,56,7168
870,55,7040
871,55,7040
872,56,7168
873,56,7168
874,55,7040
875,55,7040
876,55,7040
877,56,7168
878,55,7040
879,56,7168
880,56,7168
881,56,7168
882,55,7040
883,55,7040
884,56,7168
885,54,6912
886,55,7040
887,55,7040
888,55,7040
889,54,6912
890,55,7040
891,55,7040
892,55,7040
893,55,7040
894,54,6912
895,55,7040
896,55,7040
897,55,7040
898,57,7296
899,55,7040
900,55,7040
901,55,7040
902,55,7040
903,54,6912
904,54,6912
905,55,7040
906,54,6912
907,54,6912
908,54,6912
909,54,6912
910,54,6912
911,55,7040
912,53,6784
913,54,6912
914,53,6784
915,52,6656
916,52,6656
917,54,6912
918,53,6784
919,51,6528
920,51,6528
921,52,6656
922,52,6656
923,53,6784
924,53,6784
925,52,6656
926,54,6912
927,54,6912
928,51,6528
929,52,6656
930,53,6784
931,51,6528
932,54,6912
933,53,6784
934,51,6528
935,52,6656
936,51,6528
937,52,6656
938,54,6912
939,50,6400
940,52,6656
941,50,6400
942,51,6528
943,53,6784
944,54,6912
945,54,6912
946,55,7040
947,55,7040
948,52,6656
949,51,6528
950,51,6528
951,51,6528
952,52,6656
953,52,6656
954,52,6656
955,53,6784
956,52,6656
957,53,6784
958,52,6656
959,52,6656
960,53,6784
961,52,6656
962,52,6656
963,53,6784
964,53,6784
965,54,6912
966,54,6912
967,53,6784
968,54,6912
969,55,7040
970,55,7040
971,53,6784
972,54,6912
973,52,6656
974,53,6784
975,53,6784
976,53,6784
977,53,6784
978,53,6784
979,53,6784
980,53,6784
981,55,7040
982,52,6656
983,51,6528
984,51,6528
985,50,6400
986,51,6528
987,50,6400
988,51,6528
989,51,6528
990,51,6528
991,50,6400
992,50,6400
993,51,6528
994,50,6400
995,51,6528
996,51,6528
997,52,6656
998,51,6528
999,51,6528
1000,52,6656
1001,51,6528
1002,53,6784
1003,54,6912
1004,54,6912
1005,53,6784
1006,53,6784
1007,51,6528
1008,51,6528
1009,51,6528
1010,51,6528
1011,51,6528
1012,50,6400
1013,51,6528
1014,51,6528
1015,52,6656
1016,52,6656
1017,52,6656
1018,54,6912
1019,54,6912
1020,54,6912
1021,53,6784
1022,53,6784
1023,53,6784
1024,52,6656
1025,50,6400
1026,50,6400
1027,50,6400
1028,50,6400
1029,50,6400
1030,50,6400
1031,50,6400
1032,50,6400
1033,49,6272
1034,49,6272
1035,49,6272
1036,50,6400
1037,50,6400
1038,50,6400
1039,50,6400
1040,51,6528
1041,51,6528
1042,50,6400
1043,50,6400
1044,50,6400
1045,50,6400
1046,50,6400
1047,51,6528
1048,51,6528
1049,51,6528
1050,52,6656
1051,52,6656
1052,52,6656
1053,52,6656
1054,52,6656
1055,54,6912
1056,53,6784
1057,51,6528
1058,52,6656
1059,53,6784
1060,52,6656
1061,53,6784
1062,51,6528
1063,51,6528
1064,51,6528
1065,52,6656
1066,52,6656
1067,51,6528
1068,49,6272
1069,50,6400
1070,51,6528
1071,50,6400
1072,49,6272
1073,51,6528
1074,50,6400
1075,51,6528
1076,50,6400
1077,51,6528
1078,51,6528
1079,51,6528
1080,51,6528
1081,51,6528
1082,52,6656
1083,51,6528
1084,51,6528
1085,53,6784
1086,53,6784
1087,52,6656
1088,51,6528
1089,52,6656
1090,50,6400
1091,50,6400
1092,50,6400
1093,51,6528
1094,49,6272
1095,50,6400
1096,49,6272
1097,50,6400
1098,51,6528
1099,50,6400
1100,50,6400
1101,50,6400
1102,50,6400
1103,50,6400
1104,50,6400
1105,49,6272
1106,49,6272
1107,50,6400
1108,49,6272
1109,51,6528
1110,50,6400
1111,49,6272
1112,49,6272
1113,49,6272
1114,49,6272
1115,49,6272
1116,49,6272
1117,50,6400
1118,51,6528
1119,52,6656
1120,52,6656
1121,52,6656
1122,52,6656
1123,52,6656
1124,52,6656
1125,52,6656
1126,52,6656
1127,52,6656
1128,52,6656
1129,53,6784
1130,53,6784
1131,52,6656
1132,53,6784
1133,53,6784
1134,54,6912
1135,54,6912
1136,55,7040
1137,52,6656
1138,52,6656
1139,52,6656
1140,51,6528
1141,50,6400
1142,50,6400
1143,50,6400
1144,50,6400
1145,51,6528
1146,51,6528
1147,49,6272
1148,48,6144
1149,52,6656
1150,51,6528
1151,51,6528
1152,51,6528
1153,49,6272
1154,49,6272
1155,49,6272
1156,50,6400
1157,51,6528
1158,51,6528
1159,51,6528
1160,51,6528
1161,51,6528
1162,51,6528
1163,52,6656
1164,52,6656
1165,52,6656
1166,50,6400
1167,50,6400
1168,51,6528
1169,51,6528
1170,50,6400
1171,51,6528
1172,50,6400
1173,48,6144
1174,49,6272
1175,50,6400
1176,51,6528
1177,50,6400
1178,49,6272
1179,49,6272
1180,49,6272
1181,50,6400
1182,50,6400
1183,51,6528
1184,49,6272
1185,49,6272
1186,49,6272
1187,50,6400
1188,50,6400
1189,50,6400
1190,52,6656
1191,52,6656
1192,52,6656
1193,51,6528
1194,52,6656
1195,53,6784
1196,53,6784
1197,52,6656
1198,53,6784
1199,51,6528
1200,51,6528
1201,52,6656
1202,51,6528
1203,51,6528
1204,50,6400
1205,51,6528
1206,52,6656
1207,52,6656
1208,52,6656
1209,51,6528
1210,51,6528
1211,52,6656
1212,52,6656
1213,52,6656
1214,51,6528
1215,52,6656
1216,52,6656
1217,51,6528
1218,52,6656
1219,52,6656
1220,51,6528
1221,53,6784
1222,51,6528
1223,53,6784
1224,53,6784
1225,52,6656
1226,53,6784
1227,53,6784
1228,52,6656
1229,54,6912
1230,52,6656
1231,51,6528
1232,51,6528
1233,51,6528
1234,51,6528
1235,51,6528
1236,53,6784
1237,52,6656
1238,52,6656
1239,51,6528
1240,51,6528
1241,51,6528
1242,51,6528
1243,52,6656
1244,51,6528
1245,52,6656
1246,51,6528
1247,52,6656
1248,52,6656
1249,52,6656
1250,52,6656
1251,52,6656
1252,52,6656
1253,52,6656
1254,51,6528
1255,52,6656
1256,51,6528
1257,52,6656
1258,53,6784
1259,51,6528
1260,51,6528
1261,52,6656
1262,51,6528
1263,53,6784
1264,53,6784
1265,52,6656
1266,52,6656
1267,53,6784
1268,53,6784
1269,55,7040
1270,55,7040
1271,54,6912
1272,55,7040
1273,55,7040
1274,54,6912
1275,53,6784
1276,53,6784
1277,53,6784
1278,54,6912
1279,53,6784
1280,53,6784
1281,54,6912
1282,55,7040
1283,53,6784
1284,54,6912
1285,53,6784
1286,53,6784
1287,52,6656
1288,52,6656
1289,53,6784
1290,53,6784
1291,55,7040
1292,55,7040
1293,56,7168
1294,54,6912
1295,55,7040
1296,55,7040
1297,56,7168
1298,54,6912
1299,55,7040
1300,55,7040
1301,55,7040
1302,54,6912
1303,54,6912
1304,53,6784
1305,55,7040
1306,54,6912
1307,53,6784
1308,55,7040
1309,53,6784
1310,53,6784
1311,52,6656
1312,55,7040
1313,55,7040
1314,53,6784
1315,55,7040
1316,55,7040
1317,55,7040
1318,55,7040
1319,55,7040
1320,55,7040
1321,56,7168
1322,56,7168
1323,56,7168
1324,56,7168
1325,56,7168
1326,56,7168
1327,57,7296
1328,56,7168
1329,56,7168
1330,56,7168
1331,56,7168
1332,55,7040
1333,54,6912
1334,55,7040
1335,55,7040
1336,56,7168
1337,55,7040
1338,55,7040
1339,54,6912
1340,56,7168
1341,56,7168
1342,55,7040
1343,55,7040
1344,55,7040
1345,55,7040
1346,55,7040
1347,55,7040
1348,56,7168
1349,56,7168
1350,55,7040
1351,55,7040
1352,55,7040
1353,56,7168
1354,57,7296
1355,56,7168
1356,55,7040
1357,55,7040
1358,55,7040
1359,55,7040
1360,54,6912
1361,53,6784
1362,53,6784
1363,53,6784
1364,54,6912
1365,54,6912
1366,54,6912
1367,53,6784
1368,54,6912
1369,54,6912
1370,55,7040
1371,57,7296
1372,55,7040
1373,56,7168
1374,53,6784
1375,53,6784
1376,54,6912
1377,56,7168
1378,56,7168
1379,54,6912
1380,56,7168
1381,55,7040
1382,56,7168
1383,55,7040
1384,54,6912
1385,53,6784
1386,54,6912
1387,54,6912
1388,55,7040
1389,53,6784
1390,54,6912
1391,53,6784
1392,54,6912
1393,55,7040
1394,54,6912
1395,55,7040
1396,54,6912
1397,55,7040
1398,53,6784
1399,54,6912
1400,53,6784
1401,52,6656
1402,53,6784
1403,53,6784
1404,53,6784
1405,55,7040
1406,55,7040
1407,55,7040
1408,56,7168
1409,55,7040
1410,56,7168
1411,55,7040
1412,56,7168
1413,54,6912
1414,55,7040
1415,55,7040
1416,55,7040
1417,55,7040
1418,56,7168
1419,56,7168
1420,54,6912
1421,55,7040
1422,54,6912
1423,55,7040
1424,55,7040
1425,55,7040
1426,55,7040
1427,55,7040
1428,54,6912
1429,55,7040
1430,55,7040
1431,54,6912
1432,54,6912
1433,53,6784
1434,53,6784
1435,52,6656
1436,51,6528
1437,52,6656
1438,51,6528
1439,52,6656
1440,54,6912
1441,54,6912
1442,54,6912
1443,54,6912
1444,55,7040
1445,52,6656
1446,53,6784
1447,52,6656
1448,53,6784
1449,53,6784
1450,54,6912
1451,54,6912
1452,51,6528
1453,52,6656
1454,53,6784
1455,54,6912
1456,53,6784
1457,53,6784
1458,52,6656
1459,52,6656
1460,51,6528
1461,53,6784
1462,53,6784
1463,53,6784
1464,54,6912
1465,53,6784
1466,53,6784
1467,53,6784
1468,54,6912
1469,55,7040
1470,55,7040
1471,56,7168
1472,55,7040
1473,53,6784
1474,54,6912
1475,53,6784
1476,53,6784
1477,53,6784
1478,53,6784
1479,53,6784
1480,53,6784
1481,54,6912
1482,54,6912
1483,54,6912
1484,53,6784
1485,53,6784
1486,55,7040
1487,52,6656
1488,51,6528
1489,52,6656
1490,52,6656
1491,53,6784
1492,53,6784
1493,54,6912
1494,54,6912
1495,55,7040
1496,55,7040
1497,53,6784
1498,53,6784
1499,54,6912
1500,55,7040
1501,54,6912
1502,54,6912
1503,54,6912
1504,54,6912
1505,53,6784
1506,53,6784
1507,54,6912
1508,55,7040
1509,55,7040
1510,54,6912
1511,55,7040
1512,55,7040
1513,55,7040
1514,54,6912
1515,55,7040
1516,56,7168
1517,55,7040
1518,57,7296
1519,58,7424
1520,57,7296
1521,56,7168
1522,54,6912
1523,54,6912
1524,55,7040
1525,55,7040
1526,54,6912
1527,53,6784
1528,55,7040
1529,54,6912
1530,54,6912
1531,54,6912
1532,54,6912
1533,54,6912
1534,54,6912
1535,54,6912
1536,55,7040
1537,54,6912
1538,53,6784
1539,54,6912
1540,53,6784
1541,52,6656
1542,54,6912
1543,53,6784
1544,53,6784
1545,54,6912
1546,53,6784
1547,53,6784
1548,53,6784
1549,53,6784
1550,53,6784
1551,51,6528
1552,51,6528
1553,50,6400
1554,51,6528
1555,52,6656
1556,51,6528
1557,52,6656
1558,53,6784
1559,51,6528
1560,52,6656
1561,52,6656
1562,53,6784
1563,52,6656
1564,52,6656
1565,52,6656
1566,51,6528
1567,51,6528
1568,51,6528
1569,51,6528
1570,50,6400
1571,51,6528
1572,51,6528
1573,51,6528
1574,51,6528
1575,51,6528
1576,51,6528
1577,52,6656
1578,51,6528
1579,52,6656
1580,51,6528
1581,50,6400
1582,53,6784
1583,55,7040
1584,51,6528
1585,51,6528
1586,52,6656
1587,51,6528
1588,52,6656
1589,52,6656
1590,52,6656
1591,53,6784
1592,53,6784
1593,53,6784
1594,54,6912
1595,54,6912
1596,54,6912
1597,51,6528
1598,52,6656
1599,52,6656
1600,52,6656
1601,50,6400
1602,50,6400
1603,49,6272
1604,51,6528
1605,50,6400
1606,50,6400
1607,50,6400
1608,49,6272
1609,51,6528
1610,49,6272
1611,49,6272
1612,50,6400
1613,48,6144
1614,49,6272
1615,49,6272
1616,50,6400
1617,50,6400
1618,50,6400
1619,49,6272
1620,49,6272
1621,50,6400
1622,50,6400
1623,49,6272
1624,50,6400
1625,50,6400
1626,49,6272
1627,50,6400
1628,49,6272
1629,51,6528
1630,51,6528
1631,51,6528
1632,51,6528
1633,52,6656
1634,51,6528
1635,51,6528
1636,51,6528
1637,50,6400
1638,51,6528
1639,52,6656
1640,53,6784
1641,54,6912
1642,54,6912
1643,51,6528
1644,51,6528
1645,51,6528
1646,51,6528
1647,52,6656
1648,51,6528
1649,51,6528
1650,50,6400
1651,50,6400
1652,51,6528
1653,50,6400
1654,48,6144
1655,49,6272
1656,48,6144
1657,48,6144
1658,49,6272
1659,50,6400
1660,51,6528
1661,50,6400
1662,50,6400
1663,50,6400
1664,50,6400
1665,49,6272
1666,48,6144
1667,47,6016
1668,49,6272
1669,49,6272
1670,48,6144
1671,47,6016
1672,47,6016
1673,48,6144
1674,47,6016
1675,47,6016
1676,47,6016
1677,47,6016
1678,48,6144
1679,49,6272
1680,48,6144
1681,47,6016
1682,49,6272
1683,48,6144
1684,49,6272
1685,49,6272
1686,47,6016
1687,48,6144
1688,49,6272
1689,51,6528
1690,50,6400
1691,50,6400
1692,51,6528
1693,51,6528
1694,49,6272
1695,50,6400
1696,53,6784
1697,51,6528
1698,51,6528
1699,51,6528
1700,51,6528
1701,51,6528
1702,51,6528
1703,51,6528
1704,52,6656
1705,52,6656
1706,51,6528
1707,51,6528
1708,52,6656
1709,51,6528
1710,52,6656
1711,52,6656
1712,51,6528
1713,54,6912
1714,52,6656
1715,52,6656
1716,51,6528
1717,51,6528
1718,52,6656
1719,51,6528
1720,51,6528
1721,51,6528
1722,51,6528
1723,52,6656
1724,52,6656
1725,53,6784
1726,53,6784
1727,54,6912
1728,53,6784
1729,52,6656
1730,52,6656
1731,52,6656
1732,52,6656
1733,52,6656
1734,53,6784
1735,52,6656
1736,52,6656
1737,52,6656
1738,52,6656
1739,54,6912
1740,53,6784
1741,51,6528
1742,52,6656
1743,53,6784
1744,51,6528
1745,52,6656
1746,51,6528
1747,51,6528
1748,51,6528
1749,50,6400
1750,50,6400
1751,51,6528
1752,51,6528
1753,51,6528
1754,52,6656
1755,51,6528
1756,52,6656
1757,50,6400
1758,51,6528
1759,51,6528
1760,52,6656
1761,52,6656
1762,51,6528
1763,52,6656
1764,53,6784
1765,51,6528
1766,52,6656
1767,54,6912
1768,54,6912
1769,53,6784
1770,53,6784
1771,53,6784
1772,53,6784
1773,52,6656
1774,53,6784
1775,53,6784
1776,52,6656
1777,54,6912
1778,52,6656
1779,52,6656
1780,51,6528
1781,51,6528
1782,50,6400
1783,53,6784
1784,51,6528
1785,52,6656
1786,51,6528
1787,52,6656
1788,52,6656
1789,52,6656
1790,52,6656
1791,52,6656
1792,51,6528
1793,51,6528
1794,51,6528
1795,51,6528
1796,51,6528
1797,53,6784
1798,53,6784
1799,52,6656
1800,52,6656
1801,52,6656
1802,53,6784
1803,53,6784
1804,52,6656
1805,53,6784
1806,53,6784
1807,51,6528
1808,52,6656
1809,51,6528
1810,51,6528
1811,52,6656
1812,51,6528
1813,51,6528
1814,52,6656
1815,52,6656
1816,51,6528
1817,52,6656
1818,51,6528
1819,51,6528
1820,51,6528
1821,51,6528
1822,52,6656
1823,51,6528
1824,52,6656
1825,51,6528
1826,53,6784
1827,52,6656
1828,52,6656
1829,54,6912
1830,52,6656
1831,51,6528
1832,53,6784
1833,51,6528
1834,52,6656
1835,52,6656
1836,51,6528
1837,51,6528
1838,51,6528
1839,50,6400
1840,50,6400
1841,51,6528
1842,51,6528
1843,51,6528
1844,52,6656
1845,51,6528
1846,51,6528
1847,51,6528
1848,51,6528
1849,52,6656
1850,53,6784
1851,52,6656
1852,53,6784
1853,53,6784
1854,52,6656
1855,52,6656
1856,51,6528
1857,51,6528
1858,51,6528
1859,51,6528
1860,51,6528
1861,52,6656
1862,50,6400
1863,52,6656
1864,53,6784
1865,52,6656
1866,51,6528
1867,51,6528
1868,53,6784
1869,53,6784
1870,50,6400
1871,50,6400
1872,51,6528
1873,50,6400
1874,50,6400
1875,50,6400
1876,50,6400
1877,49,6272
1878,49,6272
1879,49,6272
1880,49,6272
1881,50,6400
1882,49,6272
1883,49,6272
1884,49,6272
1885,48,6144
1886,49,6272
1887,51,6528
1888,51,6528
1889,51,6528
1890,52,6656
1891,51,6528
1892,51,6528
1893,50,6400
1894,51,6528
1895,50,6400
1896,49,6272
1897,50,6400
1898,50,6400
1899,52,6656
1900,50,6400
1901,52,6656
1902,51,6528
1903,51,6528
1904,52,6656
1905,52,6656
1906,51,6528
1907,52,6656
1908,52,6656
1909,52,6656
1910,53,6784
1911,54,6912
1912,51,6528
1913,51,6528
1914,52,6656
1915,52,6656
1916,51,6528
1917,52,6656
1918,50,6400
1919,51,6528
1920,51,6528
1921,51,6528
1922,50,6400
1923,50,6400
1924,51,6528
1925,51,6528
1926,51,6528
1927,50,6400
1928,50,6400
1929,50,6400
1930,51,6528
1931,50,6400
1932,51,6528
1933,52,6656
1934,52,6656
1935,52,6656
1936,52,6656
1937,52,6656
1938,52,6656
1939,51,6528
1940,48,6144
1941,48,6144
1942,48,6144
1943,49,6272
1944,49,6272
1945,49,6272
1946,48,6144
1947,50,6400
1948,50,6400
1949,50,6400
1950,51,6528
1951,51,6528
1952,52,6656
1953,52,6656
1954,51,6528
1955,52,6656
1956,50,6400
1957,50,6400
1958,50,6400
1959,51,6528
1960,52,6656
1961,51,6528
1962,51,6528
1963,49,6272
1964,50,6400
1965,50,6400
1966,50,6400
1967,50,6400
1968,49,6272
1969,51,6528
1970,51,6528
1971,51,6528
1972,50,6400
1973,50,6400
1974,49,6272
1975,49,6272
1976,50,6400
1977,52,6656
1978,51,6528
1979,51,6528
1980,50,6400
1981,49,6272
1982,49,6272
1983,49,6272
1984,49,6272
1985,49,6272
1986,50,6400
1987,49,6272
1988,50,6400
1989,50,6400
1990,50,6400
1991,52,6656
1992,51,6528
1993,50,6400
1994,51,6528
1995,50,6400
1996,49,6272
1997,50,6400
1998,50,6400
1999,50,6400
2000,50,6400
