RandomSeed,64222,Population size:128,Bit Length:64,Crossover Rate:0.7,Mutation Rate:0.005
gen,BestFitness,FitnessEval
1,9.0,1152
2,9.0,1152
3,9.0,1152
4,9.0,1152
5,9.0,1152
6,17.0,2176
7,17.0,2176
8,17.0,2176
9,9.0,1152
10,9.0,1152
11,9.0,1152
12,9.0,1152
13,9.0,1152
14,9.0,1152
15,9.0,1152
16,9.0,1152
17,9.0,1152
18,9.0,1152
19,9.0,1152
20,9.0,1152
21,17.0,2176
22,17.0,2176
23,17.0,2176
24,9.0,1152
25,9.0,1152
26,17.0,2176
27,17.0,2176
28,17.0,2176
29,17.0,2176
30,17.0,2176
31,17.0,2176
32,17.0,2176
33,17.0,2176
34,17.0,2176
35,17.0,2176
36,17.0,2176
37,17.0,2176
38,17.0,2176
39,17.0,2176
40,17.0,2176
41,17.0,2176
42,17.0,2176
43,17.0,2176
44,17.0,2176
45,17.0,2176
46,17.0,2176
47,17.0,2176
48,17.0,2176
49,17.0,2176
50,17.0,2176
51,17.0,2176
52,17.0,2176
53,25.0,3200
54,17.0,2176
55,17.0,2176
56,17.0,2176
57,17.0,2176
58,17.0,2176
59,17.0,2176
60,17.0,2176
61,17.0,2176
62,17.0,2176
63,17.0,2176
64,17.0,2176
65,17.0,2176
66,17.0,2176
67,17.0,2176
68,17.0,2176
69,17.0,2176
70,17.0,2176
71,17.0,2176
72,17.0,2176
73,17.0,2176
74,17.0,2176
75,17.0,2176
76,17.0,2176
77,17.0,2176
78,25.0,3200
79,25.0,3200
80,17.0,2176
81,17.0,2176
82,17.0,2176
83,17.0,2176
84,17.0,2176
85,17.0,2176
86,17.0,2176
87,17.0,2176
88,17.0,2176
89,17.0,2176
90,17.0,2176
91,17.0,2176
92,17.0,2176
93,17.0,2176
94,17.0,2176
95,17.0,2176
96,17.0,2176
97,17.0,2176
98,17.0,2176
99,17.0,2176
100,17.0,2176
101,17.0,2176
102,17.0,2176
103,17.0,2176
104,17.0,2176
105,17.0,2176
106,17.0,2176
107,17.0,2176
108,17.0,2176
109,17.0,2176
110,17.0,2176
111,17.0,2176
112,17.0,2176
113,17.0,2176
114,17.0,2176
115,17.0,2176
116,17.0,2176
117,17.0,2176
118,17.0,2176
119,17.0,2176
120,17.0,2176
121,17.0,2176
122,17.0,2176
123,17.0,2176
124,25.0,3200
125,25.0,3200
126,25.0,3200
127,25.0,3200
128,25.0,3200
129,25.0,3200
130,25.0,3200
131,25.0,3200
132,17.0,2176
133,25.0,3200
134,25.0,3200
135,17.0,2176
136,17.0,2176
137,17.0,2176
138,17.0,2176
139,17.0,2176
140,17.0,2176
141,25.0,3200
142,17.0,2176
143,17.0,2176
144,17.0,2176
145,17.0,2176
146,17.0,2176
147,17.0,2176
148,17.0,2176
149,17.0,2176
150,17.0,2176
151,17.0,2176
152,17.0,2176
153,25.0,3200
154,25.0,3200
155,25.0,3200
156,25.0,3200
157,25.0,3200
158,25.0,3200
159,25.0,3200
160,25.0,3200
161,25.0,3200
162,25.0,3200
163,25.0,3200
164,25.0,3200
165,25.0,3200
166,25.0,3200
167,25.0,3200
168,25.0,3200
169,25.0,3200
170,25.0,3200
171,25.0,3200
172,25.0,3200
173,25.0,3200
174,25.0,3200
175,25.0,3200
176,25.0,3200
177,25.0,3200
178,25.0,3200
179,25.0,3200
180,25.0,3200
181,25.0,3200
182,25.0,3200
183,25.0,3200
184,25.0,3200
185,25.0,3200
186,25.0,3200
187,25.0,3200
188,25.0,3200
189,25.0,3200
190,25.0,3200
191,25.0,3200
192,25.0,3200
193,25.0,3200
194,25.0,3200
195,25.0,3200
196,25.0,3200
197,25.0,3200
198,25.0,3200
199,25.0,3200
200,25.0,3200
201,25.0,3200
202,25.0,3200
203,25.0,3200
204,25.0,3200
205,25.0,3200
206,25.0,3200
207,25.0,3200
208,25.0,3200
209,25.0,3200
210,25.0,3200
211,25.0,3200
212,25.0,3200
213,25.0,3200
214,25.0,3200
215,25.0,3200
216,25.0,3200
217,25.0,3200
218,25.0,3200
219,25.0,3200
220,25.0,3200
221,25.0,3200
222,25.0,3200
223,25.0,3200
224,25.0,3200
225,25.0,3200
226,25.0,3200
227,25.0,3200
228,25.0,3200
229,25.0,3200
230,25.0,3200
231,25.0,3200
232,25.0,3200
233,25.0,3200
234,25.0,3200
235,25.0,3200
236,25.0,3200
237,25.0,3200
238,25.0,3200
239,25.0,3200
240,25.0,3200
241,25.0,3200
242,25.0,3200
243,25.0,3200
244,25.0,3200
245,25.0,3200
246,25.0,3200
247,25.0,3200
248,25.0,3200
249,25.0,3200
250,25.0,3200
251,25.0,3200
252,25.0,3200
253,25.0,3200
254,25.0,3200
255,25.0,3200
256,25.0,3200
257,25.0,3200
258,25.0,3200
259,25.0,3200
260,25.0,3200
261,25.0,3200
262,25.0,3200
263,25.0,3200
264,25.0,3200
265,25.0,3200
266,25.0,3200
267,25.0,3200
268,25.0,3200
269,25.0,3200
270,25.0,3200
271,25.0,3200
272,25.0,3200
273,25.0,3200
274,25.0,3200
275,25.0,3200
276,25.0,3200
277,25.0,3200
278,25.0,3200
279,25.0,3200
280,25.0,3200
281,25.0,3200
282,25.0,3200
283,25.0,3200
284,25.0,3200
285,25.0,3200
286,25.0,3200
287,25.0,3200
288,25.0,3200
289,25.0,3200
290,25.0,3200
291,25.0,3200
292,25.0,3200
293,25.0,3200
294,25.0,3200
295,25.0,3200
296,25.0,3200
297,25.0,3200
298,25.0,3200
299,25.0,3200
300,25.0,3200
301,25.0,3200
302,25.0,3200
303,25.0,3200
304,25.0,3200
305,25.0,3200
306,25.0,3200
307,25.0,3200
308,25.0,3200
309,25.0,3200
310,25.0,3200
311,25.0,3200
312,25.0,3200
313,25.0,3200
314,25.0,3200
315,25.0,3200
316,25.0,3200
317,25.0,3200
318,41.0,5248
319,33.0,4224
320,25.0,3200
321,25.0,3200
322,25.0,3200
323,25.0,3200
324,25.0,3200
325,25.0,3200
326,25.0,3200
327,25.0,3200
328,25.0,3200
329,25.0,3200
330,25.0,3200
331,25.0,3200
332,49.0,6272
333,49.0,6272
334,49.0,6272
335,49.0,6272
336,49.0,6272
337,49.0,6272
338,49.0,6272
339,49.0,6272
340,49.0,6272
341,49.0,6272
342,49.0,6272
343,49.0,6272
344,49.0,6272
345,49.0,6272
346,49.0,6272
347,49.0,6272
348,49.0,6272
349,49.0,6272
350,49.0,6272
351,49.0,6272
352,49.0,6272
353,49.0,6272
354,49.0,6272
355,49.0,6272
356,49.0,6272
357,49.0,6272
358,49.0,6272
359,49.0,6272
360,49.0,6272
361,49.0,6272
362,49.0,6272
363,49.0,6272
364,49.0,6272
365,49.0,6272
366,49.0,6272
367,49.0,6272
368,49.0,6272
369,49.0,6272
370,49.0,6272
371,49.0,6272
372,49.0,6272
373,49.0,6272
374,49.0,6272
375,49.0,6272
376,49.0,6272
377,49.0,6272
378,49.0,6272
379,49.0,6272
380,49.0,6272
381,49.0,6272
382,49.0,6272
383,49.0,6272
384,49.0,6272
385,49.0,6272
386,49.0,6272
387,49.0,6272
388,49.0,6272
389,49.0,6272
390,49.0,6272
391,49.0,6272
392,49.0,6272
393,49.0,6272
394,49.0,6272
395,49.0,6272
396,49.0,6272
397,49.0,6272
398,49.0,6272
399,49.0,6272
400,49.0,6272
401,49.0,6272
402,49.0,6272
403,49.0,6272
404,49.0,6272
405,49.0,6272
406,49.0,6272
407,49.0,6272
408,49.0,6272
409,49.0,6272
410,49.0,6272
411,49.0,6272
412,49.0,6272
413,49.0,6272
414,49.0,6272
415,49.0,6272
416,49.0,6272
417,49.0,6272
418,49.0,6272
419,49.0,6272
420,49.0,6272
421,49.0,6272
422,49.0,6272
423,49.0,6272
424,49.0,6272
425,49.0,6272
426,49.0,6272
427,49.0,6272
428,49.0,6272
429,73.0,9344
430,65.0,8320
431,49.0,6272
432,73.0,9344
433,73.0,9344
434,73.0,9344
435,73.0,9344
436,73.0,9344
437,73.0,9344
438,73.0,9344
439,73.0,9344
440,73.0,9344
441,73.0,9344
442,73.0,9344
443,73.0,9344
444,73.0,9344
445,73.0,9344
446,73.0,9344
447,73.0,9344
448,73.0,9344
449,73.0,9344
450,73.0,9344
451,73.0,9344
452,73.0,9344
453,73.0,9344
454,73.0,9344
455,73.0,9344
456,73.0,9344
457,73.0,9344
458,73.0,9344
459,73.0,9344
460,73.0,9344
461,73.0,9344
462,73.0,9344
463,73.0,9344
464,73.0,9344
465,73.0,9344
466,73.0,9344
467,73.0,9344
468,73.0,9344
469,73.0,9344
470,73.0,9344
471,73.0,9344
472,73.0,9344
473,73.0,9344
474,73.0,9344
475,73.0,9344
476,65.0,8320
477,65.0,8320
478,65.0,8320
479,73.0,9344
480,73.0,9344
481,73.0,9344
482,73.0,9344
483,65.0,8320
484,65.0,8320
485,65.0,8320
486,65.0,8320
487,65.0,8320
488,65.0,8320
489,65.0,8320
490,65.0,8320
491,65.0,8320
492,65.0,8320
493,65.0,8320
494,65.0,8320
495,65.0,8320
496,65.0,8320
497,65.0,8320
498,65.0,8320
499,65.0,8320
500,65.0,8320
501,65.0,8320
502,65.0,8320
503,65.0,8320
504,65.0,8320
505,65.0,8320
506,65.0,8320
507,65.0,8320
508,65.0,8320
509,65.0,8320
510,65.0,8320
511,65.0,8320
512,65.0,8320
513,65.0,8320
514,65.0,8320
515,65.0,8320
516,65.0,8320
517,65.0,8320
518,65.0,8320
519,65.0,8320
520,65.0,8320
521,65.0,8320
522,65.0,8320
523,65.0,8320
524,65.0,8320
525,65.0,8320
526,65.0,8320
527,65.0,8320
528,65.0,8320
529,65.0,8320
530,65.0,8320
531,65.0,8320
532,65.0,8320
533,65.0,8320
534,65.0,8320
535,65.0,8320
536,65.0,8320
537,65.0,8320
538,65.0,8320
539,65.0,8320
540,65.0,8320
541,65.0,8320
542,65.0,8320
543,65.0,8320
544,65.0,8320
545,65.0,8320
546,65.0,8320
547,65.0,8320
548,65.0,8320
549,65.0,8320
550,65.0,8320
551,65.0,8320
552,65.0,8320
553,65.0,8320
554,65.0,8320
555,65.0,8320
556,65.0,8320
557,65.0,8320
558,65.0,8320
559,65.0,8320
560,65.0,8320
561,65.0,8320
562,65.0,8320
563,65.0,8320
564,65.0,8320
565,65.0,8320
566,65.0,8320
567,65.0,8320
568,65.0,8320
569,65.0,8320
570,65.0,8320
571,65.0,8320
572,65.0,8320
573,65.0,8320
574,65.0,8320
575,65.0,8320
576,65.0,8320
577,65.0,8320
578,65.0,8320
579,65.0,8320
580,65.0,8320
581,65.0,8320
582,65.0,8320
583,65.0,8320
584,65.0,8320
585,65.0,8320
586,65.0,8320
587,65.0,8320
588,65.0,8320
589,65.0,8320
590,65.0,8320
591,65.0,8320
592,65.0,8320
593,65.0,8320
594,65.0,8320
595,65.0,8320
596,65.0,8320
597,65.0,8320
598,65.0,8320
599,65.0,8320
600,65.0,8320
601,65.0,8320
602,65.0,8320
603,65.0,8320
604,65.0,8320
605,65.0,8320
606,65.0,8320
607,65.0,8320
608,65.0,8320
609,65.0,8320
610,65.0,8320
611,65.0,8320
612,65.0,8320
613,65.0,8320
614,65.0,8320
615,65.0,8320
616,65.0,8320
617,65.0,8320
618,73.0,9344
619,65.0,8320
620,65.0,8320
621,73.0,9344
622,73.0,9344
623,65.0,8320
624,65.0,8320
625,65.0,8320
626,65.0,8320
627,65.0,8320
628,65.0,8320
629,65.0,8320
630,65.0,8320
631,65.0,8320
632,65.0,8320
633,65.0,8320
634,65.0,8320
635,65.0,8320
636,73.0,9344
637,73.0,9344
638,73.0,9344
639,65.0,8320
640,65.0,8320
641,65.0,8320
642,65.0,8320
643,65.0,8320
644,65.0,8320
645,65.0,8320
646,65.0,8320
647,65.0,8320
648,65.0,8320
649,65.0,8320
650,65.0,8320
651,65.0,8320
652,65.0,8320
653,65.0,8320
654,73.0,9344
655,65.0,8320
656,65.0,8320
657,65.0,8320
658,65.0,8320
659,65.0,8320
660,65.0,8320
661,65.0,8320
662,65.0,8320
663,65.0,8320
664,65.0,8320
665,73.0,9344
666,73.0,9344
667,73.0,9344
668,73.0,9344
669,65.0,8320
670,65.0,8320
671,65.0,8320
672,65.0,8320
673,65.0,8320
674,65.0,8320
675,65.0,8320
676,65.0,8320
677,65.0,8320
678,65.0,8320
679,65.0,8320
680,65.0,8320
681,65.0,8320
682,65.0,8320
683,65.0,8320
684,65.0,8320
685,65.0,8320
686,65.0,8320
687,65.0,8320
688,65.0,8320
689,65.0,8320
690,65.0,8320
691,65.0,8320
692,65.0,8320
693,65.0,8320
694,65.0,8320
695,65.0,8320
696,65.0,8320
697,65.0,8320
698,65.0,8320
699,65.0,8320
700,65.0,8320
701,73.0,9344
702,65.0,8320
703,65.0,8320
704,65.0,8320
705,65.0,8320
706,65.0,8320
707,65.0,8320
708,65.0,8320
709,65.0,8320
710,65.0,8320
711,65.0,8320
712,65.0,8320
713,65.0,8320
714,65.0,8320
715,65.0,8320
716,65.0,8320
717,65.0,8320
718,73.0,9344
719,73.0,9344
720,73.0,9344
721,65.0,8320
722,65.0,8320
723,65.0,8320
724,73.0,9344
725,65.0,8320
726,65.0,8320
727,65.0,8320
728,65.0,8320
729,65.0,8320
730,65.0,8320
731,65.0,8320
732,65.0,8320
733,73.0,9344
734,73.0,9344
735,73.0,9344
736,73.0,9344
737,73.0,9344
738,73.0,9344
739,73.0,9344
740,73.0,9344
741,73.0,9344
742,73.0,9344
743,73.0,9344
744,65.0,8320
745,65.0,8320
746,65.0,8320
747,65.0,8320
748,65.0,8320
749,65.0,8320
750,65.0,8320
751,65.0,8320
752,65.0,8320
753,65.0,8320
754,65.0,8320
755,65.0,8320
756,65.0,8320
757,65.0,8320
758,65.0,8320
759,65.0,8320
760,65.0,8320
761,65.0,8320
762,65.0,8320
763,65.0,8320
764,65.0,8320
765,73.0,9344
766,73.0,9344
767,65.0,8320
768,65.0,8320
769,65.0,8320
770,65.0,8320
771,65.0,8320
772,73.0,9344
773,73.0,9344
774,73.0,9344
775,73.0,9344
776,73.0,9344
777,73.0,9344
778,73.0,9344
779,73.0,9344
780,73.0,9344
781,65.0,8320
782,73.0,9344
783,73.0,9344
784,73.0,9344
785,73.0,9344
786,73.0,9344
787,73.0,9344
788,73.0,9344
789,65.0,8320
790,65.0,8320
791,73.0,9344
792,73.0,9344
793,73.0,9344
794,73.0,9344
795,73.0,9344
796,73.0,9344
797,73.0,9344
798,73.0,9344
799,73.0,9344
800,73.0,9344
801,73.0,9344
802,73.0,9344
803,65.0,8320
804,73.0,9344
805,65.0,8320
806,65.0,8320
807,65.0,8320
808,65.0,8320
809,65.0,8320
810,65.0,8320
811,65.0,8320
812,73.0,9344
813,73.0,9344
814,73.0,9344
815,73.0,9344
816,73.0,9344
817,73.0,9344
818,73.0,9344
819,73.0,9344
820,73.0,9344
821,73.0,9344
822,73.0,9344
823,73.0,9344
824,73.0,9344
825,73.0,9344
826,73.0,9344
827,73.0,9344
828,73.0,9344
829,65.0,8320
830,73.0,9344
831,73.0,9344
832,65.0,8320
833,73.0,9344
834,65.0,8320
835,65.0,8320
836,65.0,8320
837,65.0,8320
838,65.0,8320
839,65.0,8320
840,65.0,8320
841,65.0,8320
842,65.0,8320
843,65.0,8320
844,65.0,8320
845,65.0,8320
846,65.0,8320
847,65.0,8320
848,65.0,8320
849,65.0,8320
850,65.0,8320
851,65.0,8320
852,65.0,8320
853,65.0,8320
854,65.0,8320
855,65.0,8320
856,65.0,8320
857,65.0,8320
858,73.0,9344
859,65.0,8320
860,65.0,8320
861,65.0,8320
862,65.0,8320
863,65.0,8320
864,65.0,8320
865,65.0,8320
866,65.0,8320
867,65.0,8320
868,65.0,8320
869,73.0,9344
870,73.0,9344
871,73.0,9344
872,73.0,9344
873,73.0,9344
874,73.0,9344
875,73.0,9344
876,73.0,9344
877,73.0,9344
878,73.0,9344
879,73.0,9344
880,73.0,9344
881,73.0,9344
882,73.0,9344
883,73.0,9344
884,73.0,9344
885,73.0,9344
886,73.0,9344
887,73.0,9344
888,73.0,9344
889,73.0,9344
890,73.0,9344
891,73.0,9344
892,73.0,9344
893,73.0,9344
894,73.0,9344
895,73.0,9344
896,73.0,9344
897,73.0,9344
898,73.0,9344
899,73.0,9344
900,73.0,9344
901,73.0,9344
902,73.0,9344
903,105.0,13440
904,105.0,13440
905,129.0,16512
906,73.0,9344
907,65.0,8320
908,73.0,9344
909,73.0,9344
910,129.0,16512
911,105.0,13440
912,129.0,16512
913,129.0,16512
914,129.0,16512
915,129.0,16512
916,129.0,16512
917,129.0,16512
918,129.0,16512
919,129.0,16512
920,129.0,16512
921,129.0,16512
922,129.0,16512
923,129.0,16512
924,129.0,16512
925,129.0,16512
926,129.0,16512
927,129.0,16512
928,129.0,16512
929,129.0,16512
930,129.0,16512
931,129.0,16512
932,129.0,16512
933,129.0,16512
934,129.0,16512
935,129.0,16512
936,129.0,16512
937,129.0,16512
938,129.0,16512
939,137.0,17536
940,137.0,17536
941,137.0,17536
942,137.0,17536
943,129.0,16512
944,129.0,16512
945,129.0,16512
946,129.0,16512
947,129.0,16512
948,129.0,16512
949,129.0,16512
950,129.0,16512
951,129.0,16512
952,129.0,16512
953,129.0,16512
954,129.0,16512
955,129.0,16512
956,129.0,16512
957,129.0,16512
958,129.0,16512
959,129.0,16512
960,129.0,16512
961,129.0,16512
962,129.0,16512
963,129.0,16512
964,129.0,16512
965,129.0,16512
966,129.0,16512
967,129.0,16512
968,129.0,16512
969,129.0,16512
970,129.0,16512
971,129.0,16512
972,129.0,16512
973,129.0,16512
974,129.0,16512
975,129.0,16512
976,129.0,16512
977,129.0,16512
978,129.0,16512
979,129.0,16512
980,129.0,16512
981,129.0,16512
982,129.0,16512
983,129.0,16512
984,129.0,16512
985,129.0,16512
986,129.0,16512
987,129.0,16512
988,129.0,16512
989,129.0,16512
990,129.0,16512
991,129.0,16512
992,129.0,16512
993,129.0,16512
994,129.0,16512
995,129.0,16512
996,129.0,16512
997,129.0,16512
998,129.0,16512
999,129.0,16512
1000,129.0,16512
1001,129.0,16512
1002,129.0,16512
1003,129.0,16512
1004,129.0,16512
1005,129.0,16512
1006,129.0,16512
1007,129.0,16512
1008,129.0,16512
1009,129.0,16512
1010,129.0,16512
1011,129.0,16512
1012,129.0,16512
1013,129.0,16512
1014,129.0,16512
1015,129.0,16512
1016,129.0,16512
1017,129.0,16512
1018,129.0,16512
1019,129.0,16512
1020,129.0,16512
1021,129.0,16512
1022,129.0,16512
1023,129.0,16512
1024,129.0,16512
1025,129.0,16512
1026,129.0,16512
1027,129.0,16512
1028,129.0,16512
1029,129.0,16512
1030,129.0,16512
1031,129.0,16512
1032,129.0,16512
1033,129.0,16512
1034,129.0,16512
1035,129.0,16512
1036,129.0,16512
1037,129.0,16512
1038,129.0,16512
1039,129.0,16512
1040,129.0,16512
1041,129.0,16512
1042,129.0,16512
1043,129.0,16512
1044,129.0,16512
1045,129.0,16512
1046,129.0,16512
1047,129.0,16512
1048,129.0,16512
1049,129.0,16512
1050,129.0,16512
1051,129.0,16512
1052,129.0,16512
1053,129.0,16512
1054,129.0,16512
1055,129.0,16512
1056,129.0,16512
1057,129.0,16512
1058,129.0,16512
1059,129.0,16512
1060,129.0,16512
1061,129.0,16512
1062,129.0,16512
1063,129.0,16512
1064,129.0,16512
1065,129.0,16512
1066,129.0,16512
1067,129.0,16512
1068,129.0,16512
1069,129.0,16512
1070,129.0,16512
1071,129.0,16512
1072,129.0,16512
1073,129.0,16512
1074,129.0,16512
1075,129.0,16512
1076,129.0,16512
1077,129.0,16512
1078,129.0,16512
1079,129.0,16512
1080,129.0,16512
1081,129.0,16512
1082,129.0,16512
1083,129.0,16512
1084,129.0,16512
1085,129.0,16512
1086,129.0,16512
1087,129.0,16512
1088,129.0,16512
1089,129.0,16512
1090,129.0,16512
1091,129.0,16512
1092,129.0,16512
1093,129.0,16512
1094,129.0,16512
1095,129.0,16512
1096,129.0,16512
1097,129.0,16512
1098,129.0,16512
1099,129.0,16512
1100,129.0,16512
1101,129.0,16512
1102,129.0,16512
1103,129.0,16512
1104,129.0,16512
1105,129.0,16512
1106,129.0,16512
1107,129.0,16512
1108,129.0,16512
1109,129.0,16512
1110,129.0,16512
1111,129.0,16512
1112,129.0,16512
1113,129.0,16512
1114,129.0,16512
1115,129.0,16512
1116,129.0,16512
1117,129.0,16512
1118,129.0,16512
1119,129.0,16512
1120,129.0,16512
1121,129.0,16512
1122,129.0,16512
1123,129.0,16512
1124,129.0,16512
1125,129.0,16512
1126,129.0,16512
1127,129.0,16512
1128,129.0,16512
1129,129.0,16512
1130,129.0,16512
1131,129.0,16512
1132,129.0,16512
1133,129.0,16512
1134,129.0,16512
1135,129.0,16512
1136,129.0,16512
1137,129.0,16512
1138,129.0,16512
1139,129.0,16512
1140,129.0,16512
1141,129.0,16512
1142,129.0,16512
1143,129.0,16512
1144,129.0,16512
1145,129.0,16512
1146,129.0,16512
1147,129.0,16512
1148,129.0,16512
1149,129.0,16512
1150,129.0,16512
1151,129.0,16512
1152,129.0,16512
1153,129.0,16512
1154,129.0,16512
1155,129.0,16512
1156,129.0,16512
1157,129.0,16512
1158,129.0,16512
1159,129.0,16512
1160,129.0,16512
1161,129.0,16512
1162,129.0,16512
1163,129.0,16512
1164,129.0,16512
1165,129.0,16512
1166,129.0,16512
1167,129.0,16512
1168,129.0,16512
1169,129.0,16512
1170,129.0,16512
1171,129.0,16512
1172,129.0,16512
1173,129.0,16512
1174,129.0,16512
1175,129.0,16512
1176,129.0,16512
1177,137.0,17536
1178,129.0,16512
1179,129.0,16512
1180,129.0,16512
1181,129.0,16512
1182,129.0,16512
1183,129.0,16512
1184,129.0,16512
1185,129.0,16512
1186,129.0,16512
1187,129.0,16512
1188,129.0,16512
1189,129.0,16512
1190,129.0,16512
1191,129.0,16512
1192,129.0,16512
1193,129.0,16512
1194,129.0,16512
1195,129.0,16512
1196,129.0,16512
1197,129.0,16512
1198,129.0,16512
1199,129.0,16512
1200,129.0,16512
1201,129.0,16512
1202,129.0,16512
1203,129.0,16512
1204,129.0,16512
1205,129.0,16512
1206,129.0,16512
1207,129.0,16512
1208,129.0,16512
1209,129.0,16512
1210,129.0,16512
1211,129.0,16512
1212,129.0,16512
1213,129.0,16512
1214,129.0,16512
1215,129.0,16512
1216,129.0,16512
1217,129.0,16512
1218,129.0,16512
1219,129.0,16512
1220,129.0,16512
1221,129.0,16512
1222,129.0,16512
1223,129.0,16512
1224,129.0,16512
1225,129.0,16512
1226,129.0,16512
1227,129.0,16512
1228,129.0,16512
1229,129.0,16512
1230,129.0,16512
1231,129.0,16512
1232,129.0,16512
1233,129.0,16512
1234,129.0,16512
1235,129.0,16512
1236,129.0,16512
1237,129.0,16512
1238,129.0,16512
1239,129.0,16512
1240,129.0,16512
1241,129.0,16512
1242,129.0,16512
1243,129.0,16512
1244,129.0,16512
1245,129.0,16512
1246,129.0,16512
1247,129.0,16512
1248,129.0,16512
1249,129.0,16512
1250,129.0,16512
1251,129.0,16512
1252,129.0,16512
1253,129.0,16512
1254,129.0,16512
1255,129.0,16512
1256,129.0,16512
1257,129.0,16512
1258,129.0,16512
1259,129.0,16512
1260,129.0,16512
1261,129.0,16512
1262,129.0,16512
1263,129.0,16512
1264,129.0,16512
1265,129.0,16512
1266,129.0,16512
1267,129.0,16512
1268,129.0,16512
1269,129.0,16512
1270,129.0,16512
1271,129.0,16512
1272,129.0,16512
1273,129.0,16512
1274,129.0,16512
1275,129.0,16512
1276,129.0,16512
1277,129.0,16512
1278,129.0,16512
1279,129.0,16512
1280,129.0,16512
1281,129.0,16512
1282,129.0,16512
1283,129.0,16512
1284,129.0,16512
1285,129.0,16512
1286,129.0,16512
1287,129.0,16512
1288,129.0,16512
1289,129.0,16512
1290,129.0,16512
1291,129.0,16512
1292,129.0,16512
1293,129.0,16512
1294,129.0,16512
1295,129.0,16512
1296,129.0,16512
1297,129.0,16512
1298,129.0,16512
1299,129.0,16512
1300,129.0,16512
1301,129.0,16512
1302,129.0,16512
1303,129.0,16512
1304,129.0,16512
1305,129.0,16512
1306,129.0,16512
1307,129.0,16512
1308,129.0,16512
1309,129.0,16512
1310,129.0,16512
1311,129.0,16512
1312,129.0,16512
1313,129.0,16512
1314,129.0,16512
1315,129.0,16512
1316,129.0,16512
1317,129.0,16512
1318,129.0,16512
1319,129.0,16512
1320,129.0,16512
1321,129.0,16512
1322,129.0,16512
1323,129.0,16512
1324,129.0,16512
1325,129.0,16512
1326,129.0,16512
1327,129.0,16512
1328,129.0,16512
1329,129.0,16512
1330,129.0,16512
1331,129.0,16512
1332,129.0,16512
1333,129.0,16512
1334,129.0,16512
1335,129.0,16512
1336,129.0,16512
1337,129.0,16512
1338,129.0,16512
1339,129.0,16512
1340,129.0,16512
1341,129.0,16512
1342,129.0,16512
1343,129.0,16512
1344,129.0,16512
1345,129.0,16512
1346,129.0,16512
1347,129.0,16512
1348,129.0,16512
1349,129.0,16512
1350,129.0,16512
1351,129.0,16512
1352,129.0,16512
1353,129.0,16512
1354,129.0,16512
1355,129.0,16512
1356,129.0,16512
1357,129.0,16512
1358,129.0,16512
1359,129.0,16512
1360,129.0,16512
1361,129.0,16512
1362,129.0,16512
1363,129.0,16512
1364,129.0,16512
1365,129.0,16512
1366,129.0,16512
1367,129.0,16512
1368,129.0,16512
1369,129.0,16512
1370,129.0,16512
1371,129.0,16512
1372,129.0,16512
1373,129.0,16512
1374,129.0,16512
1375,129.0,16512
1376,129.0,16512
1377,129.0,16512
1378,129.0,16512
1379,129.0,16512
1380,129.0,16512
1381,129.0,16512
1382,129.0,16512
1383,129.0,16512
1384,129.0,16512
1385,129.0,16512
1386,129.0,16512
1387,129.0,16512
1388,129.0,16512
1389,129.0,16512
1390,129.0,16512
1391,129.0,16512
1392,129.0,16512
1393,129.0,16512
1394,129.0,16512
1395,129.0,16512
1396,129.0,16512
1397,129.0,16512
1398,129.0,16512
1399,129.0,16512
1400,129.0,16512
1401,129.0,16512
1402,129.0,16512
1403,129.0,16512
1404,129.0,16512
1405,129.0,16512
1406,129.0,16512
1407,129.0,16512
1408,129.0,16512
1409,129.0,16512
1410,129.0,16512
1411,129.0,16512
1412,129.0,16512
1413,129.0,16512
1414,129.0,16512
1415,129.0,16512
1416,129.0,16512
1417,129.0,16512
1418,129.0,16512
1419,129.0,16512
1420,129.0,16512
1421,129.0,16512
1422,129.0,16512
1423,129.0,16512
1424,129.0,16512
1425,129.0,16512
1426,129.0,16512
1427,129.0,16512
1428,129.0,16512
1429,129.0,16512
1430,129.0,16512
1431,129.0,16512
1432,129.0,16512
1433,129.0,16512
1434,129.0,16512
1435,129.0,16512
1436,129.0,16512
1437,129.0,16512
1438,129.0,16512
1439,129.0,16512
1440,129.0,16512
1441,129.0,16512
1442,129.0,16512
1443,129.0,16512
1444,129.0,16512
1445,129.0,16512
1446,129.0,16512
1447,129.0,16512
1448,129.0,16512
1449,129.0,16512
1450,129.0,16512
1451,129.0,16512
1452,129.0,16512
1453,129.0,16512
1454,129.0,16512
1455,129.0,16512
1456,129.0,16512
1457,129.0,16512
1458,129.0,16512
1459,129.0,16512
1460,129.0,16512
1461,129.0,16512
1462,129.0,16512
1463,129.0,16512
1464,129.0,16512
1465,129.0,16512
1466,129.0,16512
1467,129.0,16512
1468,129.0,16512
1469,129.0,16512
1470,129.0,16512
1471,129.0,16512
1472,129.0,16512
1473,129.0,16512
1474,129.0,16512
1475,129.0,16512
1476,129.0,16512
1477,129.0,16512
1478,129.0,16512
1479,129.0,16512
1480,129.0,16512
1481,129.0,16512
1482,129.0,16512
1483,129.0,16512
1484,129.0,16512
1485,129.0,16512
1486,129.0,16512
1487,129.0,16512
1488,129.0,16512
1489,129.0,16512
1490,129.0,16512
1491,129.0,16512
1492,129.0,16512
1493,129.0,16512
1494,129.0,16512
1495,129.0,16512
1496,129.0,16512
1497,129.0,16512
1498,129.0,16512
1499,129.0,16512
1500,129.0,16512
1501,129.0,16512
1502,129.0,16512
1503,129.0,16512
1504,129.0,16512
1505,129.0,16512
1506,129.0,16512
1507,129.0,16512
1508,129.0,16512
1509,129.0,16512
1510,129.0,16512
1511,129.0,16512
1512,129.0,16512
1513,129.0,16512
1514,129.0,16512
1515,129.0,16512
1516,129.0,16512
1517,129.0,16512
1518,129.0,16512
1519,129.0,16512
1520,129.0,16512
1521,129.0,16512
1522,129.0,16512
1523,129.0,16512
1524,129.0,16512
1525,129.0,16512
1526,129.0,16512
1527,129.0,16512
1528,129.0,16512
1529,129.0,16512
1530,129.0,16512
1531,129.0,16512
1532,129.0,16512
1533,129.0,16512
1534,129.0,16512
1535,129.0,16512
1536,129.0,16512
1537,129.0,16512
1538,129.0,16512
1539,129.0,16512
1540,129.0,16512
1541,129.0,16512
1542,129.0,16512
1543,129.0,16512
1544,129.0,16512
1545,129.0,16512
1546,129.0,16512
1547,129.0,16512
1548,129.0,16512
1549,129.0,16512
1550,129.0,16512
1551,129.0,16512
1552,129.0,16512
1553,129.0,16512
1554,129.0,16512
1555,129.0,16512
1556,129.0,16512
1557,129.0,16512
1558,129.0,16512
1559,129.0,16512
1560,129.0,16512
1561,129.0,16512
1562,129.0,16512
1563,129.0,16512
1564,129.0,16512
1565,129.0,16512
1566,129.0,16512
1567,129.0,16512
1568,129.0,16512
1569,129.0,16512
1570,129.0,16512
1571,129.0,16512
1572,129.0,16512
1573,129.0,16512
1574,129.0,16512
1575,129.0,16512
1576,129.0,16512
1577,129.0,16512
1578,129.0,16512
1579,129.0,16512
1580,129.0,16512
1581,129.0,16512
1582,129.0,16512
1583,129.0,16512
1584,129.0,16512
1585,129.0,16512
1586,129.0,16512
1587,129.0,16512
1588,129.0,16512
1589,129.0,16512
1590,129.0,16512
1591,129.0,16512
1592,129.0,16512
1593,129.0,16512
1594,129.0,16512
1595,129.0,16512
1596,129.0,16512
1597,129.0,16512
1598,129.0,16512
1599,129.0,16512
1600,129.0,16512
1601,129.0,16512
1602,129.0,16512
1603,129.0,16512
1604,129.0,16512
1605,129.0,16512
1606,129.0,16512
1607,129.0,16512
1608,129.0,16512
1609,129.0,16512
1610,129.0,16512
1611,129.0,16512
1612,129.0,16512
1613,129.0,16512
1614,129.0,16512
1615,129.0,16512
1616,129.0,16512
1617,129.0,16512
1618,129.0,16512
1619,129.0,16512
1620,129.0,16512
1621,129.0,16512
1622,129.0,16512
1623,129.0,16512
1624,129.0,16512
1625,129.0,16512
1626,129.0,16512
1627,129.0,16512
1628,129.0,16512
1629,129.0,16512
1630,129.0,16512
1631,129.0,16512
1632,129.0,16512
1633,129.0,16512
1634,129.0,16512
1635,129.0,16512
1636,129.0,16512
1637,129.0,16512
1638,129.0,16512
1639,129.0,16512
1640,129.0,16512
1641,129.0,16512
1642,129.0,16512
1643,129.0,16512
1644,129.0,16512
1645,129.0,16512
1646,129.0,16512
1647,129.0,16512
1648,129.0,16512
1649,129.0,16512
1650,129.0,16512
1651,129.0,16512
1652,129.0,16512
1653,129.0,16512
1654,129.0,16512
1655,129.0,16512
1656,129.0,16512
1657,129.0,16512
1658,129.0,16512
1659,129.0,16512
1660,129.0,16512
1661,129.0,16512
1662,129.0,16512
1663,129.0,16512
1664,129.0,16512
1665,129.0,16512
1666,129.0,16512
1667,129.0,16512
1668,129.0,16512
1669,129.0,16512
1670,129.0,16512
1671,129.0,16512
1672,129.0,16512
1673,129.0,16512
1674,129.0,16512
1675,129.0,16512
1676,129.0,16512
1677,129.0,16512
1678,129.0,16512
1679,129.0,16512
1680,129.0,16512
1681,129.0,16512
1682,129.0,16512
1683,129.0,16512
1684,129.0,16512
1685,129.0,16512
1686,129.0,16512
1687,129.0,16512
1688,129.0,16512
1689,129.0,16512
1690,129.0,16512
1691,129.0,16512
1692,129.0,16512
1693,129.0,16512
1694,129.0,16512
1695,129.0,16512
1696,129.0,16512
1697,129.0,16512
1698,129.0,16512
1699,129.0,16512
1700,129.0,16512
1701,129.0,16512
1702,129.0,16512
1703,129.0,16512
1704,129.0,16512
1705,129.0,16512
1706,129.0,16512
1707,129.0,16512
1708,129.0,16512
1709,129.0,16512
1710,129.0,16512
1711,129.0,16512
1712,129.0,16512
1713,129.0,16512
1714,129.0,16512
1715,129.0,16512
1716,129.0,16512
1717,129.0,16512
1718,129.0,16512
1719,129.0,16512
1720,129.0,16512
1721,137.0,17536
1722,137.0,17536
1723,129.0,16512
1724,137.0,17536
1725,129.0,16512
1726,129.0,16512
1727,129.0,16512
1728,129.0,16512
1729,129.0,16512
1730,129.0,16512
1731,129.0,16512
1732,129.0,16512
1733,137.0,17536
1734,137.0,17536
1735,137.0,17536
1736,137.0,17536
1737,137.0,17536
1738,137.0,17536
1739,137.0,17536
1740,137.0,17536
1741,137.0,17536
1742,137.0,17536
1743,137.0,17536
1744,137.0,17536
1745,137.0,17536
1746,137.0,17536
1747,137.0,17536
1748,137.0,17536
1749,137.0,17536
1750,137.0,17536
1751,137.0,17536
1752,137.0,17536
1753,137.0,17536
1754,137.0,17536
1755,137.0,17536
1756,137.0,17536
1757,137.0,17536
1758,137.0,17536
1759,137.0,17536
1760,137.0,17536
1761,137.0,17536
1762,137.0,17536
1763,137.0,17536
1764,137.0,17536
1765,137.0,17536
1766,137.0,17536
1767,137.0,17536
1768,137.0,17536
1769,137.0,17536
1770,137.0,17536
1771,137.0,17536
1772,137.0,17536
1773,137.0,17536
1774,137.0,17536
1775,137.0,17536
1776,137.0,17536
1777,137.0,17536
1778,137.0,17536
1779,137.0,17536
1780,137.0,17536
1781,137.0,17536
1782,137.0,17536
1783,137.0,17536
1784,137.0,17536
1785,137.0,17536
1786,137.0,17536
1787,137.0,17536
1788,137.0,17536
1789,137.0,17536
1790,137.0,17536
1791,137.0,17536
1792,137.0,17536
1793,137.0,17536
1794,137.0,17536
1795,137.0,17536
1796,137.0,17536
1797,137.0,17536
1798,137.0,17536
1799,137.0,17536
1800,137.0,17536
1801,137.0,17536
1802,137.0,17536
1803,137.0,17536
1804,137.0,17536
1805,137.0,17536
1806,137.0,17536
1807,137.0,17536
1808,137.0,17536
1809,137.0,17536
1810,137.0,17536
1811,137.0,17536
1812,137.0,17536
1813,137.0,17536
1814,137.0,17536
1815,137.0,17536
1816,137.0,17536
1817,137.0,17536
1818,137.0,17536
1819,137.0,17536
1820,137.0,17536
1821,137.0,17536
1822,137.0,17536
1823,137.0,17536
1824,137.0,17536
1825,137.0,17536
1826,137.0,17536
1827,137.0,17536
1828,137.0,17536
1829,137.0,17536
1830,137.0,17536
1831,137.0,17536
1832,137.0,17536
1833,137.0,17536
1834,137.0,17536
1835,137.0,17536
1836,137.0,17536
1837,137.0,17536
1838,129.0,16512
1839,137.0,17536
1840,129.0,16512
1841,129.0,16512
1842,137.0,17536
1843,137.0,17536
1844,137.0,17536
1845,129.0,16512
1846,129.0,16512
1847,129.0,16512
1848,129.0,16512
1849,129.0,16512
1850,129.0,16512
1851,129.0,16512
1852,129.0,16512
1853,129.0,16512
1854,129.0,16512
1855,129.0,16512
1856,129.0,16512
1857,129.0,16512
1858,129.0,16512
1859,129.0,16512
1860,129.0,16512
1861,129.0,16512
1862,129.0,16512
1863,129.0,16512
1864,129.0,16512
1865,137.0,17536
1866,129.0,16512
1867,129.0,16512
1868,129.0,16512
1869,129.0,16512
1870,129.0,16512
1871,129.0,16512
1872,129.0,16512
1873,129.0,16512
1874,129.0,16512
1875,129.0,16512
1876,129.0,16512
1877,129.0,16512
1878,129.0,16512
1879,129.0,16512
1880,129.0,16512
1881,129.0,16512
1882,129.0,16512
1883,129.0,16512
1884,129.0,16512
1885,129.0,16512
1886,129.0,16512
1887,129.0,16512
1888,129.0,16512
1889,129.0,16512
1890,129.0,16512
1891,129.0,16512
1892,129.0,16512
1893,129.0,16512
1894,129.0,16512
1895,129.0,16512
1896,129.0,16512
1897,129.0,16512
1898,129.0,16512
1899,129.0,16512
1900,129.0,16512
1901,129.0,16512
1902,129.0,16512
1903,129.0,16512
1904,129.0,16512
1905,129.0,16512
1906,129.0,16512
1907,129.0,16512
1908,129.0,16512
1909,129.0,16512
1910,129.0,16512
1911,129.0,16512
1912,129.0,16512
1913,129.0,16512
1914,129.0,16512
1915,129.0,16512
1916,129.0,16512
1917,129.0,16512
1918,129.0,16512
1919,129.0,16512
1920,129.0,16512
1921,129.0,16512
1922,129.0,16512
1923,129.0,16512
1924,129.0,16512
1925,129.0,16512
1926,129.0,16512
1927,129.0,16512
1928,129.0,16512
1929,129.0,16512
1930,129.0,16512
1931,129.0,16512
1932,129.0,16512
1933,129.0,16512
1934,129.0,16512
1935,129.0,16512
1936,129.0,16512
1937,129.0,16512
1938,129.0,16512
1939,129.0,16512
1940,129.0,16512
1941,129.0,16512
1942,129.0,16512
1943,129.0,16512
1944,129.0,16512
1945,129.0,16512
1946,129.0,16512
1947,129.0,16512
1948,129.0,16512
1949,129.0,16512
1950,129.0,16512
1951,129.0,16512
1952,129.0,16512
1953,129.0,16512
1954,129.0,16512
1955,129.0,16512
1956,129.0,16512
1957,129.0,16512
1958,129.0,16512
1959,129.0,16512
1960,129.0,16512
1961,129.0,16512
1962,129.0,16512
1963,129.0,16512
1964,129.0,16512
1965,129.0,16512
1966,129.0,16512
1967,129.0,16512
1968,129.0,16512
1969,129.0,16512
1970,129.0,16512
1971,129.0,16512
1972,129.0,16512
1973,129.0,16512
1974,129.0,16512
1975,129.0,16512
1976,129.0,16512
1977,129.0,16512
1978,129.0,16512
1979,129.0,16512
1980,129.0,16512
1981,129.0,16512
1982,129.0,16512
1983,129.0,16512
1984,129.0,16512
1985,129.0,16512
1986,129.0,16512
1987,129.0,16512
1988,129.0,16512
1989,129.0,16512
1990,129.0,16512
1991,129.0,16512
1992,129.0,16512
1993,129.0,16512
1994,129.0,16512
1995,129.0,16512
1996,129.0,16512
1997,129.0,16512
1998,129.0,16512
1999,129.0,16512
2000,129.0,16512
