RandomSeed,1526,Population size:128,Bit Length:64,Crossover Rate:0.7,Mutation Rate:0.005
gen,BestFitness,FitnessEval
1,9.0,1152
2,17.0,2176
3,33.0,4224
4,33.0,4224
5,41.0,5248
6,41.0,5248
7,41.0,5248
8,41.0,5248
9,41.0,5248
10,41.0,5248
11,41.0,5248
12,49.0,6272
13,49.0,6272
14,49.0,6272
15,49.0,6272
16,49.0,6272
17,49.0,6272
18,65.0,8320
19,41.0,5248
20,65.0,8320
21,65.0,8320
22,41.0,5248
23,41.0,5248
24,41.0,5248
25,41.0,5248
26,41.0,5248
27,41.0,5248
28,41.0,5248
29,49.0,6272
30,49.0,6272
31,49.0,6272
32,49.0,6272
33,49.0,6272
34,49.0,6272
35,49.0,6272
36,49.0,6272
37,49.0,6272
38,49.0,6272
39,41.0,5248
40,41.0,5248
41,41.0,5248
42,41.0,5248
43,41.0,5248
44,41.0,5248
45,41.0,5248
46,41.0,5248
47,41.0,5248
48,41.0,5248
49,41.0,5248
50,41.0,5248
51,41.0,5248
52,41.0,5248
53,41.0,5248
54,41.0,5248
55,41.0,5248
56,49.0,6272
57,41.0,5248
58,41.0,5248
59,41.0,5248
60,41.0,5248
61,41.0,5248
62,41.0,5248
63,41.0,5248
64,41.0,5248
65,41.0,5248
66,41.0,5248
67,41.0,5248
68,41.0,5248
69,41.0,5248
70,41.0,5248
71,41.0,5248
72,41.0,5248
73,41.0,5248
74,49.0,6272
75,41.0,5248
76,41.0,5248
77,41.0,5248
78,41.0,5248
79,41.0,5248
80,41.0,5248
81,41.0,5248
82,41.0,5248
83,41.0,5248
84,41.0,5248
85,41.0,5248
86,41.0,5248
87,49.0,6272
88,41.0,5248
89,41.0,5248
90,41.0,5248
91,49.0,6272
92,49.0,6272
93,49.0,6272
94,49.0,6272
95,41.0,5248
96,41.0,5248
97,41.0,5248
98,41.0,5248
99,41.0,5248
100,41.0,5248
101,41.0,5248
102,41.0,5248
103,41.0,5248
104,41.0,5248
105,41.0,5248
106,41.0,5248
107,41.0,5248
108,41.0,5248
109,41.0,5248
110,41.0,5248
111,41.0,5248
112,41.0,5248
113,41.0,5248
114,41.0,5248
115,41.0,5248
116,41.0,5248
117,41.0,5248
118,41.0,5248
119,41.0,5248
120,41.0,5248
121,41.0,5248
122,41.0,5248
123,49.0,6272
124,49.0,6272
125,49.0,6272
126,49.0,6272
127,41.0,5248
128,49.0,6272
129,41.0,5248
130,41.0,5248
131,41.0,5248
132,41.0,5248
133,41.0,5248
134,41.0,5248
135,41.0,5248
136,41.0,5248
137,41.0,5248
138,41.0,5248
139,41.0,5248
140,41.0,5248
141,41.0,5248
142,41.0,5248
143,41.0,5248
144,41.0,5248
145,41.0,5248
146,41.0,5248
147,41.0,5248
148,49.0,6272
149,49.0,6272
150,49.0,6272
151,41.0,5248
152,41.0,5248
153,41.0,5248
154,41.0,5248
155,41.0,5248
156,49.0,6272
157,49.0,6272
158,49.0,6272
159,49.0,6272
160,49.0,6272
161,49.0,6272
162,41.0,5248
163,49.0,6272
164,49.0,6272
165,49.0,6272
166,49.0,6272
167,49.0,6272
168,49.0,6272
169,49.0,6272
170,41.0,5248
171,41.0,5248
172,41.0,5248
173,41.0,5248
174,41.0,5248
175,41.0,5248
176,49.0,6272
177,41.0,5248
178,41.0,5248
179,41.0,5248
180,41.0,5248
181,41.0,5248
182,41.0,5248
183,41.0,5248
184,41.0,5248
185,41.0,5248
186,41.0,5248
187,41.0,5248
188,41.0,5248
189,41.0,5248
190,41.0,5248
191,41.0,5248
192,41.0,5248
193,41.0,5248
194,41.0,5248
195,41.0,5248
196,41.0,5248
197,41.0,5248
198,41.0,5248
199,41.0,5248
200,41.0,5248
201,41.0,5248
202,41.0,5248
203,41.0,5248
204,41.0,5248
205,41.0,5248
206,41.0,5248
207,41.0,5248
208,41.0,5248
209,41.0,5248
210,41.0,5248
211,41.0,5248
212,41.0,5248
213,41.0,5248
214,41.0,5248
215,41.0,5248
216,41.0,5248
217,41.0,5248
218,41.0,5248
219,41.0,5248
220,41.0,5248
221,41.0,5248
222,41.0,5248
223,41.0,5248
224,41.0,5248
225,41.0,5248
226,41.0,5248
227,49.0,6272
228,49.0,6272
229,49.0,6272
230,41.0,5248
231,49.0,6272
232,41.0,5248
233,41.0,5248
234,41.0,5248
235,41.0,5248
236,49.0,6272
237,41.0,5248
238,49.0,6272
239,49.0,6272
240,49.0,6272
241,49.0,6272
242,49.0,6272
243,49.0,6272
244,49.0,6272
245,49.0,6272
246,49.0,6272
247,49.0,6272
248,73.0,9344
249,49.0,6272
250,49.0,6272
251,49.0,6272
252,49.0,6272
253,49.0,6272
254,49.0,6272
255,49.0,6272
256,49.0,6272
257,49.0,6272
258,49.0,6272
259,49.0,6272
260,49.0,6272
261,73.0,9344
262,49.0,6272
263,49.0,6272
264,49.0,6272
265,49.0,6272
266,65.0,8320
267,65.0,8320
268,65.0,8320
269,73.0,9344
270,73.0,9344
271,73.0,9344
272,73.0,9344
273,73.0,9344
274,73.0,9344
275,73.0,9344
276,73.0,9344
277,73.0,9344
278,73.0,9344
279,73.0,9344
280,73.0,9344
281,73.0,9344
282,73.0,9344
283,73.0,9344
284,73.0,9344
285,73.0,9344
286,73.0,9344
287,73.0,9344
288,73.0,9344
289,73.0,9344
290,73.0,9344
291,73.0,9344
292,73.0,9344
293,73.0,9344
294,73.0,9344
295,73.0,9344
296,73.0,9344
297,73.0,9344
298,73.0,9344
299,73.0,9344
300,73.0,9344
301,73.0,9344
302,73.0,9344
303,73.0,9344
304,73.0,9344
305,73.0,9344
306,73.0,9344
307,73.0,9344
308,73.0,9344
309,73.0,9344
310,73.0,9344
311,73.0,9344
312,73.0,9344
313,73.0,9344
314,73.0,9344
315,73.0,9344
316,73.0,9344
317,73.0,9344
318,73.0,9344
319,73.0,9344
320,73.0,9344
321,73.0,9344
322,73.0,9344
323,73.0,9344
324,73.0,9344
325,73.0,9344
326,73.0,9344
327,73.0,9344
328,73.0,9344
329,73.0,9344
330,73.0,9344
331,73.0,9344
332,73.0,9344
333,73.0,9344
334,73.0,9344
335,73.0,9344
336,73.0,9344
337,73.0,9344
338,73.0,9344
339,73.0,9344
340,73.0,9344
341,73.0,9344
342,73.0,9344
343,73.0,9344
344,73.0,9344
345,129.0,16512
346,129.0,16512
347,73.0,9344
348,73.0,9344
349,73.0,9344
350,73.0,9344
351,73.0,9344
352,73.0,9344
353,73.0,9344
354,129.0,16512
355,129.0,16512
356,129.0,16512
357,129.0,16512
358,73.0,9344
359,137.0,17536
360,129.0,16512
361,129.0,16512
362,129.0,16512
363,129.0,16512
364,129.0,16512
365,129.0,16512
366,129.0,16512
367,129.0,16512
368,129.0,16512
369,129.0,16512
370,129.0,16512
371,129.0,16512
372,129.0,16512
373,129.0,16512
374,129.0,16512
375,129.0,16512
376,129.0,16512
377,129.0,16512
378,129.0,16512
379,129.0,16512
380,129.0,16512
381,129.0,16512
382,129.0,16512
383,129.0,16512
384,129.0,16512
385,129.0,16512
386,129.0,16512
387,129.0,16512
388,129.0,16512
389,129.0,16512
390,137.0,17536
391,137.0,17536
392,137.0,17536
393,137.0,17536
394,137.0,17536
395,137.0,17536
396,137.0,17536
397,137.0,17536
398,137.0,17536
399,137.0,17536
400,137.0,17536
401,137.0,17536
402,129.0,16512
403,129.0,16512
404,129.0,16512
405,129.0,16512
406,129.0,16512
407,129.0,16512
408,129.0,16512
409,129.0,16512
410,129.0,16512
411,129.0,16512
412,129.0,16512
413,129.0,16512
414,129.0,16512
415,129.0,16512
416,129.0,16512
417,129.0,16512
418,129.0,16512
419,129.0,16512
420,129.0,16512
421,129.0,16512
422,129.0,16512
423,129.0,16512
424,129.0,16512
425,129.0,16512
426,129.0,16512
427,129.0,16512
428,129.0,16512
429,129.0,16512
430,129.0,16512
431,129.0,16512
432,129.0,16512
433,129.0,16512
434,129.0,16512
435,129.0,16512
436,129.0,16512
437,129.0,16512
438,129.0,16512
439,129.0,16512
440,129.0,16512
441,129.0,16512
442,129.0,16512
443,129.0,16512
444,129.0,16512
445,129.0,16512
446,129.0,16512
447,129.0,16512
448,129.0,16512
449,137.0,17536
450,137.0,17536
451,129.0,16512
452,129.0,16512
453,129.0,16512
454,129.0,16512
455,129.0,16512
456,129.0,16512
457,129.0,16512
458,129.0,16512
459,129.0,16512
460,129.0,16512
461,129.0,16512
462,129.0,16512
463,129.0,16512
464,129.0,16512
465,129.0,16512
466,129.0,16512
467,129.0,16512
468,129.0,16512
469,129.0,16512
470,129.0,16512
471,129.0,16512
472,129.0,16512
473,129.0,16512
474,129.0,16512
475,129.0,16512
476,129.0,16512
477,129.0,16512
478,129.0,16512
479,129.0,16512
480,129.0,16512
481,129.0,16512
482,129.0,16512
483,129.0,16512
484,129.0,16512
485,129.0,16512
486,129.0,16512
487,129.0,16512
488,129.0,16512
489,129.0,16512
490,129.0,16512
491,129.0,16512
492,129.0,16512
493,129.0,16512
494,129.0,16512
495,129.0,16512
496,129.0,16512
497,129.0,16512
498,129.0,16512
499,129.0,16512
500,129.0,16512
501,129.0,16512
502,129.0,16512
503,129.0,16512
504,129.0,16512
505,129.0,16512
506,129.0,16512
507,129.0,16512
508,129.0,16512
509,129.0,16512
510,129.0,16512
511,129.0,16512
512,129.0,16512
513,129.0,16512
514,129.0,16512
515,129.0,16512
516,129.0,16512
517,129.0,16512
518,129.0,16512
519,129.0,16512
520,129.0,16512
521,129.0,16512
522,129.0,16512
523,129.0,16512
524,129.0,16512
525,129.0,16512
526,129.0,16512
527,129.0,16512
528,129.0,16512
529,129.0,16512
530,129.0,16512
531,129.0,16512
532,129.0,16512
533,129.0,16512
534,129.0,16512
535,129.0,16512
536,129.0,16512
537,129.0,16512
538,129.0,16512
539,129.0,16512
540,129.0,16512
541,129.0,16512
542,129.0,16512
543,129.0,16512
544,129.0,16512
545,129.0,16512
546,129.0,16512
547,129.0,16512
548,129.0,16512
549,129.0,16512
550,129.0,16512
551,129.0,16512
552,129.0,16512
553,129.0,16512
554,129.0,16512
555,129.0,16512
556,129.0,16512
557,129.0,16512
558,129.0,16512
559,129.0,16512
560,129.0,16512
561,129.0,16512
562,129.0,16512
563,129.0,16512
564,129.0,16512
565,129.0,16512
566,129.0,16512
567,129.0,16512
568,129.0,16512
569,129.0,16512
570,129.0,16512
571,129.0,16512
572,129.0,16512
573,129.0,16512
574,129.0,16512
575,129.0,16512
576,129.0,16512
577,129.0,16512
578,129.0,16512
579,129.0,16512
580,129.0,16512
581,129.0,16512
582,129.0,16512
583,129.0,16512
584,129.0,16512
585,129.0,16512
586,129.0,16512
587,129.0,16512
588,129.0,16512
589,129.0,16512
590,129.0,16512
591,129.0,16512
592,129.0,16512
593,129.0,16512
594,129.0,16512
595,129.0,16512
596,129.0,16512
597,129.0,16512
598,129.0,16512
599,129.0,16512
600,129.0,16512
601,129.0,16512
602,129.0,16512
603,129.0,16512
604,129.0,16512
605,129.0,16512
606,129.0,16512
607,129.0,16512
608,129.0,16512
609,129.0,16512
610,129.0,16512
611,129.0,16512
612,129.0,16512
613,129.0,16512
614,129.0,16512
615,129.0,16512
616,129.0,16512
617,129.0,16512
618,129.0,16512
619,129.0,16512
620,129.0,16512
621,129.0,16512
622,129.0,16512
623,129.0,16512
624,129.0,16512
625,129.0,16512
626,129.0,16512
627,129.0,16512
628,129.0,16512
629,129.0,16512
630,129.0,16512
631,129.0,16512
632,129.0,16512
633,129.0,16512
634,129.0,16512
635,129.0,16512
636,129.0,16512
637,129.0,16512
638,129.0,16512
639,129.0,16512
640,129.0,16512
641,129.0,16512
642,129.0,16512
643,129.0,16512
644,129.0,16512
645,129.0,16512
646,129.0,16512
647,129.0,16512
648,129.0,16512
649,129.0,16512
650,129.0,16512
651,129.0,16512
652,129.0,16512
653,129.0,16512
654,129.0,16512
655,129.0,16512
656,129.0,16512
657,129.0,16512
658,129.0,16512
659,129.0,16512
660,129.0,16512
661,129.0,16512
662,129.0,16512
663,129.0,16512
664,129.0,16512
665,129.0,16512
666,129.0,16512
667,129.0,16512
668,129.0,16512
669,129.0,16512
670,129.0,16512
671,129.0,16512
672,129.0,16512
673,129.0,16512
674,129.0,16512
675,129.0,16512
676,129.0,16512
677,129.0,16512
678,129.0,16512
679,129.0,16512
680,129.0,16512
681,129.0,16512
682,129.0,16512
683,129.0,16512
684,129.0,16512
685,129.0,16512
686,129.0,16512
687,129.0,16512
688,129.0,16512
689,129.0,16512
690,129.0,16512
691,129.0,16512
692,129.0,16512
693,129.0,16512
694,129.0,16512
695,129.0,16512
696,129.0,16512
697,129.0,16512
698,129.0,16512
699,129.0,16512
700,129.0,16512
701,129.0,16512
702,129.0,16512
703,129.0,16512
704,129.0,16512
705,137.0,17536
706,129.0,16512
707,129.0,16512
708,129.0,16512
709,129.0,16512
710,137.0,17536
711,129.0,16512
712,129.0,16512
713,129.0,16512
714,129.0,16512
715,129.0,16512
716,129.0,16512
717,129.0,16512
718,129.0,16512
719,129.0,16512
720,129.0,16512
721,129.0,16512
722,129.0,16512
723,129.0,16512
724,129.0,16512
725,129.0,16512
726,105.0,13440
727,105.0,13440
728,105.0,13440
729,105.0,13440
730,129.0,16512
731,129.0,16512
732,129.0,16512
733,105.0,13440
734,105.0,13440
735,105.0,13440
736,105.0,13440
737,105.0,13440
738,129.0,16512
739,129.0,16512
740,129.0,16512
741,129.0,16512
742,129.0,16512
743,129.0,16512
744,105.0,13440
745,105.0,13440
746,113.0,14464
747,129.0,16512
748,105.0,13440
749,105.0,13440
750,105.0,13440
751,105.0,13440
752,105.0,13440
753,113.0,14464
754,113.0,14464
755,113.0,14464
756,105.0,13440
757,113.0,14464
758,113.0,14464
759,113.0,14464
760,105.0,13440
761,105.0,13440
762,105.0,13440
763,105.0,13440
764,105.0,13440
765,105.0,13440
766,105.0,13440
767,105.0,13440
768,105.0,13440
769,105.0,13440
770,105.0,13440
771,105.0,13440
772,105.0,13440
773,105.0,13440
774,105.0,13440
775,105.0,13440
776,105.0,13440
777,105.0,13440
778,105.0,13440
779,105.0,13440
780,105.0,13440
781,105.0,13440
782,105.0,13440
783,113.0,14464
784,105.0,13440
785,105.0,13440
786,105.0,13440
787,105.0,13440
788,105.0,13440
789,105.0,13440
790,105.0,13440
791,105.0,13440
792,105.0,13440
793,105.0,13440
794,105.0,13440
795,105.0,13440
796,105.0,13440
797,105.0,13440
798,105.0,13440
799,105.0,13440
800,105.0,13440
801,105.0,13440
802,105.0,13440
803,105.0,13440
804,105.0,13440
805,105.0,13440
806,105.0,13440
807,105.0,13440
808,105.0,13440
809,105.0,13440
810,105.0,13440
811,105.0,13440
812,105.0,13440
813,105.0,13440
814,105.0,13440
815,105.0,13440
816,105.0,13440
817,105.0,13440
818,105.0,13440
819,129.0,16512
820,129.0,16512
821,129.0,16512
822,105.0,13440
823,105.0,13440
824,105.0,13440
825,105.0,13440
826,105.0,13440
827,105.0,13440
828,105.0,13440
829,105.0,13440
830,105.0,13440
831,105.0,13440
832,105.0,13440
833,105.0,13440
834,105.0,13440
835,105.0,13440
836,105.0,13440
837,105.0,13440
838,105.0,13440
839,105.0,13440
840,105.0,13440
841,105.0,13440
842,105.0,13440
843,105.0,13440
844,105.0,13440
845,105.0,13440
846,105.0,13440
847,129.0,16512
848,129.0,16512
849,129.0,16512
850,129.0,16512
851,105.0,13440
852,105.0,13440
853,105.0,13440
854,105.0,13440
855,105.0,13440
856,105.0,13440
857,105.0,13440
858,105.0,13440
859,105.0,13440
860,105.0,13440
861,105.0,13440
862,105.0,13440
863,105.0,13440
864,105.0,13440
865,105.0,13440
866,105.0,13440
867,105.0,13440
868,105.0,13440
869,105.0,13440
870,105.0,13440
871,105.0,13440
872,105.0,13440
873,105.0,13440
874,105.0,13440
875,105.0,13440
876,105.0,13440
877,105.0,13440
878,105.0,13440
879,105.0,13440
880,105.0,13440
881,105.0,13440
882,105.0,13440
883,105.0,13440
884,105.0,13440
885,105.0,13440
886,105.0,13440
887,105.0,13440
888,105.0,13440
889,105.0,13440
890,105.0,13440
891,105.0,13440
892,105.0,13440
893,105.0,13440
894,105.0,13440
895,105.0,13440
896,105.0,13440
897,105.0,13440
898,105.0,13440
899,105.0,13440
900,105.0,13440
901,105.0,13440
902,105.0,13440
903,105.0,13440
904,105.0,13440
905,105.0,13440
906,105.0,13440
907,105.0,13440
908,105.0,13440
909,105.0,13440
910,105.0,13440
911,105.0,13440
912,105.0,13440
913,105.0,13440
914,105.0,13440
915,105.0,13440
916,105.0,13440
917,105.0,13440
918,105.0,13440
919,105.0,13440
920,105.0,13440
921,105.0,13440
922,105.0,13440
923,105.0,13440
924,105.0,13440
925,105.0,13440
926,105.0,13440
927,105.0,13440
928,105.0,13440
929,105.0,13440
930,105.0,13440
931,105.0,13440
932,105.0,13440
933,105.0,13440
934,105.0,13440
935,105.0,13440
936,105.0,13440
937,105.0,13440
938,105.0,13440
939,105.0,13440
940,105.0,13440
941,105.0,13440
942,105.0,13440
943,105.0,13440
944,105.0,13440
945,105.0,13440
946,105.0,13440
947,105.0,13440
948,105.0,13440
949,105.0,13440
950,105.0,13440
951,105.0,13440
952,105.0,13440
953,105.0,13440
954,105.0,13440
955,105.0,13440
956,105.0,13440
957,105.0,13440
958,105.0,13440
959,105.0,13440
960,105.0,13440
961,105.0,13440
962,105.0,13440
963,105.0,13440
964,105.0,13440
965,113.0,14464
966,105.0,13440
967,105.0,13440
968,105.0,13440
969,105.0,13440
970,105.0,13440
971,105.0,13440
972,105.0,13440
973,105.0,13440
974,105.0,13440
975,113.0,14464
976,105.0,13440
977,113.0,14464
978,113.0,14464
979,113.0,14464
980,113.0,14464
981,113.0,14464
982,113.0,14464
983,113.0,14464
984,113.0,14464
985,113.0,14464
986,113.0,14464
987,113.0,14464
988,105.0,13440
989,105.0,13440
990,105.0,13440
991,105.0,13440
992,105.0,13440
993,113.0,14464
994,113.0,14464
995,113.0,14464
996,113.0,14464
997,113.0,14464
998,113.0,14464
999,113.0,14464
1000,113.0,14464
1001,113.0,14464
1002,113.0,14464
1003,105.0,13440
1004,105.0,13440
1005,105.0,13440
1006,105.0,13440
1007,105.0,13440
1008,105.0,13440
1009,105.0,13440
1010,105.0,13440
1011,105.0,13440
1012,105.0,13440
1013,105.0,13440
1014,105.0,13440
1015,105.0,13440
1016,105.0,13440
1017,105.0,13440
1018,105.0,13440
1019,105.0,13440
1020,113.0,14464
1021,105.0,13440
1022,105.0,13440
1023,113.0,14464
1024,105.0,13440
1025,113.0,14464
1026,113.0,14464
1027,113.0,14464
1028,113.0,14464
1029,113.0,14464
1030,113.0,14464
1031,113.0,14464
1032,113.0,14464
1033,113.0,14464
1034,113.0,14464
1035,113.0,14464
1036,113.0,14464
1037,113.0,14464
1038,113.0,14464
1039,113.0,14464
1040,113.0,14464
1041,113.0,14464
1042,113.0,14464
1043,113.0,14464
1044,113.0,14464
1045,113.0,14464
1046,113.0,14464
1047,113.0,14464
1048,113.0,14464
1049,113.0,14464
1050,113.0,14464
1051,113.0,14464
1052,113.0,14464
1053,137.0,17536
1054,113.0,14464
1055,113.0,14464
1056,137.0,17536
1057,113.0,14464
1058,113.0,14464
1059,113.0,14464
1060,137.0,17536
1061,137.0,17536
1062,137.0,17536
1063,137.0,17536
1064,137.0,17536
1065,137.0,17536
1066,137.0,17536
1067,137.0,17536
1068,137.0,17536
1069,137.0,17536
1070,137.0,17536
1071,137.0,17536
1072,137.0,17536
1073,137.0,17536
1074,137.0,17536
1075,137.0,17536
1076,137.0,17536
1077,137.0,17536
1078,137.0,17536
1079,137.0,17536
1080,137.0,17536
1081,137.0,17536
1082,137.0,17536
1083,137.0,17536
1084,137.0,17536
1085,137.0,17536
1086,137.0,17536
1087,137.0,17536
1088,137.0,17536
1089,137.0,17536
1090,137.0,17536
1091,137.0,17536
1092,137.0,17536
1093,137.0,17536
1094,137.0,17536
1095,137.0,17536
1096,137.0,17536
1097,137.0,17536
1098,137.0,17536
1099,137.0,17536
1100,137.0,17536
1101,137.0,17536
1102,137.0,17536
1103,137.0,17536
1104,137.0,17536
1105,137.0,17536
1106,137.0,17536
1107,137.0,17536
1108,137.0,17536
1109,137.0,17536
1110,137.0,17536
1111,137.0,17536
1112,137.0,17536
1113,137.0,17536
1114,137.0,17536
1115,137.0,17536
1116,137.0,17536
1117,137.0,17536
1118,137.0,17536
1119,137.0,17536
1120,137.0,17536
1121,137.0,17536
1122,137.0,17536
1123,137.0,17536
1124,137.0,17536
1125,137.0,17536
1126,137.0,17536
1127,137.0,17536
1128,137.0,17536
1129,137.0,17536
1130,137.0,17536
1131,137.0,17536
1132,137.0,17536
1133,137.0,17536
1134,137.0,17536
1135,137.0,17536
1136,137.0,17536
1137,137.0,17536
1138,137.0,17536
1139,137.0,17536
1140,137.0,17536
1141,137.0,17536
1142,137.0,17536
1143,137.0,17536
1144,137.0,17536
1145,137.0,17536
1146,137.0,17536
1147,137.0,17536
1148,137.0,17536
1149,137.0,17536
1150,137.0,17536
1151,137.0,17536
1152,137.0,17536
1153,137.0,17536
1154,137.0,17536
1155,137.0,17536
1156,137.0,17536
1157,137.0,17536
1158,137.0,17536
1159,137.0,17536
1160,137.0,17536
1161,137.0,17536
1162,137.0,17536
1163,137.0,17536
1164,137.0,17536
1165,137.0,17536
1166,137.0,17536
1167,137.0,17536
1168,137.0,17536
1169,137.0,17536
1170,137.0,17536
1171,137.0,17536
1172,137.0,17536
1173,137.0,17536
1174,137.0,17536
1175,137.0,17536
1176,137.0,17536
1177,137.0,17536
1178,137.0,17536
1179,137.0,17536
1180,129.0,16512
1181,129.0,16512
1182,129.0,16512
1183,129.0,16512
1184,129.0,16512
1185,129.0,16512
1186,129.0,16512
1187,129.0,16512
1188,129.0,16512
1189,129.0,16512
1190,129.0,16512
1191,129.0,16512
1192,129.0,16512
1193,129.0,16512
1194,129.0,16512
1195,129.0,16512
1196,129.0,16512
1197,129.0,16512
1198,129.0,16512
1199,129.0,16512
1200,129.0,16512
1201,129.0,16512
1202,129.0,16512
1203,129.0,16512
1204,129.0,16512
1205,129.0,16512
1206,129.0,16512
1207,137.0,17536
1208,129.0,16512
1209,129.0,16512
1210,129.0,16512
1211,129.0,16512
1212,129.0,16512
1213,129.0,16512
1214,129.0,16512
1215,129.0,16512
1216,129.0,16512
1217,129.0,16512
1218,129.0,16512
1219,129.0,16512
1220,129.0,16512
1221,129.0,16512
1222,129.0,16512
1223,129.0,16512
1224,129.0,16512
1225,129.0,16512
1226,129.0,16512
1227,129.0,16512
1228,129.0,16512
1229,129.0,16512
1230,129.0,16512
1231,129.0,16512
1232,129.0,16512
1233,129.0,16512
1234,129.0,16512
1235,129.0,16512
1236,129.0,16512
1237,129.0,16512
1238,129.0,16512
1239,129.0,16512
1240,129.0,16512
1241,129.0,16512
1242,129.0,16512
1243,129.0,16512
1244,129.0,16512
1245,129.0,16512
1246,129.0,16512
1247,129.0,16512
1248,129.0,16512
1249,129.0,16512
1250,129.0,16512
1251,129.0,16512
1252,129.0,16512
1253,129.0,16512
1254,129.0,16512
1255,129.0,16512
1256,129.0,16512
1257,129.0,16512
1258,129.0,16512
1259,129.0,16512
1260,129.0,16512
1261,129.0,16512
1262,129.0,16512
1263,129.0,16512
1264,129.0,16512
1265,129.0,16512
1266,129.0,16512
1267,129.0,16512
1268,129.0,16512
1269,129.0,16512
1270,129.0,16512
1271,129.0,16512
1272,129.0,16512
1273,129.0,16512
1274,129.0,16512
1275,129.0,16512
1276,129.0,16512
1277,129.0,16512
1278,129.0,16512
1279,129.0,16512
1280,129.0,16512
1281,129.0,16512
1282,129.0,16512
1283,129.0,16512
1284,129.0,16512
1285,129.0,16512
1286,129.0,16512
1287,129.0,16512
1288,129.0,16512
1289,129.0,16512
1290,129.0,16512
1291,129.0,16512
1292,129.0,16512
1293,129.0,16512
1294,129.0,16512
1295,129.0,16512
1296,129.0,16512
1297,129.0,16512
1298,129.0,16512
1299,129.0,16512
1300,129.0,16512
1301,129.0,16512
1302,129.0,16512
1303,129.0,16512
1304,129.0,16512
1305,129.0,16512
1306,129.0,16512
1307,129.0,16512
1308,129.0,16512
1309,129.0,16512
1310,129.0,16512
1311,129.0,16512
1312,129.0,16512
1313,129.0,16512
1314,129.0,16512
1315,129.0,16512
1316,129.0,16512
1317,129.0,16512
1318,129.0,16512
1319,129.0,16512
1320,129.0,16512
1321,129.0,16512
1322,129.0,16512
1323,129.0,16512
1324,129.0,16512
1325,129.0,16512
1326,129.0,16512
1327,129.0,16512
1328,129.0,16512
1329,129.0,16512
1330,129.0,16512
1331,129.0,16512
1332,129.0,16512
1333,129.0,16512
1334,129.0,16512
1335,129.0,16512
1336,129.0,16512
1337,129.0,16512
1338,129.0,16512
1339,129.0,16512
1340,129.0,16512
1341,129.0,16512
1342,129.0,16512
1343,129.0,16512
1344,129.0,16512
1345,129.0,16512
1346,129.0,16512
1347,129.0,16512
1348,129.0,16512
1349,129.0,16512
1350,129.0,16512
1351,129.0,16512
1352,129.0,16512
1353,129.0,16512
1354,129.0,16512
1355,129.0,16512
1356,129.0,16512
1357,129.0,16512
1358,129.0,16512
1359,129.0,16512
1360,129.0,16512
1361,129.0,16512
1362,129.0,16512
1363,129.0,16512
1364,129.0,16512
1365,129.0,16512
1366,129.0,16512
1367,129.0,16512
1368,129.0,16512
1369,129.0,16512
1370,129.0,16512
1371,129.0,16512
1372,129.0,16512
1373,129.0,16512
1374,129.0,16512
1375,129.0,16512
1376,129.0,16512
1377,105.0,13440
1378,105.0,13440
1379,105.0,13440
1380,129.0,16512
1381,129.0,16512
1382,105.0,13440
1383,105.0,13440
1384,129.0,16512
1385,129.0,16512
1386,105.0,13440
1387,129.0,16512
1388,129.0,16512
1389,129.0,16512
1390,129.0,16512
1391,129.0,16512
1392,129.0,16512
1393,129.0,16512
1394,129.0,16512
1395,129.0,16512
1396,129.0,16512
1397,129.0,16512
1398,129.0,16512
1399,105.0,13440
1400,105.0,13440
1401,105.0,13440
1402,105.0,13440
1403,105.0,13440
1404,105.0,13440
1405,105.0,13440
1406,105.0,13440
1407,105.0,13440
1408,105.0,13440
1409,105.0,13440
1410,105.0,13440
1411,105.0,13440
1412,105.0,13440
1413,105.0,13440
1414,105.0,13440
1415,105.0,13440
1416,105.0,13440
1417,105.0,13440
1418,105.0,13440
1419,105.0,13440
1420,105.0,13440
1421,105.0,13440
1422,105.0,13440
1423,105.0,13440
1424,105.0,13440
1425,105.0,13440
1426,105.0,13440
1427,105.0,13440
1428,105.0,13440
1429,113.0,14464
1430,113.0,14464
1431,105.0,13440
1432,105.0,13440
1433,105.0,13440
1434,105.0,13440
1435,105.0,13440
1436,105.0,13440
1437,105.0,13440
1438,105.0,13440
1439,105.0,13440
1440,105.0,13440
1441,105.0,13440
1442,105.0,13440
1443,105.0,13440
1444,105.0,13440
1445,105.0,13440
1446,105.0,13440
1447,105.0,13440
1448,105.0,13440
1449,105.0,13440
1450,105.0,13440
1451,105.0,13440
1452,105.0,13440
1453,105.0,13440
1454,105.0,13440
1455,105.0,13440
1456,105.0,13440
1457,105.0,13440
1458,105.0,13440
1459,105.0,13440
1460,105.0,13440
1461,105.0,13440
1462,105.0,13440
1463,105.0,13440
1464,105.0,13440
1465,105.0,13440
1466,105.0,13440
1467,105.0,13440
1468,105.0,13440
1469,105.0,13440
1470,105.0,13440
1471,129.0,16512
1472,105.0,13440
1473,129.0,16512
1474,105.0,13440
1475,105.0,13440
1476,105.0,13440
1477,105.0,13440
1478,105.0,13440
1479,105.0,13440
1480,129.0,16512
1481,105.0,13440
1482,105.0,13440
1483,105.0,13440
1484,105.0,13440
1485,105.0,13440
1486,105.0,13440
1487,105.0,13440
1488,105.0,13440
1489,105.0,13440
1490,105.0,13440
1491,105.0,13440
1492,105.0,13440
1493,129.0,16512
1494,105.0,13440
1495,105.0,13440
1496,129.0,16512
1497,105.0,13440
1498,105.0,13440
1499,129.0,16512
1500,105.0,13440
1501,129.0,16512
1502,129.0,16512
1503,129.0,16512
1504,105.0,13440
1505,129.0,16512
1506,129.0,16512
1507,129.0,16512
1508,105.0,13440
1509,129.0,16512
1510,105.0,13440
1511,105.0,13440
1512,105.0,13440
1513,105.0,13440
1514,105.0,13440
1515,105.0,13440
1516,105.0,13440
1517,105.0,13440
1518,105.0,13440
1519,105.0,13440
1520,105.0,13440
1521,105.0,13440
1522,105.0,13440
1523,105.0,13440
1524,105.0,13440
1525,105.0,13440
1526,105.0,13440
1527,105.0,13440
1528,105.0,13440
1529,105.0,13440
1530,105.0,13440
1531,105.0,13440
1532,105.0,13440
1533,129.0,16512
1534,105.0,13440
1535,105.0,13440
1536,105.0,13440
1537,105.0,13440
1538,105.0,13440
1539,105.0,13440
1540,105.0,13440
1541,105.0,13440
1542,105.0,13440
1543,105.0,13440
1544,129.0,16512
1545,105.0,13440
1546,129.0,16512
1547,129.0,16512
1548,129.0,16512
1549,129.0,16512
1550,129.0,16512
1551,129.0,16512
1552,129.0,16512
1553,129.0,16512
1554,129.0,16512
1555,129.0,16512
1556,129.0,16512
1557,129.0,16512
1558,129.0,16512
1559,129.0,16512
1560,129.0,16512
1561,129.0,16512
1562,129.0,16512
1563,129.0,16512
1564,129.0,16512
1565,129.0,16512
1566,129.0,16512
1567,129.0,16512
1568,129.0,16512
1569,129.0,16512
1570,129.0,16512
1571,129.0,16512
1572,129.0,16512
1573,129.0,16512
1574,129.0,16512
1575,129.0,16512
1576,129.0,16512
1577,129.0,16512
1578,129.0,16512
1579,129.0,16512
1580,129.0,16512
1581,129.0,16512
1582,129.0,16512
1583,129.0,16512
1584,129.0,16512
1585,129.0,16512
1586,129.0,16512
1587,129.0,16512
1588,129.0,16512
1589,129.0,16512
1590,129.0,16512
1591,129.0,16512
1592,129.0,16512
1593,129.0,16512
1594,129.0,16512
1595,129.0,16512
1596,129.0,16512
1597,129.0,16512
1598,129.0,16512
1599,129.0,16512
1600,129.0,16512
1601,129.0,16512
1602,129.0,16512
1603,129.0,16512
1604,129.0,16512
1605,129.0,16512
1606,129.0,16512
1607,129.0,16512
1608,129.0,16512
1609,129.0,16512
1610,129.0,16512
1611,129.0,16512
1612,129.0,16512
1613,129.0,16512
1614,129.0,16512
1615,129.0,16512
1616,129.0,16512
1617,129.0,16512
1618,129.0,16512
1619,129.0,16512
1620,129.0,16512
1621,129.0,16512
1622,129.0,16512
1623,129.0,16512
1624,129.0,16512
1625,129.0,16512
1626,129.0,16512
1627,129.0,16512
1628,129.0,16512
1629,129.0,16512
1630,129.0,16512
1631,129.0,16512
1632,129.0,16512
1633,129.0,16512
1634,129.0,16512
1635,129.0,16512
1636,129.0,16512
1637,129.0,16512
1638,129.0,16512
1639,129.0,16512
1640,129.0,16512
1641,129.0,16512
1642,129.0,16512
1643,129.0,16512
1644,129.0,16512
1645,129.0,16512
1646,129.0,16512
1647,129.0,16512
1648,129.0,16512
1649,129.0,16512
1650,129.0,16512
1651,129.0,16512
1652,129.0,16512
1653,129.0,16512
1654,129.0,16512
1655,129.0,16512
1656,129.0,16512
1657,129.0,16512
1658,129.0,16512
1659,129.0,16512
1660,129.0,16512
1661,129.0,16512
1662,129.0,16512
1663,129.0,16512
1664,129.0,16512
1665,129.0,16512
1666,129.0,16512
1667,129.0,16512
1668,129.0,16512
1669,129.0,16512
1670,129.0,16512
1671,129.0,16512
1672,129.0,16512
1673,129.0,16512
1674,129.0,16512
1675,129.0,16512
1676,129.0,16512
1677,129.0,16512
1678,129.0,16512
1679,129.0,16512
1680,129.0,16512
1681,129.0,16512
1682,129.0,16512
1683,129.0,16512
1684,129.0,16512
1685,129.0,16512
1686,129.0,16512
1687,129.0,16512
1688,129.0,16512
1689,129.0,16512
1690,129.0,16512
1691,129.0,16512
1692,129.0,16512
1693,129.0,16512
1694,129.0,16512
1695,129.0,16512
1696,129.0,16512
1697,129.0,16512
1698,129.0,16512
1699,129.0,16512
1700,129.0,16512
1701,129.0,16512
1702,129.0,16512
1703,129.0,16512
1704,129.0,16512
1705,129.0,16512
1706,129.0,16512
1707,129.0,16512
1708,129.0,16512
1709,129.0,16512
1710,129.0,16512
1711,129.0,16512
1712,129.0,16512
1713,129.0,16512
1714,129.0,16512
1715,129.0,16512
1716,129.0,16512
1717,129.0,16512
1718,129.0,16512
1719,129.0,16512
1720,129.0,16512
1721,129.0,16512
1722,129.0,16512
1723,129.0,16512
1724,129.0,16512
1725,129.0,16512
1726,129.0,16512
1727,129.0,16512
1728,129.0,16512
1729,129.0,16512
1730,129.0,16512
1731,129.0,16512
1732,129.0,16512
1733,129.0,16512
1734,129.0,16512
1735,129.0,16512
1736,129.0,16512
1737,129.0,16512
1738,129.0,16512
1739,129.0,16512
1740,129.0,16512
1741,129.0,16512
1742,129.0,16512
1743,129.0,16512
1744,129.0,16512
1745,129.0,16512
1746,129.0,16512
1747,129.0,16512
1748,129.0,16512
1749,129.0,16512
1750,129.0,16512
1751,129.0,16512
1752,129.0,16512
1753,129.0,16512
1754,137.0,17536
1755,129.0,16512
1756,129.0,16512
1757,129.0,16512
1758,129.0,16512
1759,137.0,17536
1760,137.0,17536
1761,137.0,17536
1762,137.0,17536
1763,137.0,17536
1764,137.0,17536
1765,137.0,17536
1766,137.0,17536
1767,137.0,17536
1768,137.0,17536
1769,137.0,17536
1770,137.0,17536
1771,129.0,16512
1772,129.0,16512
1773,137.0,17536
1774,137.0,17536
1775,137.0,17536
1776,129.0,16512
1777,137.0,17536
1778,137.0,17536
1779,137.0,17536
1780,137.0,17536
1781,137.0,17536
1782,137.0,17536
1783,137.0,17536
1784,137.0,17536
1785,137.0,17536
1786,137.0,17536
1787,137.0,17536
1788,137.0,17536
1789,137.0,17536
1790,137.0,17536
1791,137.0,17536
1792,137.0,17536
1793,137.0,17536
1794,137.0,17536
1795,137.0,17536
1796,137.0,17536
1797,137.0,17536
1798,137.0,17536
1799,137.0,17536
1800,137.0,17536
1801,137.0,17536
1802,129.0,16512
1803,137.0,17536
1804,137.0,17536
1805,137.0,17536
1806,137.0,17536
1807,137.0,17536
1808,137.0,17536
1809,137.0,17536
1810,137.0,17536
1811,137.0,17536
1812,137.0,17536
1813,137.0,17536
1814,137.0,17536
1815,137.0,17536
1816,137.0,17536
1817,137.0,17536
1818,137.0,17536
1819,137.0,17536
1820,137.0,17536
1821,137.0,17536
1822,137.0,17536
1823,137.0,17536
1824,137.0,17536
1825,137.0,17536
1826,137.0,17536
1827,137.0,17536
1828,137.0,17536
1829,137.0,17536
1830,137.0,17536
1831,137.0,17536
1832,137.0,17536
1833,137.0,17536
1834,137.0,17536
1835,137.0,17536
1836,137.0,17536
1837,137.0,17536
1838,137.0,17536
1839,137.0,17536
1840,137.0,17536
1841,137.0,17536
1842,137.0,17536
1843,137.0,17536
1844,137.0,17536
1845,137.0,17536
1846,137.0,17536
1847,137.0,17536
1848,137.0,17536
1849,137.0,17536
1850,137.0,17536
1851,137.0,17536
1852,137.0,17536
1853,137.0,17536
1854,137.0,17536
1855,137.0,17536
1856,137.0,17536
1857,137.0,17536
1858,137.0,17536
1859,137.0,17536
1860,137.0,17536
1861,137.0,17536
1862,137.0,17536
1863,137.0,17536
1864,137.0,17536
1865,137.0,17536
1866,137.0,17536
1867,137.0,17536
1868,137.0,17536
1869,137.0,17536
1870,137.0,17536
1871,137.0,17536
1872,137.0,17536
1873,137.0,17536
1874,137.0,17536
1875,137.0,17536
1876,137.0,17536
1877,137.0,17536
1878,137.0,17536
1879,137.0,17536
1880,137.0,17536
1881,137.0,17536
1882,137.0,17536
1883,137.0,17536
1884,137.0,17536
1885,137.0,17536
1886,137.0,17536
1887,137.0,17536
1888,137.0,17536
1889,137.0,17536
1890,137.0,17536
1891,137.0,17536
1892,137.0,17536
1893,137.0,17536
1894,137.0,17536
1895,137.0,17536
1896,137.0,17536
1897,137.0,17536
1898,137.0,17536
1899,137.0,17536
1900,137.0,17536
1901,137.0,17536
1902,137.0,17536
1903,137.0,17536
1904,137.0,17536
1905,137.0,17536
1906,137.0,17536
1907,137.0,17536
1908,137.0,17536
1909,137.0,17536
1910,137.0,17536
1911,137.0,17536
1912,137.0,17536
1913,137.0,17536
1914,137.0,17536
1915,137.0,17536
1916,137.0,17536
1917,137.0,17536
1918,137.0,17536
1919,137.0,17536
1920,137.0,17536
1921,137.0,17536
1922,137.0,17536
1923,137.0,17536
1924,137.0,17536
1925,137.0,17536
1926,137.0,17536
1927,137.0,17536
1928,137.0,17536
1929,137.0,17536
1930,137.0,17536
1931,137.0,17536
1932,137.0,17536
1933,137.0,17536
1934,137.0,17536
1935,137.0,17536
1936,137.0,17536
1937,137.0,17536
1938,137.0,17536
1939,137.0,17536
1940,137.0,17536
1941,137.0,17536
1942,137.0,17536
1943,137.0,17536
1944,137.0,17536
1945,137.0,17536
1946,137.0,17536
1947,137.0,17536
1948,137.0,17536
1949,137.0,17536
1950,137.0,17536
1951,137.0,17536
1952,137.0,17536
1953,137.0,17536
1954,137.0,17536
1955,137.0,17536
1956,137.0,17536
1957,137.0,17536
1958,137.0,17536
1959,137.0,17536
1960,137.0,17536
1961,137.0,17536
1962,137.0,17536
1963,137.0,17536
1964,137.0,17536
1965,137.0,17536
1966,137.0,17536
1967,137.0,17536
1968,137.0,17536
1969,137.0,17536
1970,137.0,17536
1971,137.0,17536
1972,137.0,17536
1973,137.0,17536
1974,137.0,17536
1975,137.0,17536
1976,137.0,17536
1977,137.0,17536
1978,137.0,17536
1979,137.0,17536
1980,137.0,17536
1981,137.0,17536
1982,137.0,17536
1983,137.0,17536
1984,137.0,17536
1985,137.0,17536
1986,137.0,17536
1987,137.0,17536
1988,137.0,17536
1989,137.0,17536
1990,137.0,17536
1991,137.0,17536
1992,137.0,17536
1993,137.0,17536
1994,137.0,17536
1995,129.0,16512
1996,129.0,16512
1997,129.0,16512
1998,129.0,16512
1999,129.0,16512
2000,129.0,16512
