RandomSeed,39628,Population size:128,Bit Length:64,Crossover Rate:0.7,Mutation Rate:0.005
gen,BestFitness,FitnessEval
1,9.0,1152
2,9.0,1152
3,33.0,4224
4,41.0,5248
5,41.0,5248
6,41.0,5248
7,41.0,5248
8,41.0,5248
9,41.0,5248
10,41.0,5248
11,41.0,5248
12,41.0,5248
13,41.0,5248
14,41.0,5248
15,41.0,5248
16,41.0,5248
17,41.0,5248
18,41.0,5248
19,41.0,5248
20,41.0,5248
21,41.0,5248
22,41.0,5248
23,41.0,5248
24,41.0,5248
25,65.0,8320
26,65.0,8320
27,41.0,5248
28,65.0,8320
29,65.0,8320
30,65.0,8320
31,65.0,8320
32,65.0,8320
33,65.0,8320
34,65.0,8320
35,65.0,8320
36,65.0,8320
37,65.0,8320
38,65.0,8320
39,65.0,8320
40,65.0,8320
41,65.0,8320
42,65.0,8320
43,65.0,8320
44,65.0,8320
45,65.0,8320
46,65.0,8320
47,65.0,8320
48,65.0,8320
49,65.0,8320
50,65.0,8320
51,65.0,8320
52,65.0,8320
53,65.0,8320
54,65.0,8320
55,65.0,8320
56,65.0,8320
57,65.0,8320
58,65.0,8320
59,65.0,8320
60,65.0,8320
61,65.0,8320
62,65.0,8320
63,65.0,8320
64,65.0,8320
65,65.0,8320
66,65.0,8320
67,65.0,8320
68,65.0,8320
69,65.0,8320
70,65.0,8320
71,65.0,8320
72,65.0,8320
73,65.0,8320
74,65.0,8320
75,65.0,8320
76,65.0,8320
77,65.0,8320
78,65.0,8320
79,65.0,8320
80,65.0,8320
81,65.0,8320
82,65.0,8320
83,65.0,8320
84,65.0,8320
85,65.0,8320
86,65.0,8320
87,65.0,8320
88,65.0,8320
89,65.0,8320
90,65.0,8320
91,65.0,8320
92,65.0,8320
93,65.0,8320
94,65.0,8320
95,65.0,8320
96,65.0,8320
97,65.0,8320
98,65.0,8320
99,65.0,8320
100,65.0,8320
101,65.0,8320
102,65.0,8320
103,65.0,8320
104,65.0,8320
105,65.0,8320
106,65.0,8320
107,65.0,8320
108,65.0,8320
109,65.0,8320
110,73.0,9344
111,65.0,8320
112,65.0,8320
113,65.0,8320
114,65.0,8320
115,65.0,8320
116,73.0,9344
117,65.0,8320
118,65.0,8320
119,73.0,9344
120,65.0,8320
121,73.0,9344
122,73.0,9344
123,73.0,9344
124,73.0,9344
125,73.0,9344
126,73.0,9344
127,73.0,9344
128,73.0,9344
129,73.0,9344
130,73.0,9344
131,73.0,9344
132,73.0,9344
133,73.0,9344
134,73.0,9344
135,73.0,9344
136,73.0,9344
137,73.0,9344
138,73.0,9344
139,73.0,9344
140,73.0,9344
141,73.0,9344
142,73.0,9344
143,73.0,9344
144,73.0,9344
145,73.0,9344
146,73.0,9344
147,73.0,9344
148,73.0,9344
149,73.0,9344
150,73.0,9344
151,73.0,9344
152,73.0,9344
153,73.0,9344
154,73.0,9344
155,73.0,9344
156,73.0,9344
157,73.0,9344
158,73.0,9344
159,73.0,9344
160,73.0,9344
161,73.0,9344
162,73.0,9344
163,73.0,9344
164,73.0,9344
165,73.0,9344
166,73.0,9344
167,73.0,9344
168,73.0,9344
169,73.0,9344
170,73.0,9344
171,73.0,9344
172,73.0,9344
173,73.0,9344
174,73.0,9344
175,73.0,9344
176,73.0,9344
177,73.0,9344
178,73.0,9344
179,73.0,9344
180,73.0,9344
181,73.0,9344
182,73.0,9344
183,73.0,9344
184,73.0,9344
185,73.0,9344
186,73.0,9344
187,73.0,9344
188,73.0,9344
189,73.0,9344
190,73.0,9344
191,73.0,9344
192,73.0,9344
193,73.0,9344
194,73.0,9344
195,73.0,9344
196,73.0,9344
197,73.0,9344
198,73.0,9344
199,73.0,9344
200,73.0,9344
201,73.0,9344
202,73.0,9344
203,73.0,9344
204,73.0,9344
205,73.0,9344
206,73.0,9344
207,73.0,9344
208,73.0,9344
209,73.0,9344
210,73.0,9344
211,73.0,9344
212,73.0,9344
213,73.0,9344
214,73.0,9344
215,73.0,9344
216,73.0,9344
217,73.0,9344
218,73.0,9344
219,73.0,9344
220,73.0,9344
221,73.0,9344
222,73.0,9344
223,73.0,9344
224,73.0,9344
225,73.0,9344
226,73.0,9344
227,73.0,9344
228,73.0,9344
229,129.0,16512
230,73.0,9344
231,73.0,9344
232,73.0,9344
233,73.0,9344
234,73.0,9344
235,73.0,9344
236,73.0,9344
237,73.0,9344
238,73.0,9344
239,73.0,9344
240,73.0,9344
241,73.0,9344
242,73.0,9344
243,73.0,9344
244,73.0,9344
245,73.0,9344
246,73.0,9344
247,73.0,9344
248,73.0,9344
249,73.0,9344
250,73.0,9344
251,73.0,9344
252,129.0,16512
253,73.0,9344
254,73.0,9344
255,73.0,9344
256,73.0,9344
257,73.0,9344
258,73.0,9344
259,73.0,9344
260,73.0,9344
261,73.0,9344
262,73.0,9344
263,73.0,9344
264,73.0,9344
265,73.0,9344
266,73.0,9344
267,73.0,9344
268,73.0,9344
269,73.0,9344
270,73.0,9344
271,73.0,9344
272,73.0,9344
273,73.0,9344
274,73.0,9344
275,73.0,9344
276,73.0,9344
277,73.0,9344
278,73.0,9344
279,73.0,9344
280,73.0,9344
281,73.0,9344
282,105.0,13440
283,73.0,9344
284,73.0,9344
285,73.0,9344
286,73.0,9344
287,73.0,9344
288,73.0,9344
289,105.0,13440
290,73.0,9344
291,73.0,9344
292,129.0,16512
293,105.0,13440
294,73.0,9344
295,129.0,16512
296,129.0,16512
297,129.0,16512
298,129.0,16512
299,129.0,16512
300,129.0,16512
301,129.0,16512
302,129.0,16512
303,129.0,16512
304,129.0,16512
305,129.0,16512
306,129.0,16512
307,129.0,16512
308,129.0,16512
309,129.0,16512
310,129.0,16512
311,129.0,16512
312,129.0,16512
313,129.0,16512
314,129.0,16512
315,129.0,16512
316,129.0,16512
317,129.0,16512
318,129.0,16512
319,129.0,16512
320,129.0,16512
321,129.0,16512
322,129.0,16512
323,129.0,16512
324,129.0,16512
325,129.0,16512
326,129.0,16512
327,129.0,16512
328,129.0,16512
329,129.0,16512
330,129.0,16512
331,129.0,16512
332,129.0,16512
333,129.0,16512
334,129.0,16512
335,129.0,16512
336,129.0,16512
337,129.0,16512
338,129.0,16512
339,129.0,16512
340,129.0,16512
341,129.0,16512
342,129.0,16512
343,129.0,16512
344,129.0,16512
345,129.0,16512
346,129.0,16512
347,129.0,16512
348,129.0,16512
349,129.0,16512
350,129.0,16512
351,129.0,16512
352,129.0,16512
353,129.0,16512
354,129.0,16512
355,129.0,16512
356,129.0,16512
357,129.0,16512
358,129.0,16512
359,129.0,16512
360,129.0,16512
361,129.0,16512
362,129.0,16512
363,129.0,16512
364,129.0,16512
365,129.0,16512
366,129.0,16512
367,129.0,16512
368,129.0,16512
369,129.0,16512
370,129.0,16512
371,129.0,16512
372,129.0,16512
373,129.0,16512
374,129.0,16512
375,129.0,16512
376,129.0,16512
377,129.0,16512
378,129.0,16512
379,129.0,16512
380,129.0,16512
381,129.0,16512
382,129.0,16512
383,129.0,16512
384,129.0,16512
385,129.0,16512
386,129.0,16512
387,129.0,16512
388,129.0,16512
389,137.0,17536
390,129.0,16512
391,129.0,16512
392,129.0,16512
393,129.0,16512
394,129.0,16512
395,129.0,16512
396,129.0,16512
397,129.0,16512
398,129.0,16512
399,129.0,16512
400,129.0,16512
401,129.0,16512
402,129.0,16512
403,129.0,16512
404,129.0,16512
405,129.0,16512
406,129.0,16512
407,129.0,16512
408,129.0,16512
409,129.0,16512
410,129.0,16512
411,129.0,16512
412,129.0,16512
413,129.0,16512
414,129.0,16512
415,129.0,16512
416,129.0,16512
417,129.0,16512
418,129.0,16512
419,129.0,16512
420,129.0,16512
421,129.0,16512
422,129.0,16512
423,129.0,16512
424,129.0,16512
425,129.0,16512
426,129.0,16512
427,129.0,16512
428,129.0,16512
429,129.0,16512
430,129.0,16512
431,129.0,16512
432,129.0,16512
433,129.0,16512
434,129.0,16512
435,129.0,16512
436,129.0,16512
437,129.0,16512
438,129.0,16512
439,129.0,16512
440,129.0,16512
441,129.0,16512
442,129.0,16512
443,129.0,16512
444,129.0,16512
445,129.0,16512
446,129.0,16512
447,129.0,16512
448,129.0,16512
449,129.0,16512
450,129.0,16512
451,129.0,16512
452,129.0,16512
453,129.0,16512
454,129.0,16512
455,129.0,16512
456,129.0,16512
457,129.0,16512
458,129.0,16512
459,129.0,16512
460,129.0,16512
461,129.0,16512
462,129.0,16512
463,129.0,16512
464,129.0,16512
465,129.0,16512
466,129.0,16512
467,129.0,16512
468,129.0,16512
469,129.0,16512
470,129.0,16512
471,129.0,16512
472,129.0,16512
473,129.0,16512
474,129.0,16512
475,129.0,16512
476,129.0,16512
477,129.0,16512
478,129.0,16512
479,129.0,16512
480,129.0,16512
481,129.0,16512
482,129.0,16512
483,129.0,16512
484,129.0,16512
485,129.0,16512
486,129.0,16512
487,129.0,16512
488,129.0,16512
489,129.0,16512
490,129.0,16512
491,129.0,16512
492,129.0,16512
493,129.0,16512
494,129.0,16512
495,129.0,16512
496,129.0,16512
497,129.0,16512
498,129.0,16512
499,129.0,16512
500,129.0,16512
501,129.0,16512
502,129.0,16512
503,129.0,16512
504,129.0,16512
505,129.0,16512
506,129.0,16512
507,129.0,16512
508,129.0,16512
509,129.0,16512
510,129.0,16512
511,129.0,16512
512,129.0,16512
513,129.0,16512
514,129.0,16512
515,129.0,16512
516,129.0,16512
517,129.0,16512
518,129.0,16512
519,129.0,16512
520,129.0,16512
521,129.0,16512
522,129.0,16512
523,129.0,16512
524,129.0,16512
525,129.0,16512
526,129.0,16512
527,129.0,16512
528,129.0,16512
529,129.0,16512
530,129.0,16512
531,129.0,16512
532,129.0,16512
533,129.0,16512
534,129.0,16512
535,129.0,16512
536,129.0,16512
537,129.0,16512
538,129.0,16512
539,129.0,16512
540,129.0,16512
541,129.0,16512
542,129.0,16512
543,129.0,16512
544,129.0,16512
545,129.0,16512
546,129.0,16512
547,129.0,16512
548,129.0,16512
549,129.0,16512
550,129.0,16512
551,129.0,16512
552,129.0,16512
553,129.0,16512
554,129.0,16512
555,129.0,16512
556,129.0,16512
557,129.0,16512
558,129.0,16512
559,129.0,16512
560,129.0,16512
561,129.0,16512
562,129.0,16512
563,129.0,16512
564,129.0,16512
565,129.0,16512
566,129.0,16512
567,129.0,16512
568,129.0,16512
569,129.0,16512
570,129.0,16512
571,129.0,16512
572,129.0,16512
573,129.0,16512
574,129.0,16512
575,129.0,16512
576,129.0,16512
577,129.0,16512
578,129.0,16512
579,129.0,16512
580,137.0,17536
581,129.0,16512
582,129.0,16512
583,129.0,16512
584,129.0,16512
585,129.0,16512
586,129.0,16512
587,129.0,16512
588,129.0,16512
589,129.0,16512
590,129.0,16512
591,129.0,16512
592,137.0,17536
593,129.0,16512
594,129.0,16512
595,129.0,16512
596,129.0,16512
597,129.0,16512
598,129.0,16512
599,129.0,16512
600,129.0,16512
601,129.0,16512
602,129.0,16512
603,129.0,16512
604,129.0,16512
605,129.0,16512
606,129.0,16512
607,129.0,16512
608,129.0,16512
609,129.0,16512
610,129.0,16512
611,129.0,16512
612,129.0,16512
613,129.0,16512
614,129.0,16512
615,129.0,16512
616,129.0,16512
617,129.0,16512
618,129.0,16512
619,129.0,16512
620,129.0,16512
621,129.0,16512
622,129.0,16512
623,129.0,16512
624,129.0,16512
625,129.0,16512
626,129.0,16512
627,129.0,16512
628,129.0,16512
629,129.0,16512
630,129.0,16512
631,129.0,16512
632,129.0,16512
633,129.0,16512
634,129.0,16512
635,129.0,16512
636,129.0,16512
637,129.0,16512
638,129.0,16512
639,129.0,16512
640,129.0,16512
641,129.0,16512
642,129.0,16512
643,129.0,16512
644,129.0,16512
645,129.0,16512
646,129.0,16512
647,129.0,16512
648,129.0,16512
649,129.0,16512
650,129.0,16512
651,129.0,16512
652,129.0,16512
653,129.0,16512
654,129.0,16512
655,129.0,16512
656,129.0,16512
657,129.0,16512
658,129.0,16512
659,129.0,16512
660,129.0,16512
661,129.0,16512
662,129.0,16512
663,129.0,16512
664,129.0,16512
665,129.0,16512
666,129.0,16512
667,129.0,16512
668,129.0,16512
669,129.0,16512
670,129.0,16512
671,129.0,16512
672,129.0,16512
673,129.0,16512
674,129.0,16512
675,129.0,16512
676,129.0,16512
677,129.0,16512
678,129.0,16512
679,129.0,16512
680,129.0,16512
681,129.0,16512
682,129.0,16512
683,129.0,16512
684,129.0,16512
685,129.0,16512
686,129.0,16512
687,129.0,16512
688,129.0,16512
689,129.0,16512
690,129.0,16512
691,129.0,16512
692,129.0,16512
693,129.0,16512
694,129.0,16512
695,129.0,16512
696,129.0,16512
697,129.0,16512
698,129.0,16512
699,129.0,16512
700,129.0,16512
701,129.0,16512
702,129.0,16512
703,129.0,16512
704,129.0,16512
705,129.0,16512
706,129.0,16512
707,129.0,16512
708,129.0,16512
709,129.0,16512
710,129.0,16512
711,129.0,16512
712,129.0,16512
713,129.0,16512
714,129.0,16512
715,129.0,16512
716,129.0,16512
717,129.0,16512
718,129.0,16512
719,129.0,16512
720,129.0,16512
721,129.0,16512
722,129.0,16512
723,129.0,16512
724,129.0,16512
725,129.0,16512
726,129.0,16512
727,129.0,16512
728,129.0,16512
729,129.0,16512
730,129.0,16512
731,129.0,16512
732,129.0,16512
733,129.0,16512
734,129.0,16512
735,129.0,16512
736,129.0,16512
737,129.0,16512
738,129.0,16512
739,129.0,16512
740,129.0,16512
741,129.0,16512
742,129.0,16512
743,129.0,16512
744,129.0,16512
745,129.0,16512
746,129.0,16512
747,129.0,16512
748,129.0,16512
749,129.0,16512
750,129.0,16512
751,129.0,16512
752,129.0,16512
753,129.0,16512
754,129.0,16512
755,129.0,16512
756,129.0,16512
757,129.0,16512
758,129.0,16512
759,129.0,16512
760,129.0,16512
761,129.0,16512
762,129.0,16512
763,129.0,16512
764,129.0,16512
765,129.0,16512
766,129.0,16512
767,129.0,16512
768,129.0,16512
769,129.0,16512
770,129.0,16512
771,129.0,16512
772,129.0,16512
773,129.0,16512
774,129.0,16512
775,129.0,16512
776,129.0,16512
777,129.0,16512
778,129.0,16512
779,129.0,16512
780,129.0,16512
781,129.0,16512
782,129.0,16512
783,129.0,16512
784,129.0,16512
785,129.0,16512
786,129.0,16512
787,129.0,16512
788,129.0,16512
789,129.0,16512
790,129.0,16512
791,129.0,16512
792,129.0,16512
793,129.0,16512
794,129.0,16512
795,129.0,16512
796,129.0,16512
797,129.0,16512
798,129.0,16512
799,129.0,16512
800,129.0,16512
801,129.0,16512
802,129.0,16512
803,129.0,16512
804,129.0,16512
805,129.0,16512
806,129.0,16512
807,129.0,16512
808,129.0,16512
809,129.0,16512
810,129.0,16512
811,129.0,16512
812,129.0,16512
813,129.0,16512
814,129.0,16512
815,129.0,16512
816,129.0,16512
817,129.0,16512
818,129.0,16512
819,129.0,16512
820,129.0,16512
821,129.0,16512
822,129.0,16512
823,129.0,16512
824,129.0,16512
825,129.0,16512
826,129.0,16512
827,129.0,16512
828,129.0,16512
829,129.0,16512
830,129.0,16512
831,129.0,16512
832,129.0,16512
833,129.0,16512
834,129.0,16512
835,129.0,16512
836,129.0,16512
837,129.0,16512
838,129.0,16512
839,129.0,16512
840,129.0,16512
841,129.0,16512
842,129.0,16512
843,129.0,16512
844,129.0,16512
845,129.0,16512
846,129.0,16512
847,129.0,16512
848,129.0,16512
849,129.0,16512
850,129.0,16512
851,129.0,16512
852,129.0,16512
853,129.0,16512
854,129.0,16512
855,129.0,16512
856,129.0,16512
857,129.0,16512
858,129.0,16512
859,129.0,16512
860,129.0,16512
861,129.0,16512
862,129.0,16512
863,129.0,16512
864,129.0,16512
865,129.0,16512
866,129.0,16512
867,129.0,16512
868,129.0,16512
869,129.0,16512
870,129.0,16512
871,129.0,16512
872,129.0,16512
873,129.0,16512
874,129.0,16512
875,129.0,16512
876,129.0,16512
877,129.0,16512
878,129.0,16512
879,129.0,16512
880,129.0,16512
881,129.0,16512
882,129.0,16512
883,129.0,16512
884,129.0,16512
885,129.0,16512
886,129.0,16512
887,129.0,16512
888,129.0,16512
889,129.0,16512
890,129.0,16512
891,129.0,16512
892,129.0,16512
893,129.0,16512
894,129.0,16512
895,129.0,16512
896,129.0,16512
897,137.0,17536
898,129.0,16512
899,129.0,16512
900,137.0,17536
901,137.0,17536
902,137.0,17536
903,129.0,16512
904,129.0,16512
905,129.0,16512
906,129.0,16512
907,129.0,16512
908,129.0,16512
909,129.0,16512
910,129.0,16512
911,129.0,16512
912,129.0,16512
913,129.0,16512
914,129.0,16512
915,129.0,16512
916,137.0,17536
917,129.0,16512
918,129.0,16512
919,129.0,16512
920,129.0,16512
921,129.0,16512
922,129.0,16512
923,129.0,16512
924,129.0,16512
925,129.0,16512
926,129.0,16512
927,129.0,16512
928,129.0,16512
929,129.0,16512
930,129.0,16512
931,129.0,16512
932,129.0,16512
933,137.0,17536
934,137.0,17536
935,137.0,17536
936,137.0,17536
937,137.0,17536
938,137.0,17536
939,137.0,17536
940,137.0,17536
941,137.0,17536
942,137.0,17536
943,137.0,17536
944,137.0,17536
945,137.0,17536
946,137.0,17536
947,137.0,17536
948,137.0,17536
949,137.0,17536
950,137.0,17536
951,137.0,17536
952,137.0,17536
953,137.0,17536
954,137.0,17536
955,137.0,17536
956,137.0,17536
957,137.0,17536
958,137.0,17536
959,137.0,17536
960,137.0,17536
961,137.0,17536
962,137.0,17536
963,137.0,17536
964,137.0,17536
965,137.0,17536
966,137.0,17536
967,137.0,17536
968,137.0,17536
969,137.0,17536
970,137.0,17536
971,137.0,17536
972,137.0,17536
973,137.0,17536
974,137.0,17536
975,137.0,17536
976,137.0,17536
977,137.0,17536
978,137.0,17536
979,137.0,17536
980,137.0,17536
981,137.0,17536
982,137.0,17536
983,129.0,16512
984,137.0,17536
985,137.0,17536
986,137.0,17536
987,137.0,17536
988,137.0,17536
989,137.0,17536
990,137.0,17536
991,137.0,17536
992,137.0,17536
993,137.0,17536
994,137.0,17536
995,137.0,17536
996,137.0,17536
997,137.0,17536
998,137.0,17536
999,137.0,17536
1000,137.0,17536
1001,137.0,17536
1002,137.0,17536
1003,137.0,17536
1004,137.0,17536
1005,137.0,17536
1006,137.0,17536
1007,129.0,16512
1008,129.0,16512
1009,129.0,16512
1010,129.0,16512
1011,129.0,16512
1012,129.0,16512
1013,129.0,16512
1014,129.0,16512
1015,129.0,16512
1016,129.0,16512
1017,129.0,16512
1018,129.0,16512
1019,129.0,16512
1020,129.0,16512
1021,129.0,16512
1022,137.0,17536
1023,137.0,17536
1024,129.0,16512
1025,129.0,16512
1026,129.0,16512
1027,129.0,16512
1028,129.0,16512
1029,129.0,16512
1030,129.0,16512
1031,129.0,16512
1032,137.0,17536
1033,137.0,17536
1034,129.0,16512
1035,129.0,16512
1036,129.0,16512
1037,129.0,16512
1038,129.0,16512
1039,129.0,16512
1040,129.0,16512
1041,129.0,16512
1042,129.0,16512
1043,129.0,16512
1044,129.0,16512
1045,129.0,16512
1046,129.0,16512
1047,129.0,16512
1048,129.0,16512
1049,129.0,16512
1050,129.0,16512
1051,129.0,16512
1052,129.0,16512
1053,129.0,16512
1054,129.0,16512
1055,129.0,16512
1056,129.0,16512
1057,129.0,16512
1058,129.0,16512
1059,129.0,16512
1060,129.0,16512
1061,129.0,16512
1062,129.0,16512
1063,129.0,16512
1064,129.0,16512
1065,129.0,16512
1066,129.0,16512
1067,129.0,16512
1068,129.0,16512
1069,129.0,16512
1070,129.0,16512
1071,129.0,16512
1072,129.0,16512
1073,129.0,16512
1074,129.0,16512
1075,129.0,16512
1076,129.0,16512
1077,129.0,16512
1078,129.0,16512
1079,129.0,16512
1080,129.0,16512
1081,129.0,16512
1082,129.0,16512
1083,129.0,16512
1084,129.0,16512
1085,129.0,16512
1086,129.0,16512
1087,129.0,16512
1088,129.0,16512
1089,129.0,16512
1090,129.0,16512
1091,129.0,16512
1092,129.0,16512
1093,129.0,16512
1094,129.0,16512
1095,129.0,16512
1096,129.0,16512
1097,129.0,16512
1098,129.0,16512
1099,129.0,16512
1100,129.0,16512
1101,129.0,16512
1102,129.0,16512
1103,129.0,16512
1104,129.0,16512
1105,129.0,16512
1106,129.0,16512
1107,129.0,16512
1108,129.0,16512
1109,129.0,16512
1110,129.0,16512
1111,129.0,16512
1112,129.0,16512
1113,129.0,16512
1114,129.0,16512
1115,129.0,16512
1116,129.0,16512
1117,129.0,16512
1118,129.0,16512
1119,129.0,16512
1120,129.0,16512
1121,129.0,16512
1122,129.0,16512
1123,129.0,16512
1124,129.0,16512
1125,129.0,16512
1126,129.0,16512
1127,129.0,16512
1128,129.0,16512
1129,129.0,16512
1130,129.0,16512
1131,129.0,16512
1132,129.0,16512
1133,129.0,16512
1134,129.0,16512
1135,129.0,16512
1136,129.0,16512
1137,129.0,16512
1138,129.0,16512
1139,129.0,16512
1140,129.0,16512
1141,129.0,16512
1142,137.0,17536
1143,137.0,17536
1144,129.0,16512
1145,129.0,16512
1146,129.0,16512
1147,129.0,16512
1148,129.0,16512
1149,129.0,16512
1150,129.0,16512
1151,129.0,16512
1152,137.0,17536
1153,129.0,16512
1154,129.0,16512
1155,137.0,17536
1156,129.0,16512
1157,137.0,17536
1158,137.0,17536
1159,137.0,17536
1160,137.0,17536
1161,129.0,16512
1162,129.0,16512
1163,129.0,16512
1164,129.0,16512
1165,129.0,16512
1166,137.0,17536
1167,137.0,17536
1168,129.0,16512
1169,137.0,17536
1170,137.0,17536
1171,129.0,16512
1172,129.0,16512
1173,137.0,17536
1174,137.0,17536
1175,137.0,17536
1176,137.0,17536
1177,137.0,17536
1178,129.0,16512
1179,129.0,16512
1180,129.0,16512
1181,129.0,16512
1182,129.0,16512
1183,129.0,16512
1184,129.0,16512
1185,129.0,16512
1186,129.0,16512
1187,137.0,17536
1188,129.0,16512
1189,129.0,16512
1190,129.0,16512
1191,129.0,16512
1192,129.0,16512
1193,129.0,16512
1194,129.0,16512
1195,129.0,16512
1196,129.0,16512
1197,129.0,16512
1198,129.0,16512
1199,129.0,16512
1200,129.0,16512
1201,129.0,16512
1202,129.0,16512
1203,129.0,16512
1204,129.0,16512
1205,129.0,16512
1206,129.0,16512
1207,129.0,16512
1208,129.0,16512
1209,129.0,16512
1210,129.0,16512
1211,129.0,16512
1212,129.0,16512
1213,129.0,16512
1214,129.0,16512
1215,129.0,16512
1216,129.0,16512
1217,129.0,16512
1218,137.0,17536
1219,137.0,17536
1220,137.0,17536
1221,137.0,17536
1222,137.0,17536
1223,137.0,17536
1224,129.0,16512
1225,129.0,16512
1226,129.0,16512
1227,129.0,16512
1228,129.0,16512
1229,129.0,16512
1230,129.0,16512
1231,129.0,16512
1232,129.0,16512
1233,129.0,16512
1234,129.0,16512
1235,129.0,16512
1236,129.0,16512
1237,129.0,16512
1238,129.0,16512
1239,129.0,16512
1240,129.0,16512
1241,129.0,16512
1242,129.0,16512
1243,129.0,16512
1244,129.0,16512
1245,129.0,16512
1246,129.0,16512
1247,129.0,16512
1248,129.0,16512
1249,137.0,17536
1250,137.0,17536
1251,137.0,17536
1252,137.0,17536
1253,137.0,17536
1254,137.0,17536
1255,137.0,17536
1256,137.0,17536
1257,137.0,17536
1258,137.0,17536
1259,137.0,17536
1260,137.0,17536
1261,137.0,17536
1262,137.0,17536
1263,137.0,17536
1264,137.0,17536
1265,137.0,17536
1266,129.0,16512
1267,129.0,16512
1268,129.0,16512
1269,129.0,16512
1270,129.0,16512
1271,129.0,16512
1272,129.0,16512
1273,129.0,16512
1274,129.0,16512
1275,129.0,16512
1276,129.0,16512
1277,129.0,16512
1278,129.0,16512
1279,129.0,16512
1280,129.0,16512
1281,129.0,16512
1282,129.0,16512
1283,129.0,16512
1284,129.0,16512
1285,129.0,16512
1286,129.0,16512
1287,129.0,16512
1288,129.0,16512
1289,129.0,16512
1290,129.0,16512
1291,129.0,16512
1292,129.0,16512
1293,129.0,16512
1294,129.0,16512
1295,129.0,16512
1296,129.0,16512
1297,129.0,16512
1298,129.0,16512
1299,129.0,16512
1300,129.0,16512
1301,129.0,16512
1302,129.0,16512
1303,129.0,16512
1304,129.0,16512
1305,129.0,16512
1306,129.0,16512
1307,129.0,16512
1308,129.0,16512
1309,129.0,16512
1310,129.0,16512
1311,129.0,16512
1312,129.0,16512
1313,129.0,16512
1314,129.0,16512
1315,129.0,16512
1316,137.0,17536
1317,129.0,16512
1318,129.0,16512
1319,129.0,16512
1320,129.0,16512
1321,129.0,16512
1322,129.0,16512
1323,129.0,16512
1324,129.0,16512
1325,129.0,16512
1326,137.0,17536
1327,137.0,17536
1328,137.0,17536
1329,137.0,17536
1330,137.0,17536
1331,137.0,17536
1332,137.0,17536
1333,137.0,17536
1334,137.0,17536
1335,129.0,16512
1336,129.0,16512
1337,129.0,16512
1338,129.0,16512
1339,129.0,16512
1340,129.0,16512
1341,129.0,16512
1342,129.0,16512
1343,129.0,16512
1344,129.0,16512
1345,129.0,16512
1346,129.0,16512
1347,129.0,16512
1348,129.0,16512
1349,129.0,16512
1350,129.0,16512
1351,129.0,16512
1352,129.0,16512
1353,129.0,16512
1354,129.0,16512
1355,129.0,16512
1356,129.0,16512
1357,129.0,16512
1358,129.0,16512
1359,129.0,16512
1360,129.0,16512
1361,129.0,16512
1362,129.0,16512
1363,129.0,16512
1364,129.0,16512
1365,129.0,16512
1366,129.0,16512
1367,129.0,16512
1368,129.0,16512
1369,129.0,16512
1370,129.0,16512
1371,129.0,16512
1372,129.0,16512
1373,129.0,16512
1374,129.0,16512
1375,129.0,16512
1376,129.0,16512
1377,129.0,16512
1378,129.0,16512
1379,129.0,16512
1380,129.0,16512
1381,129.0,16512
1382,129.0,16512
1383,129.0,16512
1384,129.0,16512
1385,129.0,16512
1386,129.0,16512
1387,129.0,16512
1388,129.0,16512
1389,129.0,16512
1390,129.0,16512
1391,129.0,16512
1392,129.0,16512
1393,129.0,16512
1394,129.0,16512
1395,129.0,16512
1396,129.0,16512
1397,129.0,16512
1398,129.0,16512
1399,129.0,16512
1400,129.0,16512
1401,129.0,16512
1402,129.0,16512
1403,129.0,16512
1404,129.0,16512
1405,129.0,16512
1406,129.0,16512
1407,129.0,16512
1408,129.0,16512
1409,129.0,16512
1410,129.0,16512
1411,129.0,16512
1412,129.0,16512
1413,129.0,16512
1414,129.0,16512
1415,129.0,16512
1416,129.0,16512
1417,129.0,16512
1418,129.0,16512
1419,129.0,16512
1420,129.0,16512
1421,129.0,16512
1422,129.0,16512
1423,129.0,16512
1424,129.0,16512
1425,129.0,16512
1426,129.0,16512
1427,129.0,16512
1428,129.0,16512
1429,137.0,17536
1430,137.0,17536
1431,137.0,17536
1432,137.0,17536
1433,129.0,16512
1434,129.0,16512
1435,137.0,17536
1436,137.0,17536
1437,137.0,17536
1438,137.0,17536
1439,137.0,17536
1440,137.0,17536
1441,137.0,17536
1442,137.0,17536
1443,137.0,17536
1444,137.0,17536
1445,137.0,17536
1446,137.0,17536
1447,137.0,17536
1448,137.0,17536
1449,137.0,17536
1450,137.0,17536
1451,137.0,17536
1452,137.0,17536
1453,137.0,17536
1454,137.0,17536
1455,137.0,17536
1456,137.0,17536
1457,137.0,17536
1458,137.0,17536
1459,137.0,17536
1460,137.0,17536
1461,137.0,17536
1462,137.0,17536
1463,137.0,17536
1464,137.0,17536
1465,137.0,17536
1466,137.0,17536
1467,137.0,17536
1468,137.0,17536
1469,137.0,17536
1470,137.0,17536
1471,137.0,17536
1472,137.0,17536
1473,137.0,17536
1474,137.0,17536
1475,137.0,17536
1476,137.0,17536
1477,137.0,17536
1478,137.0,17536
1479,137.0,17536
1480,137.0,17536
1481,137.0,17536
1482,137.0,17536
1483,137.0,17536
1484,137.0,17536
1485,137.0,17536
1486,137.0,17536
1487,137.0,17536
1488,137.0,17536
1489,137.0,17536
1490,137.0,17536
1491,137.0,17536
1492,137.0,17536
1493,137.0,17536
1494,137.0,17536
1495,137.0,17536
1496,137.0,17536
1497,137.0,17536
1498,137.0,17536
1499,137.0,17536
1500,137.0,17536
1501,137.0,17536
1502,137.0,17536
1503,137.0,17536
1504,137.0,17536
1505,137.0,17536
1506,137.0,17536
1507,137.0,17536
1508,137.0,17536
1509,137.0,17536
1510,137.0,17536
1511,137.0,17536
1512,137.0,17536
1513,137.0,17536
1514,137.0,17536
1515,137.0,17536
1516,137.0,17536
1517,137.0,17536
1518,137.0,17536
1519,137.0,17536
1520,137.0,17536
1521,137.0,17536
1522,137.0,17536
1523,137.0,17536
1524,137.0,17536
1525,137.0,17536
1526,137.0,17536
1527,137.0,17536
1528,137.0,17536
1529,137.0,17536
1530,137.0,17536
1531,137.0,17536
1532,137.0,17536
1533,137.0,17536
1534,137.0,17536
1535,137.0,17536
1536,137.0,17536
1537,137.0,17536
1538,137.0,17536
1539,137.0,17536
1540,137.0,17536
1541,137.0,17536
1542,137.0,17536
1543,137.0,17536
1544,137.0,17536
1545,137.0,17536
1546,137.0,17536
1547,137.0,17536
1548,137.0,17536
1549,129.0,16512
1550,129.0,16512
1551,129.0,16512
1552,137.0,17536
1553,129.0,16512
1554,137.0,17536
1555,137.0,17536
1556,137.0,17536
1557,137.0,17536
1558,137.0,17536
1559,137.0,17536
1560,137.0,17536
1561,137.0,17536
1562,129.0,16512
1563,129.0,16512
1564,129.0,16512
1565,129.0,16512
1566,129.0,16512
1567,129.0,16512
1568,129.0,16512
1569,129.0,16512
1570,129.0,16512
1571,129.0,16512
1572,129.0,16512
1573,129.0,16512
1574,129.0,16512
1575,129.0,16512
1576,129.0,16512
1577,129.0,16512
1578,129.0,16512
1579,129.0,16512
1580,129.0,16512
1581,129.0,16512
1582,129.0,16512
1583,129.0,16512
1584,129.0,16512
1585,129.0,16512
1586,129.0,16512
1587,129.0,16512
1588,129.0,16512
1589,129.0,16512
1590,129.0,16512
1591,129.0,16512
1592,129.0,16512
1593,129.0,16512
1594,129.0,16512
1595,129.0,16512
1596,129.0,16512
1597,129.0,16512
1598,129.0,16512
1599,129.0,16512
1600,129.0,16512
1601,129.0,16512
1602,129.0,16512
1603,129.0,16512
1604,129.0,16512
1605,129.0,16512
1606,129.0,16512
1607,129.0,16512
1608,129.0,16512
1609,129.0,16512
1610,129.0,16512
1611,137.0,17536
1612,129.0,16512
1613,129.0,16512
1614,129.0,16512
1615,137.0,17536
1616,137.0,17536
1617,137.0,17536
1618,137.0,17536
1619,129.0,16512
1620,129.0,16512
1621,129.0,16512
1622,129.0,16512
1623,129.0,16512
1624,129.0,16512
1625,129.0,16512
1626,129.0,16512
1627,129.0,16512
1628,129.0,16512
1629,129.0,16512
1630,129.0,16512
1631,129.0,16512
1632,129.0,16512
1633,129.0,16512
1634,129.0,16512
1635,129.0,16512
1636,129.0,16512
1637,129.0,16512
1638,129.0,16512
1639,129.0,16512
1640,129.0,16512
1641,129.0,16512
1642,129.0,16512
1643,129.0,16512
1644,129.0,16512
1645,129.0,16512
1646,129.0,16512
1647,129.0,16512
1648,129.0,16512
1649,129.0,16512
1650,129.0,16512
1651,129.0,16512
1652,129.0,16512
1653,129.0,16512
1654,129.0,16512
1655,129.0,16512
1656,129.0,16512
1657,129.0,16512
1658,129.0,16512
1659,129.0,16512
1660,129.0,16512
1661,129.0,16512
1662,129.0,16512
1663,129.0,16512
1664,129.0,16512
1665,129.0,16512
1666,129.0,16512
1667,129.0,16512
1668,129.0,16512
1669,129.0,16512
1670,129.0,16512
1671,129.0,16512
1672,129.0,16512
1673,129.0,16512
1674,129.0,16512
1675,129.0,16512
1676,129.0,16512
1677,129.0,16512
1678,129.0,16512
1679,129.0,16512
1680,129.0,16512
1681,129.0,16512
1682,129.0,16512
1683,129.0,16512
1684,129.0,16512
1685,129.0,16512
1686,129.0,16512
1687,129.0,16512
1688,129.0,16512
1689,129.0,16512
1690,129.0,16512
1691,129.0,16512
1692,129.0,16512
1693,129.0,16512
1694,129.0,16512
1695,129.0,16512
1696,129.0,16512
1697,129.0,16512
1698,129.0,16512
1699,129.0,16512
1700,129.0,16512
1701,129.0,16512
1702,129.0,16512
1703,129.0,16512
1704,129.0,16512
1705,129.0,16512
1706,129.0,16512
1707,129.0,16512
1708,129.0,16512
1709,129.0,16512
1710,129.0,16512
1711,129.0,16512
1712,129.0,16512
1713,129.0,16512
1714,129.0,16512
1715,129.0,16512
1716,129.0,16512
1717,129.0,16512
1718,129.0,16512
1719,129.0,16512
1720,129.0,16512
1721,129.0,16512
1722,129.0,16512
1723,129.0,16512
1724,129.0,16512
1725,129.0,16512
1726,129.0,16512
1727,129.0,16512
1728,129.0,16512
1729,129.0,16512
1730,129.0,16512
1731,129.0,16512
1732,129.0,16512
1733,129.0,16512
1734,129.0,16512
1735,129.0,16512
1736,129.0,16512
1737,129.0,16512
1738,129.0,16512
1739,129.0,16512
1740,129.0,16512
1741,129.0,16512
1742,129.0,16512
1743,129.0,16512
1744,129.0,16512
1745,129.0,16512
1746,129.0,16512
1747,129.0,16512
1748,129.0,16512
1749,129.0,16512
1750,129.0,16512
1751,129.0,16512
1752,129.0,16512
1753,129.0,16512
1754,129.0,16512
1755,129.0,16512
1756,129.0,16512
1757,129.0,16512
1758,129.0,16512
1759,129.0,16512
1760,129.0,16512
1761,129.0,16512
1762,129.0,16512
1763,129.0,16512
1764,129.0,16512
1765,129.0,16512
1766,129.0,16512
1767,129.0,16512
1768,129.0,16512
1769,129.0,16512
1770,129.0,16512
1771,129.0,16512
1772,129.0,16512
1773,129.0,16512
1774,129.0,16512
1775,129.0,16512
1776,129.0,16512
1777,129.0,16512
1778,129.0,16512
1779,129.0,16512
1780,129.0,16512
1781,129.0,16512
1782,129.0,16512
1783,129.0,16512
1784,129.0,16512
1785,129.0,16512
1786,129.0,16512
1787,129.0,16512
1788,129.0,16512
1789,129.0,16512
1790,129.0,16512
1791,129.0,16512
1792,129.0,16512
1793,129.0,16512
1794,129.0,16512
1795,129.0,16512
1796,129.0,16512
1797,129.0,16512
1798,129.0,16512
1799,129.0,16512
1800,129.0,16512
1801,129.0,16512
1802,129.0,16512
1803,129.0,16512
1804,129.0,16512
1805,129.0,16512
1806,129.0,16512
1807,129.0,16512
1808,129.0,16512
1809,129.0,16512
1810,129.0,16512
1811,129.0,16512
1812,129.0,16512
1813,129.0,16512
1814,129.0,16512
1815,129.0,16512
1816,129.0,16512
1817,129.0,16512
1818,129.0,16512
1819,129.0,16512
1820,129.0,16512
1821,129.0,16512
1822,129.0,16512
1823,129.0,16512
1824,129.0,16512
1825,129.0,16512
1826,129.0,16512
1827,129.0,16512
1828,129.0,16512
1829,129.0,16512
1830,129.0,16512
1831,129.0,16512
1832,129.0,16512
1833,129.0,16512
1834,129.0,16512
1835,129.0,16512
1836,129.0,16512
1837,129.0,16512
1838,129.0,16512
1839,129.0,16512
1840,129.0,16512
1841,129.0,16512
1842,129.0,16512
1843,129.0,16512
1844,129.0,16512
1845,129.0,16512
1846,129.0,16512
1847,129.0,16512
1848,129.0,16512
1849,129.0,16512
1850,129.0,16512
1851,129.0,16512
1852,129.0,16512
1853,129.0,16512
1854,129.0,16512
1855,129.0,16512
1856,129.0,16512
1857,129.0,16512
1858,129.0,16512
1859,129.0,16512
1860,129.0,16512
1861,129.0,16512
1862,129.0,16512
1863,129.0,16512
1864,129.0,16512
1865,129.0,16512
1866,129.0,16512
1867,129.0,16512
1868,129.0,16512
1869,129.0,16512
1870,129.0,16512
1871,129.0,16512
1872,129.0,16512
1873,129.0,16512
1874,129.0,16512
1875,129.0,16512
1876,129.0,16512
1877,129.0,16512
1878,129.0,16512
1879,129.0,16512
1880,129.0,16512
1881,129.0,16512
1882,129.0,16512
1883,129.0,16512
1884,129.0,16512
1885,129.0,16512
1886,129.0,16512
1887,129.0,16512
1888,129.0,16512
1889,129.0,16512
1890,129.0,16512
1891,129.0,16512
1892,129.0,16512
1893,129.0,16512
1894,129.0,16512
1895,129.0,16512
1896,129.0,16512
1897,129.0,16512
1898,129.0,16512
1899,129.0,16512
1900,129.0,16512
1901,129.0,16512
1902,129.0,16512
1903,129.0,16512
1904,129.0,16512
1905,129.0,16512
1906,129.0,16512
1907,129.0,16512
1908,129.0,16512
1909,129.0,16512
1910,129.0,16512
1911,129.0,16512
1912,129.0,16512
1913,129.0,16512
1914,129.0,16512
1915,129.0,16512
1916,129.0,16512
1917,129.0,16512
1918,129.0,16512
1919,129.0,16512
1920,129.0,16512
1921,129.0,16512
1922,129.0,16512
1923,129.0,16512
1924,129.0,16512
1925,129.0,16512
1926,129.0,16512
1927,129.0,16512
1928,129.0,16512
1929,129.0,16512
1930,129.0,16512
1931,129.0,16512
1932,129.0,16512
1933,129.0,16512
1934,129.0,16512
1935,129.0,16512
1936,129.0,16512
1937,129.0,16512
1938,129.0,16512
1939,129.0,16512
1940,129.0,16512
1941,129.0,16512
1942,129.0,16512
1943,129.0,16512
1944,129.0,16512
1945,129.0,16512
1946,129.0,16512
1947,129.0,16512
1948,129.0,16512
1949,129.0,16512
1950,129.0,16512
1951,129.0,16512
1952,129.0,16512
1953,129.0,16512
1954,129.0,16512
1955,129.0,16512
1956,129.0,16512
1957,129.0,16512
1958,129.0,16512
1959,129.0,16512
1960,129.0,16512
1961,129.0,16512
1962,129.0,16512
1963,129.0,16512
1964,129.0,16512
1965,129.0,16512
1966,129.0,16512
1967,129.0,16512
1968,137.0,17536
1969,129.0,16512
1970,129.0,16512
1971,129.0,16512
1972,129.0,16512
1973,129.0,16512
1974,129.0,16512
1975,129.0,16512
1976,129.0,16512
1977,129.0,16512
1978,129.0,16512
1979,129.0,16512
1980,129.0,16512
1981,129.0,16512
1982,129.0,16512
1983,129.0,16512
1984,129.0,16512
1985,129.0,16512
1986,129.0,16512
1987,129.0,16512
1988,129.0,16512
1989,129.0,16512
1990,129.0,16512
1991,129.0,16512
1992,129.0,16512
1993,129.0,16512
1994,129.0,16512
1995,129.0,16512
1996,137.0,17536
1997,137.0,17536
1998,129.0,16512
1999,129.0,16512
2000,129.0,16512
