RandomSeed,30947,Population size:128,Bit Length:64,Crossover Rate:0.7,Mutation Rate:0.005
gen,BestFitness,FitnessEval
1,17.0,2176
2,17.0,2176
3,17.0,2176
4,17.0,2176
5,25.0,3200
6,25.0,3200
7,25.0,3200
8,25.0,3200
9,25.0,3200
10,25.0,3200
11,25.0,3200
12,25.0,3200
13,25.0,3200
14,25.0,3200
15,25.0,3200
16,25.0,3200
17,25.0,3200
18,25.0,3200
19,25.0,3200
20,25.0,3200
21,25.0,3200
22,25.0,3200
23,25.0,3200
24,25.0,3200
25,33.0,4224
26,41.0,5248
27,41.0,5248
28,41.0,5248
29,49.0,6272
30,49.0,6272
31,41.0,5248
32,49.0,6272
33,49.0,6272
34,49.0,6272
35,49.0,6272
36,49.0,6272
37,49.0,6272
38,49.0,6272
39,49.0,6272
40,49.0,6272
41,49.0,6272
42,49.0,6272
43,49.0,6272
44,49.0,6272
45,57.0,7296
46,49.0,6272
47,49.0,6272
48,49.0,6272
49,49.0,6272
50,49.0,6272
51,49.0,6272
52,49.0,6272
53,49.0,6272
54,49.0,6272
55,49.0,6272
56,49.0,6272
57,49.0,6272
58,49.0,6272
59,49.0,6272
60,49.0,6272
61,49.0,6272
62,49.0,6272
63,49.0,6272
64,49.0,6272
65,49.0,6272
66,49.0,6272
67,49.0,6272
68,49.0,6272
69,49.0,6272
70,49.0,6272
71,49.0,6272
72,49.0,6272
73,49.0,6272
74,49.0,6272
75,49.0,6272
76,49.0,6272
77,49.0,6272
78,49.0,6272
79,49.0,6272
80,49.0,6272
81,49.0,6272
82,49.0,6272
83,49.0,6272
84,49.0,6272
85,49.0,6272
86,49.0,6272
87,49.0,6272
88,49.0,6272
89,49.0,6272
90,49.0,6272
91,49.0,6272
92,49.0,6272
93,49.0,6272
94,49.0,6272
95,49.0,6272
96,49.0,6272
97,49.0,6272
98,49.0,6272
99,49.0,6272
100,49.0,6272
101,49.0,6272
102,49.0,6272
103,49.0,6272
104,49.0,6272
105,49.0,6272
106,49.0,6272
107,49.0,6272
108,49.0,6272
109,49.0,6272
110,49.0,6272
111,49.0,6272
112,49.0,6272
113,49.0,6272
114,49.0,6272
115,49.0,6272
116,49.0,6272
117,49.0,6272
118,49.0,6272
119,49.0,6272
120,49.0,6272
121,49.0,6272
122,49.0,6272
123,49.0,6272
124,49.0,6272
125,49.0,6272
126,49.0,6272
127,49.0,6272
128,49.0,6272
129,57.0,7296
130,57.0,7296
131,49.0,6272
132,49.0,6272
133,49.0,6272
134,49.0,6272
135,49.0,6272
136,49.0,6272
137,49.0,6272
138,49.0,6272
139,49.0,6272
140,49.0,6272
141,49.0,6272
142,49.0,6272
143,49.0,6272
144,49.0,6272
145,49.0,6272
146,49.0,6272
147,49.0,6272
148,49.0,6272
149,49.0,6272
150,49.0,6272
151,49.0,6272
152,49.0,6272
153,49.0,6272
154,49.0,6272
155,49.0,6272
156,49.0,6272
157,49.0,6272
158,49.0,6272
159,49.0,6272
160,49.0,6272
161,49.0,6272
162,49.0,6272
163,49.0,6272
164,49.0,6272
165,49.0,6272
166,49.0,6272
167,49.0,6272
168,49.0,6272
169,49.0,6272
170,49.0,6272
171,49.0,6272
172,49.0,6272
173,49.0,6272
174,49.0,6272
175,49.0,6272
176,49.0,6272
177,49.0,6272
178,49.0,6272
179,49.0,6272
180,49.0,6272
181,49.0,6272
182,49.0,6272
183,49.0,6272
184,49.0,6272
185,49.0,6272
186,49.0,6272
187,49.0,6272
188,49.0,6272
189,49.0,6272
190,49.0,6272
191,49.0,6272
192,49.0,6272
193,49.0,6272
194,49.0,6272
195,49.0,6272
196,49.0,6272
197,49.0,6272
198,49.0,6272
199,49.0,6272
200,49.0,6272
201,49.0,6272
202,49.0,6272
203,49.0,6272
204,49.0,6272
205,49.0,6272
206,49.0,6272
207,49.0,6272
208,49.0,6272
209,49.0,6272
210,49.0,6272
211,49.0,6272
212,41.0,5248
213,41.0,5248
214,41.0,5248
215,41.0,5248
216,41.0,5248
217,49.0,6272
218,49.0,6272
219,49.0,6272
220,49.0,6272
221,49.0,6272
222,41.0,5248
223,41.0,5248
224,41.0,5248
225,41.0,5248
226,49.0,6272
227,49.0,6272
228,49.0,6272
229,49.0,6272
230,49.0,6272
231,49.0,6272
232,49.0,6272
233,49.0,6272
234,49.0,6272
235,49.0,6272
236,49.0,6272
237,49.0,6272
238,49.0,6272
239,49.0,6272
240,49.0,6272
241,49.0,6272
242,49.0,6272
243,49.0,6272
244,49.0,6272
245,49.0,6272
246,49.0,6272
247,49.0,6272
248,49.0,6272
249,49.0,6272
250,49.0,6272
251,49.0,6272
252,49.0,6272
253,49.0,6272
254,49.0,6272
255,49.0,6272
256,49.0,6272
257,49.0,6272
258,49.0,6272
259,49.0,6272
260,49.0,6272
261,49.0,6272
262,49.0,6272
263,49.0,6272
264,49.0,6272
265,49.0,6272
266,49.0,6272
267,49.0,6272
268,49.0,6272
269,49.0,6272
270,49.0,6272
271,49.0,6272
272,49.0,6272
273,49.0,6272
274,49.0,6272
275,49.0,6272
276,49.0,6272
277,49.0,6272
278,49.0,6272
279,49.0,6272
280,49.0,6272
281,49.0,6272
282,49.0,6272
283,49.0,6272
284,49.0,6272
285,49.0,6272
286,49.0,6272
287,49.0,6272
288,49.0,6272
289,49.0,6272
290,49.0,6272
291,49.0,6272
292,49.0,6272
293,49.0,6272
294,49.0,6272
295,49.0,6272
296,49.0,6272
297,49.0,6272
298,49.0,6272
299,49.0,6272
300,49.0,6272
301,49.0,6272
302,49.0,6272
303,49.0,6272
304,49.0,6272
305,49.0,6272
306,49.0,6272
307,49.0,6272
308,49.0,6272
309,49.0,6272
310,49.0,6272
311,49.0,6272
312,49.0,6272
313,49.0,6272
314,49.0,6272
315,49.0,6272
316,49.0,6272
317,49.0,6272
318,49.0,6272
319,49.0,6272
320,49.0,6272
321,49.0,6272
322,49.0,6272
323,49.0,6272
324,49.0,6272
325,49.0,6272
326,49.0,6272
327,49.0,6272
328,49.0,6272
329,49.0,6272
330,49.0,6272
331,49.0,6272
332,49.0,6272
333,49.0,6272
334,49.0,6272
335,49.0,6272
336,49.0,6272
337,49.0,6272
338,49.0,6272
339,49.0,6272
340,49.0,6272
341,49.0,6272
342,49.0,6272
343,49.0,6272
344,49.0,6272
345,49.0,6272
346,49.0,6272
347,49.0,6272
348,49.0,6272
349,49.0,6272
350,49.0,6272
351,57.0,7296
352,57.0,7296
353,57.0,7296
354,57.0,7296
355,57.0,7296
356,57.0,7296
357,57.0,7296
358,49.0,6272
359,49.0,6272
360,49.0,6272
361,49.0,6272
362,49.0,6272
363,49.0,6272
364,49.0,6272
365,49.0,6272
366,49.0,6272
367,49.0,6272
368,49.0,6272
369,49.0,6272
370,49.0,6272
371,49.0,6272
372,49.0,6272
373,49.0,6272
374,49.0,6272
375,49.0,6272
376,49.0,6272
377,49.0,6272
378,49.0,6272
379,49.0,6272
380,49.0,6272
381,49.0,6272
382,49.0,6272
383,49.0,6272
384,49.0,6272
385,49.0,6272
386,49.0,6272
387,49.0,6272
388,49.0,6272
389,49.0,6272
390,49.0,6272
391,49.0,6272
392,49.0,6272
393,49.0,6272
394,49.0,6272
395,49.0,6272
396,49.0,6272
397,49.0,6272
398,49.0,6272
399,49.0,6272
400,49.0,6272
401,49.0,6272
402,49.0,6272
403,49.0,6272
404,49.0,6272
405,49.0,6272
406,49.0,6272
407,49.0,6272
408,49.0,6272
409,49.0,6272
410,49.0,6272
411,49.0,6272
412,49.0,6272
413,49.0,6272
414,49.0,6272
415,49.0,6272
416,49.0,6272
417,49.0,6272
418,49.0,6272
419,49.0,6272
420,49.0,6272
421,49.0,6272
422,49.0,6272
423,49.0,6272
424,49.0,6272
425,49.0,6272
426,49.0,6272
427,49.0,6272
428,49.0,6272
429,49.0,6272
430,49.0,6272
431,49.0,6272
432,49.0,6272
433,49.0,6272
434,49.0,6272
435,49.0,6272
436,49.0,6272
437,49.0,6272
438,49.0,6272
439,49.0,6272
440,49.0,6272
441,49.0,6272
442,49.0,6272
443,49.0,6272
444,49.0,6272
445,49.0,6272
446,49.0,6272
447,49.0,6272
448,49.0,6272
449,49.0,6272
450,49.0,6272
451,49.0,6272
452,49.0,6272
453,49.0,6272
454,49.0,6272
455,49.0,6272
456,49.0,6272
457,49.0,6272
458,49.0,6272
459,49.0,6272
460,49.0,6272
461,49.0,6272
462,49.0,6272
463,49.0,6272
464,49.0,6272
465,49.0,6272
466,49.0,6272
467,49.0,6272
468,49.0,6272
469,49.0,6272
470,49.0,6272
471,49.0,6272
472,49.0,6272
473,49.0,6272
474,49.0,6272
475,49.0,6272
476,49.0,6272
477,49.0,6272
478,49.0,6272
479,49.0,6272
480,49.0,6272
481,49.0,6272
482,49.0,6272
483,49.0,6272
484,49.0,6272
485,49.0,6272
486,49.0,6272
487,49.0,6272
488,49.0,6272
489,49.0,6272
490,49.0,6272
491,49.0,6272
492,49.0,6272
493,49.0,6272
494,49.0,6272
495,49.0,6272
496,49.0,6272
497,49.0,6272
498,49.0,6272
499,49.0,6272
500,49.0,6272
501,49.0,6272
502,49.0,6272
503,49.0,6272
504,49.0,6272
505,49.0,6272
506,49.0,6272
507,49.0,6272
508,49.0,6272
509,49.0,6272
510,49.0,6272
511,49.0,6272
512,49.0,6272
513,49.0,6272
514,49.0,6272
515,49.0,6272
516,49.0,6272
517,49.0,6272
518,49.0,6272
519,49.0,6272
520,49.0,6272
521,49.0,6272
522,49.0,6272
523,49.0,6272
524,49.0,6272
525,49.0,6272
526,49.0,6272
527,49.0,6272
528,49.0,6272
529,49.0,6272
530,49.0,6272
531,49.0,6272
532,49.0,6272
533,49.0,6272
534,49.0,6272
535,49.0,6272
536,49.0,6272
537,49.0,6272
538,49.0,6272
539,49.0,6272
540,49.0,6272
541,49.0,6272
542,49.0,6272
543,49.0,6272
544,49.0,6272
545,49.0,6272
546,49.0,6272
547,49.0,6272
548,49.0,6272
549,49.0,6272
550,49.0,6272
551,49.0,6272
552,49.0,6272
553,49.0,6272
554,49.0,6272
555,49.0,6272
556,49.0,6272
557,49.0,6272
558,49.0,6272
559,49.0,6272
560,49.0,6272
561,49.0,6272
562,49.0,6272
563,49.0,6272
564,49.0,6272
565,49.0,6272
566,49.0,6272
567,49.0,6272
568,49.0,6272
569,49.0,6272
570,49.0,6272
571,49.0,6272
572,49.0,6272
573,49.0,6272
574,49.0,6272
575,49.0,6272
576,49.0,6272
577,49.0,6272
578,49.0,6272
579,49.0,6272
580,49.0,6272
581,49.0,6272
582,49.0,6272
583,49.0,6272
584,49.0,6272
585,49.0,6272
586,49.0,6272
587,49.0,6272
588,49.0,6272
589,49.0,6272
590,49.0,6272
591,49.0,6272
592,49.0,6272
593,49.0,6272
594,49.0,6272
595,49.0,6272
596,49.0,6272
597,49.0,6272
598,49.0,6272
599,49.0,6272
600,49.0,6272
601,49.0,6272
602,49.0,6272
603,49.0,6272
604,49.0,6272
605,49.0,6272
606,49.0,6272
607,49.0,6272
608,49.0,6272
609,49.0,6272
610,49.0,6272
611,49.0,6272
612,49.0,6272
613,49.0,6272
614,49.0,6272
615,49.0,6272
616,49.0,6272
617,49.0,6272
618,49.0,6272
619,49.0,6272
620,49.0,6272
621,49.0,6272
622,49.0,6272
623,49.0,6272
624,49.0,6272
625,49.0,6272
626,49.0,6272
627,49.0,6272
628,49.0,6272
629,49.0,6272
630,49.0,6272
631,49.0,6272
632,49.0,6272
633,49.0,6272
634,49.0,6272
635,49.0,6272
636,49.0,6272
637,49.0,6272
638,57.0,7296
639,57.0,7296
640,57.0,7296
641,57.0,7296
642,57.0,7296
643,57.0,7296
644,49.0,6272
645,49.0,6272
646,49.0,6272
647,49.0,6272
648,49.0,6272
649,49.0,6272
650,49.0,6272
651,49.0,6272
652,49.0,6272
653,49.0,6272
654,49.0,6272
655,49.0,6272
656,49.0,6272
657,49.0,6272
658,49.0,6272
659,49.0,6272
660,49.0,6272
661,49.0,6272
662,49.0,6272
663,49.0,6272
664,49.0,6272
665,49.0,6272
666,49.0,6272
667,49.0,6272
668,49.0,6272
669,49.0,6272
670,49.0,6272
671,49.0,6272
672,49.0,6272
673,49.0,6272
674,49.0,6272
675,49.0,6272
676,49.0,6272
677,49.0,6272
678,49.0,6272
679,49.0,6272
680,49.0,6272
681,49.0,6272
682,49.0,6272
683,49.0,6272
684,49.0,6272
685,49.0,6272
686,49.0,6272
687,49.0,6272
688,49.0,6272
689,49.0,6272
690,49.0,6272
691,49.0,6272
692,49.0,6272
693,49.0,6272
694,49.0,6272
695,49.0,6272
696,49.0,6272
697,49.0,6272
698,49.0,6272
699,49.0,6272
700,49.0,6272
701,49.0,6272
702,49.0,6272
703,49.0,6272
704,49.0,6272
705,49.0,6272
706,49.0,6272
707,49.0,6272
708,49.0,6272
709,49.0,6272
710,49.0,6272
711,49.0,6272
712,49.0,6272
713,49.0,6272
714,49.0,6272
715,49.0,6272
716,49.0,6272
717,49.0,6272
718,49.0,6272
719,49.0,6272
720,49.0,6272
721,49.0,6272
722,49.0,6272
723,49.0,6272
724,49.0,6272
725,49.0,6272
726,49.0,6272
727,49.0,6272
728,49.0,6272
729,49.0,6272
730,49.0,6272
731,49.0,6272
732,49.0,6272
733,49.0,6272
734,49.0,6272
735,49.0,6272
736,49.0,6272
737,49.0,6272
738,49.0,6272
739,49.0,6272
740,49.0,6272
741,49.0,6272
742,49.0,6272
743,49.0,6272
744,49.0,6272
745,49.0,6272
746,49.0,6272
747,49.0,6272
748,49.0,6272
749,57.0,7296
750,57.0,7296
751,57.0,7296
752,49.0,6272
753,49.0,6272
754,49.0,6272
755,49.0,6272
756,49.0,6272
757,49.0,6272
758,49.0,6272
759,49.0,6272
760,49.0,6272
761,49.0,6272
762,49.0,6272
763,49.0,6272
764,49.0,6272
765,49.0,6272
766,49.0,6272
767,49.0,6272
768,49.0,6272
769,49.0,6272
770,49.0,6272
771,49.0,6272
772,49.0,6272
773,49.0,6272
774,49.0,6272
775,49.0,6272
776,49.0,6272
777,49.0,6272
778,49.0,6272
779,49.0,6272
780,49.0,6272
781,49.0,6272
782,49.0,6272
783,49.0,6272
784,49.0,6272
785,49.0,6272
786,49.0,6272
787,49.0,6272
788,49.0,6272
789,49.0,6272
790,49.0,6272
791,49.0,6272
792,49.0,6272
793,49.0,6272
794,49.0,6272
795,49.0,6272
796,49.0,6272
797,49.0,6272
798,49.0,6272
799,49.0,6272
800,49.0,6272
801,49.0,6272
802,49.0,6272
803,49.0,6272
804,49.0,6272
805,49.0,6272
806,49.0,6272
807,49.0,6272
808,49.0,6272
809,49.0,6272
810,49.0,6272
811,49.0,6272
812,49.0,6272
813,49.0,6272
814,49.0,6272
815,49.0,6272
816,49.0,6272
817,49.0,6272
818,49.0,6272
819,49.0,6272
820,49.0,6272
821,97.0,12416
822,105.0,13440
823,105.0,13440
824,105.0,13440
825,105.0,13440
826,105.0,13440
827,105.0,13440
828,105.0,13440
829,105.0,13440
830,105.0,13440
831,105.0,13440
832,105.0,13440
833,105.0,13440
834,105.0,13440
835,105.0,13440
836,105.0,13440
837,105.0,13440
838,105.0,13440
839,105.0,13440
840,105.0,13440
841,105.0,13440
842,105.0,13440
843,105.0,13440
844,105.0,13440
845,105.0,13440
846,105.0,13440
847,105.0,13440
848,105.0,13440
849,105.0,13440
850,105.0,13440
851,105.0,13440
852,105.0,13440
853,105.0,13440
854,105.0,13440
855,105.0,13440
856,105.0,13440
857,105.0,13440
858,105.0,13440
859,105.0,13440
860,105.0,13440
861,105.0,13440
862,105.0,13440
863,105.0,13440
864,105.0,13440
865,105.0,13440
866,105.0,13440
867,105.0,13440
868,105.0,13440
869,105.0,13440
870,105.0,13440
871,105.0,13440
872,105.0,13440
873,105.0,13440
874,105.0,13440
875,105.0,13440
876,105.0,13440
877,105.0,13440
878,105.0,13440
879,105.0,13440
880,105.0,13440
881,105.0,13440
882,105.0,13440
883,105.0,13440
884,105.0,13440
885,105.0,13440
886,105.0,13440
887,105.0,13440
888,105.0,13440
889,105.0,13440
890,105.0,13440
891,105.0,13440
892,105.0,13440
893,105.0,13440
894,105.0,13440
895,105.0,13440
896,105.0,13440
897,105.0,13440
898,105.0,13440
899,105.0,13440
900,105.0,13440
901,105.0,13440
902,105.0,13440
903,105.0,13440
904,105.0,13440
905,105.0,13440
906,105.0,13440
907,105.0,13440
908,105.0,13440
909,105.0,13440
910,105.0,13440
911,105.0,13440
912,105.0,13440
913,105.0,13440
914,113.0,14464
915,105.0,13440
916,105.0,13440
917,113.0,14464
918,113.0,14464
919,113.0,14464
920,113.0,14464
921,113.0,14464
922,113.0,14464
923,113.0,14464
924,113.0,14464
925,113.0,14464
926,113.0,14464
927,113.0,14464
928,113.0,14464
929,113.0,14464
930,113.0,14464
931,113.0,14464
932,105.0,13440
933,105.0,13440
934,105.0,13440
935,105.0,13440
936,105.0,13440
937,105.0,13440
938,105.0,13440
939,105.0,13440
940,105.0,13440
941,105.0,13440
942,105.0,13440
943,105.0,13440
944,105.0,13440
945,105.0,13440
946,105.0,13440
947,105.0,13440
948,105.0,13440
949,105.0,13440
950,105.0,13440
951,105.0,13440
952,105.0,13440
953,105.0,13440
954,105.0,13440
955,105.0,13440
956,105.0,13440
957,105.0,13440
958,105.0,13440
959,105.0,13440
960,105.0,13440
961,105.0,13440
962,105.0,13440
963,105.0,13440
964,105.0,13440
965,105.0,13440
966,105.0,13440
967,105.0,13440
968,105.0,13440
969,105.0,13440
970,97.0,12416
971,97.0,12416
972,97.0,12416
973,105.0,13440
974,97.0,12416
975,97.0,12416
976,105.0,13440
977,97.0,12416
978,97.0,12416
979,105.0,13440
980,105.0,13440
981,105.0,13440
982,105.0,13440
983,105.0,13440
984,105.0,13440
985,105.0,13440
986,105.0,13440
987,105.0,13440
988,97.0,12416
989,97.0,12416
990,97.0,12416
991,97.0,12416
992,97.0,12416
993,97.0,12416
994,97.0,12416
995,97.0,12416
996,97.0,12416
997,97.0,12416
998,97.0,12416
999,97.0,12416
1000,97.0,12416
1001,97.0,12416
1002,97.0,12416
1003,97.0,12416
1004,97.0,12416
1005,97.0,12416
1006,97.0,12416
1007,97.0,12416
1008,97.0,12416
1009,97.0,12416
1010,97.0,12416
1011,97.0,12416
1012,97.0,12416
1013,97.0,12416
1014,97.0,12416
1015,97.0,12416
1016,97.0,12416
1017,97.0,12416
1018,97.0,12416
1019,97.0,12416
1020,97.0,12416
1021,97.0,12416
1022,97.0,12416
1023,97.0,12416
1024,97.0,12416
1025,97.0,12416
1026,97.0,12416
1027,97.0,12416
1028,97.0,12416
1029,97.0,12416
1030,97.0,12416
1031,97.0,12416
1032,97.0,12416
1033,97.0,12416
1034,97.0,12416
1035,97.0,12416
1036,97.0,12416
1037,97.0,12416
1038,97.0,12416
1039,97.0,12416
1040,97.0,12416
1041,97.0,12416
1042,97.0,12416
1043,97.0,12416
1044,97.0,12416
1045,97.0,12416
1046,97.0,12416
1047,97.0,12416
1048,97.0,12416
1049,97.0,12416
1050,97.0,12416
1051,97.0,12416
1052,97.0,12416
1053,97.0,12416
1054,97.0,12416
1055,97.0,12416
1056,97.0,12416
1057,97.0,12416
1058,97.0,12416
1059,97.0,12416
1060,97.0,12416
1061,97.0,12416
1062,97.0,12416
1063,97.0,12416
1064,97.0,12416
1065,97.0,12416
1066,97.0,12416
1067,97.0,12416
1068,97.0,12416
1069,97.0,12416
1070,97.0,12416
1071,97.0,12416
1072,97.0,12416
1073,97.0,12416
1074,97.0,12416
1075,97.0,12416
1076,97.0,12416
1077,97.0,12416
1078,97.0,12416
1079,97.0,12416
1080,97.0,12416
1081,97.0,12416
1082,97.0,12416
1083,97.0,12416
1084,97.0,12416
1085,97.0,12416
1086,97.0,12416
1087,97.0,12416
1088,97.0,12416
1089,97.0,12416
1090,97.0,12416
1091,97.0,12416
1092,97.0,12416
1093,97.0,12416
1094,97.0,12416
1095,97.0,12416
1096,97.0,12416
1097,97.0,12416
1098,97.0,12416
1099,97.0,12416
1100,97.0,12416
1101,97.0,12416
1102,97.0,12416
1103,97.0,12416
1104,97.0,12416
1105,97.0,12416
1106,97.0,12416
1107,105.0,13440
1108,97.0,12416
1109,97.0,12416
1110,97.0,12416
1111,97.0,12416
1112,97.0,12416
1113,97.0,12416
1114,97.0,12416
1115,97.0,12416
1116,97.0,12416
1117,97.0,12416
1118,97.0,12416
1119,97.0,12416
1120,97.0,12416
1121,97.0,12416
1122,97.0,12416
1123,97.0,12416
1124,97.0,12416
1125,97.0,12416
1126,97.0,12416
1127,97.0,12416
1128,97.0,12416
1129,97.0,12416
1130,97.0,12416
1131,97.0,12416
1132,97.0,12416
1133,97.0,12416
1134,97.0,12416
1135,97.0,12416
1136,97.0,12416
1137,97.0,12416
1138,97.0,12416
1139,97.0,12416
1140,97.0,12416
1141,97.0,12416
1142,97.0,12416
1143,97.0,12416
1144,97.0,12416
1145,97.0,12416
1146,97.0,12416
1147,97.0,12416
1148,97.0,12416
1149,105.0,13440
1150,105.0,13440
1151,97.0,12416
1152,97.0,12416
1153,97.0,12416
1154,97.0,12416
1155,97.0,12416
1156,97.0,12416
1157,97.0,12416
1158,97.0,12416
1159,97.0,12416
1160,97.0,12416
1161,97.0,12416
1162,97.0,12416
1163,97.0,12416
1164,97.0,12416
1165,97.0,12416
1166,97.0,12416
1167,97.0,12416
1168,97.0,12416
1169,105.0,13440
1170,105.0,13440
1171,105.0,13440
1172,105.0,13440
1173,105.0,13440
1174,105.0,13440
1175,105.0,13440
1176,105.0,13440
1177,105.0,13440
1178,105.0,13440
1179,105.0,13440
1180,105.0,13440
1181,105.0,13440
1182,105.0,13440
1183,105.0,13440
1184,105.0,13440
1185,105.0,13440
1186,105.0,13440
1187,105.0,13440
1188,105.0,13440
1189,105.0,13440
1190,105.0,13440
1191,105.0,13440
1192,105.0,13440
1193,105.0,13440
1194,105.0,13440
1195,105.0,13440
1196,105.0,13440
1197,105.0,13440
1198,105.0,13440
1199,105.0,13440
1200,105.0,13440
1201,105.0,13440
1202,105.0,13440
1203,105.0,13440
1204,105.0,13440
1205,97.0,12416
1206,97.0,12416
1207,97.0,12416
1208,97.0,12416
1209,97.0,12416
1210,97.0,12416
1211,97.0,12416
1212,97.0,12416
1213,97.0,12416
1214,97.0,12416
1215,97.0,12416
1216,97.0,12416
1217,97.0,12416
1218,97.0,12416
1219,97.0,12416
1220,97.0,12416
1221,97.0,12416
1222,97.0,12416
1223,97.0,12416
1224,97.0,12416
1225,97.0,12416
1226,97.0,12416
1227,97.0,12416
1228,97.0,12416
1229,97.0,12416
1230,97.0,12416
1231,97.0,12416
1232,97.0,12416
1233,97.0,12416
1234,97.0,12416
1235,97.0,12416
1236,97.0,12416
1237,97.0,12416
1238,97.0,12416
1239,97.0,12416
1240,97.0,12416
1241,97.0,12416
1242,97.0,12416
1243,97.0,12416
1244,97.0,12416
1245,97.0,12416
1246,97.0,12416
1247,97.0,12416
1248,97.0,12416
1249,97.0,12416
1250,97.0,12416
1251,97.0,12416
1252,97.0,12416
1253,97.0,12416
1254,97.0,12416
1255,97.0,12416
1256,97.0,12416
1257,97.0,12416
1258,105.0,13440
1259,97.0,12416
1260,97.0,12416
1261,97.0,12416
1262,97.0,12416
1263,97.0,12416
1264,97.0,12416
1265,97.0,12416
1266,97.0,12416
1267,97.0,12416
1268,97.0,12416
1269,97.0,12416
1270,97.0,12416
1271,97.0,12416
1272,97.0,12416
1273,97.0,12416
1274,97.0,12416
1275,97.0,12416
1276,97.0,12416
1277,97.0,12416
1278,97.0,12416
1279,97.0,12416
1280,97.0,12416
1281,97.0,12416
1282,97.0,12416
1283,97.0,12416
1284,97.0,12416
1285,97.0,12416
1286,97.0,12416
1287,97.0,12416
1288,97.0,12416
1289,97.0,12416
1290,97.0,12416
1291,97.0,12416
1292,97.0,12416
1293,97.0,12416
1294,97.0,12416
1295,97.0,12416
1296,97.0,12416
1297,97.0,12416
1298,97.0,12416
1299,97.0,12416
1300,97.0,12416
1301,97.0,12416
1302,97.0,12416
1303,97.0,12416
1304,97.0,12416
1305,97.0,12416
1306,97.0,12416
1307,97.0,12416
1308,97.0,12416
1309,105.0,13440
1310,105.0,13440
1311,105.0,13440
1312,105.0,13440
1313,105.0,13440
1314,105.0,13440
1315,105.0,13440
1316,105.0,13440
1317,105.0,13440
1318,105.0,13440
1319,105.0,13440
1320,105.0,13440
1321,105.0,13440
1322,105.0,13440
1323,105.0,13440
1324,105.0,13440
1325,97.0,12416
1326,105.0,13440
1327,97.0,12416
1328,97.0,12416
1329,97.0,12416
1330,97.0,12416
1331,97.0,12416
1332,105.0,13440
1333,105.0,13440
1334,97.0,12416
1335,97.0,12416
1336,97.0,12416
1337,97.0,12416
1338,97.0,12416
1339,97.0,12416
1340,97.0,12416
1341,97.0,12416
1342,97.0,12416
1343,97.0,12416
1344,97.0,12416
1345,97.0,12416
1346,97.0,12416
1347,97.0,12416
1348,97.0,12416
1349,105.0,13440
1350,105.0,13440
1351,97.0,12416
1352,97.0,12416
1353,97.0,12416
1354,97.0,12416
1355,97.0,12416
1356,97.0,12416
1357,97.0,12416
1358,97.0,12416
1359,97.0,12416
1360,97.0,12416
1361,97.0,12416
1362,97.0,12416
1363,97.0,12416
1364,97.0,12416
1365,97.0,12416
1366,97.0,12416
1367,97.0,12416
1368,97.0,12416
1369,97.0,12416
1370,97.0,12416
1371,97.0,12416
1372,97.0,12416
1373,97.0,12416
1374,105.0,13440
1375,97.0,12416
1376,97.0,12416
1377,97.0,12416
1378,97.0,12416
1379,97.0,12416
1380,97.0,12416
1381,97.0,12416
1382,97.0,12416
1383,97.0,12416
1384,97.0,12416
1385,97.0,12416
1386,97.0,12416
1387,97.0,12416
1388,97.0,12416
1389,97.0,12416
1390,97.0,12416
1391,97.0,12416
1392,97.0,12416
1393,97.0,12416
1394,97.0,12416
1395,97.0,12416
1396,97.0,12416
1397,97.0,12416
1398,97.0,12416
1399,97.0,12416
1400,97.0,12416
1401,97.0,12416
1402,97.0,12416
1403,97.0,12416
1404,97.0,12416
1405,97.0,12416
1406,97.0,12416
1407,97.0,12416
1408,97.0,12416
1409,97.0,12416
1410,97.0,12416
1411,97.0,12416
1412,97.0,12416
1413,97.0,12416
1414,97.0,12416
1415,97.0,12416
1416,97.0,12416
1417,97.0,12416
1418,97.0,12416
1419,97.0,12416
1420,97.0,12416
1421,97.0,12416
1422,97.0,12416
1423,97.0,12416
1424,97.0,12416
1425,97.0,12416
1426,97.0,12416
1427,97.0,12416
1428,97.0,12416
1429,97.0,12416
1430,97.0,12416
1431,97.0,12416
1432,97.0,12416
1433,97.0,12416
1434,97.0,12416
1435,97.0,12416
1436,97.0,12416
1437,97.0,12416
1438,97.0,12416
1439,97.0,12416
1440,97.0,12416
1441,97.0,12416
1442,97.0,12416
1443,97.0,12416
1444,97.0,12416
1445,97.0,12416
1446,97.0,12416
1447,97.0,12416
1448,97.0,12416
1449,97.0,12416
1450,97.0,12416
1451,97.0,12416
1452,97.0,12416
1453,97.0,12416
1454,97.0,12416
1455,97.0,12416
1456,97.0,12416
1457,97.0,12416
1458,97.0,12416
1459,97.0,12416
1460,97.0,12416
1461,97.0,12416
1462,97.0,12416
1463,97.0,12416
1464,97.0,12416
1465,97.0,12416
1466,97.0,12416
1467,97.0,12416
1468,97.0,12416
1469,97.0,12416
1470,97.0,12416
1471,97.0,12416
1472,97.0,12416
1473,97.0,12416
1474,97.0,12416
1475,97.0,12416
1476,97.0,12416
1477,97.0,12416
1478,97.0,12416
1479,97.0,12416
1480,97.0,12416
1481,97.0,12416
1482,97.0,12416
1483,97.0,12416
1484,97.0,12416
1485,105.0,13440
1486,97.0,12416
1487,97.0,12416
1488,97.0,12416
1489,97.0,12416
1490,97.0,12416
1491,97.0,12416
1492,97.0,12416
1493,97.0,12416
1494,97.0,12416
1495,97.0,12416
1496,97.0,12416
1497,97.0,12416
1498,97.0,12416
1499,97.0,12416
1500,97.0,12416
1501,97.0,12416
1502,97.0,12416
1503,97.0,12416
1504,97.0,12416
1505,97.0,12416
1506,97.0,12416
1507,97.0,12416
1508,97.0,12416
1509,97.0,12416
1510,97.0,12416
1511,97.0,12416
1512,97.0,12416
1513,97.0,12416
1514,97.0,12416
1515,97.0,12416
1516,97.0,12416
1517,97.0,12416
1518,97.0,12416
1519,97.0,12416
1520,97.0,12416
1521,97.0,12416
1522,97.0,12416
1523,97.0,12416
1524,97.0,12416
1525,97.0,12416
1526,97.0,12416
1527,97.0,12416
1528,97.0,12416
1529,97.0,12416
1530,97.0,12416
1531,97.0,12416
1532,97.0,12416
1533,97.0,12416
1534,97.0,12416
1535,97.0,12416
1536,97.0,12416
1537,97.0,12416
1538,97.0,12416
1539,97.0,12416
1540,97.0,12416
1541,97.0,12416
1542,97.0,12416
1543,97.0,12416
1544,97.0,12416
1545,97.0,12416
1546,97.0,12416
1547,97.0,12416
1548,97.0,12416
1549,97.0,12416
1550,97.0,12416
1551,97.0,12416
1552,97.0,12416
1553,97.0,12416
1554,97.0,12416
1555,97.0,12416
1556,97.0,12416
1557,97.0,12416
1558,97.0,12416
1559,97.0,12416
1560,97.0,12416
1561,97.0,12416
1562,97.0,12416
1563,97.0,12416
1564,97.0,12416
1565,97.0,12416
1566,97.0,12416
1567,97.0,12416
1568,97.0,12416
1569,97.0,12416
1570,97.0,12416
1571,97.0,12416
1572,97.0,12416
1573,97.0,12416
1574,97.0,12416
1575,97.0,12416
1576,97.0,12416
1577,97.0,12416
1578,97.0,12416
1579,97.0,12416
1580,97.0,12416
1581,97.0,12416
1582,97.0,12416
1583,97.0,12416
1584,97.0,12416
1585,97.0,12416
1586,97.0,12416
1587,97.0,12416
1588,97.0,12416
1589,97.0,12416
1590,97.0,12416
1591,97.0,12416
1592,97.0,12416
1593,97.0,12416
1594,97.0,12416
1595,97.0,12416
1596,97.0,12416
1597,97.0,12416
1598,97.0,12416
1599,97.0,12416
1600,97.0,12416
1601,97.0,12416
1602,105.0,13440
1603,105.0,13440
1604,105.0,13440
1605,105.0,13440
1606,105.0,13440
1607,105.0,13440
1608,105.0,13440
1609,105.0,13440
1610,105.0,13440
1611,105.0,13440
1612,105.0,13440
1613,105.0,13440
1614,105.0,13440
1615,105.0,13440
1616,105.0,13440
1617,105.0,13440
1618,105.0,13440
1619,105.0,13440
1620,105.0,13440
1621,105.0,13440
1622,105.0,13440
1623,105.0,13440
1624,105.0,13440
1625,105.0,13440
1626,105.0,13440
1627,105.0,13440
1628,105.0,13440
1629,105.0,13440
1630,105.0,13440
1631,105.0,13440
1632,105.0,13440
1633,105.0,13440
1634,105.0,13440
1635,105.0,13440
1636,105.0,13440
1637,105.0,13440
1638,105.0,13440
1639,105.0,13440
1640,105.0,13440
1641,105.0,13440
1642,105.0,13440
1643,105.0,13440
1644,105.0,13440
1645,105.0,13440
1646,105.0,13440
1647,105.0,13440
1648,105.0,13440
1649,105.0,13440
1650,105.0,13440
1651,105.0,13440
1652,105.0,13440
1653,105.0,13440
1654,105.0,13440
1655,105.0,13440
1656,105.0,13440
1657,105.0,13440
1658,105.0,13440
1659,105.0,13440
1660,105.0,13440
1661,105.0,13440
1662,105.0,13440
1663,105.0,13440
1664,105.0,13440
1665,105.0,13440
1666,105.0,13440
1667,105.0,13440
1668,105.0,13440
1669,105.0,13440
1670,105.0,13440
1671,105.0,13440
1672,105.0,13440
1673,105.0,13440
1674,105.0,13440
1675,105.0,13440
1676,105.0,13440
1677,105.0,13440
1678,105.0,13440
1679,105.0,13440
1680,105.0,13440
1681,105.0,13440
1682,105.0,13440
1683,105.0,13440
1684,105.0,13440
1685,105.0,13440
1686,105.0,13440
1687,105.0,13440
1688,105.0,13440
1689,105.0,13440
1690,105.0,13440
1691,105.0,13440
1692,105.0,13440
1693,105.0,13440
1694,105.0,13440
1695,105.0,13440
1696,105.0,13440
1697,105.0,13440
1698,105.0,13440
1699,105.0,13440
1700,105.0,13440
1701,105.0,13440
1702,105.0,13440
1703,105.0,13440
1704,105.0,13440
1705,105.0,13440
1706,105.0,13440
1707,105.0,13440
1708,105.0,13440
1709,105.0,13440
1710,105.0,13440
1711,105.0,13440
1712,105.0,13440
1713,105.0,13440
1714,105.0,13440
1715,105.0,13440
1716,105.0,13440
1717,105.0,13440
1718,105.0,13440
1719,105.0,13440
1720,105.0,13440
1721,105.0,13440
1722,105.0,13440
1723,105.0,13440
1724,105.0,13440
1725,105.0,13440
1726,105.0,13440
1727,105.0,13440
1728,105.0,13440
1729,105.0,13440
1730,105.0,13440
1731,105.0,13440
1732,105.0,13440
1733,105.0,13440
1734,105.0,13440
1735,105.0,13440
1736,105.0,13440
1737,97.0,12416
1738,97.0,12416
1739,97.0,12416
1740,97.0,12416
1741,97.0,12416
1742,97.0,12416
1743,97.0,12416
1744,97.0,12416
1745,105.0,13440
1746,97.0,12416
1747,97.0,12416
1748,97.0,12416
1749,97.0,12416
1750,97.0,12416
1751,97.0,12416
1752,97.0,12416
1753,97.0,12416
1754,97.0,12416
1755,105.0,13440
1756,97.0,12416
1757,105.0,13440
1758,105.0,13440
1759,105.0,13440
1760,105.0,13440
1761,105.0,13440
1762,105.0,13440
1763,105.0,13440
1764,105.0,13440
1765,105.0,13440
1766,105.0,13440
1767,97.0,12416
1768,97.0,12416
1769,97.0,12416
1770,97.0,12416
1771,97.0,12416
1772,97.0,12416
1773,97.0,12416
1774,97.0,12416
1775,97.0,12416
1776,97.0,12416
1777,105.0,13440
1778,105.0,13440
1779,105.0,13440
1780,105.0,13440
1781,105.0,13440
1782,105.0,13440
1783,105.0,13440
1784,105.0,13440
1785,97.0,12416
1786,97.0,12416
1787,97.0,12416
1788,97.0,12416
1789,97.0,12416
1790,97.0,12416
1791,97.0,12416
1792,97.0,12416
1793,97.0,12416
1794,97.0,12416
1795,97.0,12416
1796,97.0,12416
1797,97.0,12416
1798,97.0,12416
1799,97.0,12416
1800,97.0,12416
1801,97.0,12416
1802,97.0,12416
1803,97.0,12416
1804,97.0,12416
1805,97.0,12416
1806,97.0,12416
1807,97.0,12416
1808,97.0,12416
1809,97.0,12416
1810,97.0,12416
1811,105.0,13440
1812,105.0,13440
1813,105.0,13440
1814,105.0,13440
1815,97.0,12416
1816,105.0,13440
1817,105.0,13440
1818,105.0,13440
1819,105.0,13440
1820,105.0,13440
1821,105.0,13440
1822,97.0,12416
1823,105.0,13440
1824,105.0,13440
1825,105.0,13440
1826,105.0,13440
1827,105.0,13440
1828,105.0,13440
1829,105.0,13440
1830,97.0,12416
1831,97.0,12416
1832,97.0,12416
1833,97.0,12416
1834,97.0,12416
1835,97.0,12416
1836,97.0,12416
1837,97.0,12416
1838,97.0,12416
1839,97.0,12416
1840,97.0,12416
1841,97.0,12416
1842,97.0,12416
1843,97.0,12416
1844,97.0,12416
1845,97.0,12416
1846,97.0,12416
1847,97.0,12416
1848,97.0,12416
1849,97.0,12416
1850,97.0,12416
1851,97.0,12416
1852,97.0,12416
1853,97.0,12416
1854,97.0,12416
1855,97.0,12416
1856,97.0,12416
1857,97.0,12416
1858,97.0,12416
1859,97.0,12416
1860,97.0,12416
1861,97.0,12416
1862,97.0,12416
1863,97.0,12416
1864,97.0,12416
1865,97.0,12416
1866,97.0,12416
1867,97.0,12416
1868,105.0,13440
1869,97.0,12416
1870,97.0,12416
1871,97.0,12416
1872,97.0,12416
1873,97.0,12416
1874,97.0,12416
1875,97.0,12416
1876,97.0,12416
1877,97.0,12416
1878,97.0,12416
1879,97.0,12416
1880,97.0,12416
1881,97.0,12416
1882,97.0,12416
1883,97.0,12416
1884,97.0,12416
1885,97.0,12416
1886,97.0,12416
1887,97.0,12416
1888,97.0,12416
1889,97.0,12416
1890,97.0,12416
1891,105.0,13440
1892,97.0,12416
1893,97.0,12416
1894,97.0,12416
1895,97.0,12416
1896,97.0,12416
1897,97.0,12416
1898,97.0,12416
1899,97.0,12416
1900,97.0,12416
1901,97.0,12416
1902,97.0,12416
1903,97.0,12416
1904,97.0,12416
1905,97.0,12416
1906,97.0,12416
1907,97.0,12416
1908,97.0,12416
1909,97.0,12416
1910,97.0,12416
1911,97.0,12416
1912,97.0,12416
1913,97.0,12416
1914,105.0,13440
1915,97.0,12416
1916,97.0,12416
1917,97.0,12416
1918,97.0,12416
1919,97.0,12416
1920,97.0,12416
1921,97.0,12416
1922,97.0,12416
1923,97.0,12416
1924,97.0,12416
1925,97.0,12416
1926,97.0,12416
1927,97.0,12416
1928,97.0,12416
1929,97.0,12416
1930,97.0,12416
1931,97.0,12416
1932,105.0,13440
1933,97.0,12416
1934,97.0,12416
1935,97.0,12416
1936,105.0,13440
1937,97.0,12416
1938,97.0,12416
1939,97.0,12416
1940,97.0,12416
1941,97.0,12416
1942,97.0,12416
1943,97.0,12416
1944,97.0,12416
1945,97.0,12416
1946,97.0,12416
1947,97.0,12416
1948,97.0,12416
1949,97.0,12416
1950,97.0,12416
1951,97.0,12416
1952,97.0,12416
1953,97.0,12416
1954,97.0,12416
1955,97.0,12416
1956,97.0,12416
1957,97.0,12416
1958,97.0,12416
1959,97.0,12416
1960,97.0,12416
1961,97.0,12416
1962,97.0,12416
1963,97.0,12416
1964,97.0,12416
1965,97.0,12416
1966,97.0,12416
1967,97.0,12416
1968,97.0,12416
1969,97.0,12416
1970,97.0,12416
1971,97.0,12416
1972,97.0,12416
1973,97.0,12416
1974,97.0,12416
1975,97.0,12416
1976,97.0,12416
1977,97.0,12416
1978,97.0,12416
1979,97.0,12416
1980,97.0,12416
1981,97.0,12416
1982,97.0,12416
1983,97.0,12416
1984,97.0,12416
1985,97.0,12416
1986,97.0,12416
1987,97.0,12416
1988,97.0,12416
1989,97.0,12416
1990,97.0,12416
1991,97.0,12416
1992,97.0,12416
1993,97.0,12416
1994,97.0,12416
1995,97.0,12416
1996,97.0,12416
1997,97.0,12416
1998,97.0,12416
1999,97.0,12416
2000,97.0,12416
