RandomSeed,6682,Population size:128,Bit Length:64,Crossover Rate:0.7,Mutation Rate:0.005
gen,BestFitness,FitnessEval
1,9.0,1152
2,17.0,2176
3,17.0,2176
4,17.0,2176
5,17.0,2176
6,17.0,2176
7,25.0,3200
8,25.0,3200
9,25.0,3200
10,25.0,3200
11,25.0,3200
12,25.0,3200
13,25.0,3200
14,25.0,3200
15,25.0,3200
16,25.0,3200
17,25.0,3200
18,25.0,3200
19,25.0,3200
20,25.0,3200
21,25.0,3200
22,25.0,3200
23,25.0,3200
24,25.0,3200
25,49.0,6272
26,49.0,6272
27,49.0,6272
28,49.0,6272
29,49.0,6272
30,49.0,6272
31,49.0,6272
32,49.0,6272
33,49.0,6272
34,49.0,6272
35,49.0,6272
36,49.0,6272
37,49.0,6272
38,49.0,6272
39,49.0,6272
40,49.0,6272
41,49.0,6272
42,49.0,6272
43,57.0,7296
44,57.0,7296
45,57.0,7296
46,57.0,7296
47,57.0,7296
48,57.0,7296
49,57.0,7296
50,57.0,7296
51,49.0,6272
52,49.0,6272
53,49.0,6272
54,49.0,6272
55,49.0,6272
56,49.0,6272
57,49.0,6272
58,49.0,6272
59,49.0,6272
60,49.0,6272
61,49.0,6272
62,49.0,6272
63,49.0,6272
64,49.0,6272
65,49.0,6272
66,49.0,6272
67,49.0,6272
68,49.0,6272
69,49.0,6272
70,49.0,6272
71,49.0,6272
72,49.0,6272
73,49.0,6272
74,49.0,6272
75,49.0,6272
76,49.0,6272
77,73.0,9344
78,65.0,8320
79,73.0,9344
80,49.0,6272
81,49.0,6272
82,49.0,6272
83,49.0,6272
84,49.0,6272
85,49.0,6272
86,49.0,6272
87,49.0,6272
88,49.0,6272
89,49.0,6272
90,49.0,6272
91,49.0,6272
92,49.0,6272
93,49.0,6272
94,65.0,8320
95,73.0,9344
96,73.0,9344
97,73.0,9344
98,73.0,9344
99,73.0,9344
100,73.0,9344
101,73.0,9344
102,73.0,9344
103,73.0,9344
104,73.0,9344
105,73.0,9344
106,73.0,9344
107,73.0,9344
108,73.0,9344
109,73.0,9344
110,73.0,9344
111,73.0,9344
112,73.0,9344
113,73.0,9344
114,73.0,9344
115,73.0,9344
116,73.0,9344
117,73.0,9344
118,73.0,9344
119,73.0,9344
120,73.0,9344
121,73.0,9344
122,73.0,9344
123,73.0,9344
124,73.0,9344
125,73.0,9344
126,73.0,9344
127,73.0,9344
128,73.0,9344
129,73.0,9344
130,73.0,9344
131,73.0,9344
132,73.0,9344
133,73.0,9344
134,73.0,9344
135,73.0,9344
136,73.0,9344
137,73.0,9344
138,73.0,9344
139,73.0,9344
140,73.0,9344
141,73.0,9344
142,73.0,9344
143,73.0,9344
144,73.0,9344
145,73.0,9344
146,73.0,9344
147,73.0,9344
148,73.0,9344
149,73.0,9344
150,73.0,9344
151,73.0,9344
152,73.0,9344
153,73.0,9344
154,73.0,9344
155,73.0,9344
156,73.0,9344
157,73.0,9344
158,73.0,9344
159,73.0,9344
160,73.0,9344
161,73.0,9344
162,73.0,9344
163,73.0,9344
164,73.0,9344
165,73.0,9344
166,73.0,9344
167,73.0,9344
168,73.0,9344
169,73.0,9344
170,73.0,9344
171,73.0,9344
172,73.0,9344
173,73.0,9344
174,73.0,9344
175,73.0,9344
176,73.0,9344
177,73.0,9344
178,73.0,9344
179,73.0,9344
180,73.0,9344
181,73.0,9344
182,73.0,9344
183,73.0,9344
184,73.0,9344
185,73.0,9344
186,73.0,9344
187,73.0,9344
188,73.0,9344
189,73.0,9344
190,73.0,9344
191,73.0,9344
192,73.0,9344
193,73.0,9344
194,73.0,9344
195,73.0,9344
196,73.0,9344
197,73.0,9344
198,73.0,9344
199,73.0,9344
200,73.0,9344
201,73.0,9344
202,73.0,9344
203,73.0,9344
204,73.0,9344
205,73.0,9344
206,73.0,9344
207,73.0,9344
208,73.0,9344
209,73.0,9344
210,73.0,9344
211,73.0,9344
212,73.0,9344
213,73.0,9344
214,73.0,9344
215,73.0,9344
216,73.0,9344
217,73.0,9344
218,73.0,9344
219,73.0,9344
220,73.0,9344
221,73.0,9344
222,73.0,9344
223,73.0,9344
224,73.0,9344
225,73.0,9344
226,73.0,9344
227,73.0,9344
228,73.0,9344
229,73.0,9344
230,73.0,9344
231,73.0,9344
232,73.0,9344
233,73.0,9344
234,73.0,9344
235,73.0,9344
236,73.0,9344
237,73.0,9344
238,73.0,9344
239,73.0,9344
240,73.0,9344
241,73.0,9344
242,73.0,9344
243,73.0,9344
244,73.0,9344
245,73.0,9344
246,73.0,9344
247,73.0,9344
248,73.0,9344
249,73.0,9344
250,73.0,9344
251,73.0,9344
252,73.0,9344
253,73.0,9344
254,73.0,9344
255,73.0,9344
256,73.0,9344
257,73.0,9344
258,73.0,9344
259,73.0,9344
260,73.0,9344
261,73.0,9344
262,73.0,9344
263,73.0,9344
264,73.0,9344
265,73.0,9344
266,73.0,9344
267,73.0,9344
268,73.0,9344
269,73.0,9344
270,73.0,9344
271,73.0,9344
272,73.0,9344
273,73.0,9344
274,73.0,9344
275,73.0,9344
276,73.0,9344
277,73.0,9344
278,73.0,9344
279,73.0,9344
280,73.0,9344
281,73.0,9344
282,73.0,9344
283,73.0,9344
284,73.0,9344
285,73.0,9344
286,73.0,9344
287,73.0,9344
288,73.0,9344
289,73.0,9344
290,73.0,9344
291,73.0,9344
292,73.0,9344
293,73.0,9344
294,73.0,9344
295,73.0,9344
296,73.0,9344
297,73.0,9344
298,73.0,9344
299,73.0,9344
300,73.0,9344
301,73.0,9344
302,73.0,9344
303,73.0,9344
304,73.0,9344
305,73.0,9344
306,73.0,9344
307,73.0,9344
308,73.0,9344
309,73.0,9344
310,73.0,9344
311,73.0,9344
312,73.0,9344
313,73.0,9344
314,73.0,9344
315,73.0,9344
316,73.0,9344
317,73.0,9344
318,73.0,9344
319,73.0,9344
320,73.0,9344
321,73.0,9344
322,73.0,9344
323,73.0,9344
324,73.0,9344
325,73.0,9344
326,73.0,9344
327,73.0,9344
328,73.0,9344
329,73.0,9344
330,73.0,9344
331,73.0,9344
332,73.0,9344
333,73.0,9344
334,73.0,9344
335,73.0,9344
336,73.0,9344
337,73.0,9344
338,73.0,9344
339,73.0,9344
340,73.0,9344
341,73.0,9344
342,73.0,9344
343,73.0,9344
344,73.0,9344
345,73.0,9344
346,73.0,9344
347,73.0,9344
348,73.0,9344
349,73.0,9344
350,73.0,9344
351,73.0,9344
352,73.0,9344
353,73.0,9344
354,73.0,9344
355,73.0,9344
356,73.0,9344
357,73.0,9344
358,73.0,9344
359,73.0,9344
360,73.0,9344
361,73.0,9344
362,81.0,10368
363,73.0,9344
364,73.0,9344
365,73.0,9344
366,73.0,9344
367,73.0,9344
368,73.0,9344
369,73.0,9344
370,73.0,9344
371,73.0,9344
372,73.0,9344
373,73.0,9344
374,73.0,9344
375,73.0,9344
376,73.0,9344
377,73.0,9344
378,73.0,9344
379,73.0,9344
380,73.0,9344
381,73.0,9344
382,73.0,9344
383,73.0,9344
384,73.0,9344
385,73.0,9344
386,73.0,9344
387,73.0,9344
388,73.0,9344
389,73.0,9344
390,73.0,9344
391,73.0,9344
392,73.0,9344
393,73.0,9344
394,73.0,9344
395,73.0,9344
396,73.0,9344
397,73.0,9344
398,73.0,9344
399,73.0,9344
400,73.0,9344
401,73.0,9344
402,73.0,9344
403,73.0,9344
404,73.0,9344
405,73.0,9344
406,73.0,9344
407,73.0,9344
408,73.0,9344
409,73.0,9344
410,73.0,9344
411,73.0,9344
412,73.0,9344
413,73.0,9344
414,73.0,9344
415,73.0,9344
416,73.0,9344
417,73.0,9344
418,73.0,9344
419,73.0,9344
420,73.0,9344
421,73.0,9344
422,73.0,9344
423,73.0,9344
424,73.0,9344
425,73.0,9344
426,73.0,9344
427,73.0,9344
428,73.0,9344
429,73.0,9344
430,73.0,9344
431,73.0,9344
432,73.0,9344
433,73.0,9344
434,73.0,9344
435,73.0,9344
436,73.0,9344
437,73.0,9344
438,73.0,9344
439,73.0,9344
440,73.0,9344
441,73.0,9344
442,73.0,9344
443,73.0,9344
444,73.0,9344
445,73.0,9344
446,73.0,9344
447,73.0,9344
448,73.0,9344
449,73.0,9344
450,73.0,9344
451,73.0,9344
452,73.0,9344
453,73.0,9344
454,73.0,9344
455,73.0,9344
456,73.0,9344
457,73.0,9344
458,73.0,9344
459,73.0,9344
460,73.0,9344
461,73.0,9344
462,73.0,9344
463,73.0,9344
464,73.0,9344
465,73.0,9344
466,73.0,9344
467,73.0,9344
468,73.0,9344
469,73.0,9344
470,73.0,9344
471,73.0,9344
472,73.0,9344
473,73.0,9344
474,73.0,9344
475,73.0,9344
476,73.0,9344
477,73.0,9344
478,73.0,9344
479,73.0,9344
480,73.0,9344
481,73.0,9344
482,73.0,9344
483,73.0,9344
484,73.0,9344
485,73.0,9344
486,73.0,9344
487,73.0,9344
488,73.0,9344
489,73.0,9344
490,73.0,9344
491,73.0,9344
492,73.0,9344
493,73.0,9344
494,73.0,9344
495,73.0,9344
496,73.0,9344
497,73.0,9344
498,73.0,9344
499,73.0,9344
500,73.0,9344
501,73.0,9344
502,73.0,9344
503,73.0,9344
504,73.0,9344
505,73.0,9344
506,73.0,9344
507,73.0,9344
508,73.0,9344
509,73.0,9344
510,73.0,9344
511,73.0,9344
512,73.0,9344
513,73.0,9344
514,73.0,9344
515,73.0,9344
516,73.0,9344
517,73.0,9344
518,73.0,9344
519,73.0,9344
520,73.0,9344
521,73.0,9344
522,73.0,9344
523,73.0,9344
524,73.0,9344
525,73.0,9344
526,73.0,9344
527,73.0,9344
528,73.0,9344
529,73.0,9344
530,73.0,9344
531,73.0,9344
532,73.0,9344
533,73.0,9344
534,73.0,9344
535,73.0,9344
536,73.0,9344
537,73.0,9344
538,73.0,9344
539,73.0,9344
540,73.0,9344
541,73.0,9344
542,73.0,9344
543,73.0,9344
544,73.0,9344
545,73.0,9344
546,73.0,9344
547,73.0,9344
548,73.0,9344
549,73.0,9344
550,73.0,9344
551,73.0,9344
552,73.0,9344
553,81.0,10368
554,81.0,10368
555,81.0,10368
556,81.0,10368
557,81.0,10368
558,81.0,10368
559,81.0,10368
560,81.0,10368
561,81.0,10368
562,81.0,10368
563,81.0,10368
564,81.0,10368
565,81.0,10368
566,81.0,10368
567,81.0,10368
568,81.0,10368
569,81.0,10368
570,81.0,10368
571,81.0,10368
572,81.0,10368
573,81.0,10368
574,81.0,10368
575,81.0,10368
576,81.0,10368
577,81.0,10368
578,81.0,10368
579,81.0,10368
580,81.0,10368
581,81.0,10368
582,81.0,10368
583,81.0,10368
584,81.0,10368
585,81.0,10368
586,81.0,10368
587,81.0,10368
588,81.0,10368
589,81.0,10368
590,81.0,10368
591,81.0,10368
592,81.0,10368
593,81.0,10368
594,81.0,10368
595,81.0,10368
596,81.0,10368
597,81.0,10368
598,81.0,10368
599,81.0,10368
600,81.0,10368
601,81.0,10368
602,81.0,10368
603,81.0,10368
604,137.0,17536
605,81.0,10368
606,81.0,10368
607,81.0,10368
608,81.0,10368
609,81.0,10368
610,81.0,10368
611,81.0,10368
612,81.0,10368
613,81.0,10368
614,81.0,10368
615,81.0,10368
616,81.0,10368
617,81.0,10368
618,81.0,10368
619,81.0,10368
620,81.0,10368
621,129.0,16512
622,81.0,10368
623,81.0,10368
624,81.0,10368
625,113.0,14464
626,81.0,10368
627,81.0,10368
628,81.0,10368
629,81.0,10368
630,137.0,17536
631,137.0,17536
632,137.0,17536
633,137.0,17536
634,137.0,17536
635,137.0,17536
636,137.0,17536
637,137.0,17536
638,137.0,17536
639,137.0,17536
640,137.0,17536
641,137.0,17536
642,137.0,17536
643,137.0,17536
644,137.0,17536
645,137.0,17536
646,137.0,17536
647,137.0,17536
648,137.0,17536
649,137.0,17536
650,137.0,17536
651,137.0,17536
652,137.0,17536
653,137.0,17536
654,137.0,17536
655,137.0,17536
656,137.0,17536
657,137.0,17536
658,137.0,17536
659,137.0,17536
660,137.0,17536
661,137.0,17536
662,137.0,17536
663,137.0,17536
664,137.0,17536
665,137.0,17536
666,137.0,17536
667,137.0,17536
668,137.0,17536
669,137.0,17536
670,137.0,17536
671,137.0,17536
672,137.0,17536
673,137.0,17536
674,137.0,17536
675,137.0,17536
676,137.0,17536
677,137.0,17536
678,137.0,17536
679,137.0,17536
680,137.0,17536
681,137.0,17536
682,137.0,17536
683,137.0,17536
684,137.0,17536
685,137.0,17536
686,137.0,17536
687,137.0,17536
688,137.0,17536
689,137.0,17536
690,137.0,17536
691,137.0,17536
692,137.0,17536
693,137.0,17536
694,137.0,17536
695,137.0,17536
696,137.0,17536
697,137.0,17536
698,137.0,17536
699,137.0,17536
700,137.0,17536
701,137.0,17536
702,137.0,17536
703,137.0,17536
704,137.0,17536
705,137.0,17536
706,137.0,17536
707,137.0,17536
708,137.0,17536
709,137.0,17536
710,137.0,17536
711,137.0,17536
712,137.0,17536
713,137.0,17536
714,137.0,17536
715,137.0,17536
716,137.0,17536
717,137.0,17536
718,137.0,17536
719,137.0,17536
720,137.0,17536
721,137.0,17536
722,137.0,17536
723,137.0,17536
724,137.0,17536
725,137.0,17536
726,137.0,17536
727,137.0,17536
728,137.0,17536
729,137.0,17536
730,137.0,17536
731,137.0,17536
732,137.0,17536
733,137.0,17536
734,137.0,17536
735,137.0,17536
736,137.0,17536
737,137.0,17536
738,137.0,17536
739,137.0,17536
740,137.0,17536
741,137.0,17536
742,137.0,17536
743,137.0,17536
744,137.0,17536
745,137.0,17536
746,137.0,17536
747,137.0,17536
748,137.0,17536
749,137.0,17536
750,137.0,17536
751,137.0,17536
752,137.0,17536
753,137.0,17536
754,137.0,17536
755,137.0,17536
756,137.0,17536
757,137.0,17536
758,137.0,17536
759,137.0,17536
760,137.0,17536
761,137.0,17536
762,137.0,17536
763,137.0,17536
764,137.0,17536
765,137.0,17536
766,137.0,17536
767,137.0,17536
768,137.0,17536
769,137.0,17536
770,137.0,17536
771,137.0,17536
772,137.0,17536
773,137.0,17536
774,137.0,17536
775,137.0,17536
776,137.0,17536
777,137.0,17536
778,137.0,17536
779,137.0,17536
780,137.0,17536
781,137.0,17536
782,137.0,17536
783,137.0,17536
784,137.0,17536
785,137.0,17536
786,137.0,17536
787,137.0,17536
788,137.0,17536
789,137.0,17536
790,137.0,17536
791,137.0,17536
792,137.0,17536
793,137.0,17536
794,137.0,17536
795,137.0,17536
796,137.0,17536
797,137.0,17536
798,137.0,17536
799,137.0,17536
800,137.0,17536
801,137.0,17536
802,137.0,17536
803,137.0,17536
804,137.0,17536
805,137.0,17536
806,137.0,17536
807,137.0,17536
808,137.0,17536
809,137.0,17536
810,137.0,17536
811,137.0,17536
812,137.0,17536
813,137.0,17536
814,137.0,17536
815,137.0,17536
816,137.0,17536
817,137.0,17536
818,137.0,17536
819,129.0,16512
820,129.0,16512
821,129.0,16512
822,137.0,17536
823,137.0,17536
824,137.0,17536
825,129.0,16512
826,129.0,16512
827,129.0,16512
828,129.0,16512
829,129.0,16512
830,129.0,16512
831,129.0,16512
832,129.0,16512
833,129.0,16512
834,129.0,16512
835,129.0,16512
836,129.0,16512
837,129.0,16512
838,129.0,16512
839,129.0,16512
840,129.0,16512
841,129.0,16512
842,129.0,16512
843,129.0,16512
844,137.0,17536
845,129.0,16512
846,129.0,16512
847,129.0,16512
848,129.0,16512
849,129.0,16512
850,129.0,16512
851,129.0,16512
852,129.0,16512
853,129.0,16512
854,129.0,16512
855,129.0,16512
856,129.0,16512
857,129.0,16512
858,129.0,16512
859,129.0,16512
860,129.0,16512
861,129.0,16512
862,129.0,16512
863,129.0,16512
864,129.0,16512
865,129.0,16512
866,129.0,16512
867,129.0,16512
868,129.0,16512
869,129.0,16512
870,129.0,16512
871,129.0,16512
872,129.0,16512
873,129.0,16512
874,129.0,16512
875,129.0,16512
876,129.0,16512
877,129.0,16512
878,129.0,16512
879,129.0,16512
880,129.0,16512
881,129.0,16512
882,129.0,16512
883,129.0,16512
884,129.0,16512
885,129.0,16512
886,129.0,16512
887,129.0,16512
888,129.0,16512
889,129.0,16512
890,129.0,16512
891,129.0,16512
892,129.0,16512
893,129.0,16512
894,129.0,16512
895,129.0,16512
896,129.0,16512
897,129.0,16512
898,129.0,16512
899,129.0,16512
900,129.0,16512
901,129.0,16512
902,129.0,16512
903,129.0,16512
904,129.0,16512
905,129.0,16512
906,129.0,16512
907,137.0,17536
908,137.0,17536
909,137.0,17536
910,137.0,17536
911,137.0,17536
912,137.0,17536
913,137.0,17536
914,137.0,17536
915,137.0,17536
916,137.0,17536
917,137.0,17536
918,137.0,17536
919,137.0,17536
920,137.0,17536
921,137.0,17536
922,137.0,17536
923,137.0,17536
924,137.0,17536
925,137.0,17536
926,137.0,17536
927,137.0,17536
928,137.0,17536
929,137.0,17536
930,137.0,17536
931,137.0,17536
932,137.0,17536
933,137.0,17536
934,137.0,17536
935,137.0,17536
936,137.0,17536
937,137.0,17536
938,137.0,17536
939,137.0,17536
940,137.0,17536
941,137.0,17536
942,137.0,17536
943,137.0,17536
944,137.0,17536
945,137.0,17536
946,137.0,17536
947,137.0,17536
948,137.0,17536
949,137.0,17536
950,137.0,17536
951,137.0,17536
952,137.0,17536
953,137.0,17536
954,137.0,17536
955,129.0,16512
956,137.0,17536
957,137.0,17536
958,137.0,17536
959,137.0,17536
960,137.0,17536
961,129.0,16512
962,129.0,16512
963,129.0,16512
964,129.0,16512
965,129.0,16512
966,129.0,16512
967,129.0,16512
968,129.0,16512
969,137.0,17536
970,129.0,16512
971,129.0,16512
972,129.0,16512
973,129.0,16512
974,129.0,16512
975,129.0,16512
976,129.0,16512
977,129.0,16512
978,129.0,16512
979,129.0,16512
980,129.0,16512
981,129.0,16512
982,129.0,16512
983,129.0,16512
984,129.0,16512
985,129.0,16512
986,129.0,16512
987,129.0,16512
988,129.0,16512
989,129.0,16512
990,129.0,16512
991,129.0,16512
992,129.0,16512
993,129.0,16512
994,129.0,16512
995,129.0,16512
996,129.0,16512
997,129.0,16512
998,129.0,16512
999,129.0,16512
1000,129.0,16512
1001,129.0,16512
1002,129.0,16512
1003,129.0,16512
1004,129.0,16512
1005,129.0,16512
1006,129.0,16512
1007,129.0,16512
1008,129.0,16512
1009,129.0,16512
1010,129.0,16512
1011,129.0,16512
1012,129.0,16512
1013,129.0,16512
1014,129.0,16512
1015,129.0,16512
1016,129.0,16512
1017,129.0,16512
1018,129.0,16512
1019,129.0,16512
1020,129.0,16512
1021,129.0,16512
1022,129.0,16512
1023,129.0,16512
1024,129.0,16512
1025,129.0,16512
1026,137.0,17536
1027,129.0,16512
1028,129.0,16512
1029,129.0,16512
1030,129.0,16512
1031,129.0,16512
1032,129.0,16512
1033,129.0,16512
1034,129.0,16512
1035,129.0,16512
1036,129.0,16512
1037,129.0,16512
1038,129.0,16512
1039,129.0,16512
1040,129.0,16512
1041,129.0,16512
1042,129.0,16512
1043,129.0,16512
1044,129.0,16512
1045,129.0,16512
1046,129.0,16512
1047,129.0,16512
1048,129.0,16512
1049,129.0,16512
1050,129.0,16512
1051,129.0,16512
1052,129.0,16512
1053,129.0,16512
1054,129.0,16512
1055,129.0,16512
1056,129.0,16512
1057,129.0,16512
1058,129.0,16512
1059,129.0,16512
1060,129.0,16512
1061,129.0,16512
1062,129.0,16512
1063,129.0,16512
1064,129.0,16512
1065,129.0,16512
1066,129.0,16512
1067,129.0,16512
1068,129.0,16512
1069,129.0,16512
1070,129.0,16512
1071,129.0,16512
1072,129.0,16512
1073,129.0,16512
1074,129.0,16512
1075,129.0,16512
1076,129.0,16512
1077,129.0,16512
1078,129.0,16512
1079,129.0,16512
1080,129.0,16512
1081,129.0,16512
1082,129.0,16512
1083,129.0,16512
1084,129.0,16512
1085,129.0,16512
1086,129.0,16512
1087,129.0,16512
1088,129.0,16512
1089,129.0,16512
1090,129.0,16512
1091,129.0,16512
1092,129.0,16512
1093,129.0,16512
1094,129.0,16512
1095,129.0,16512
1096,129.0,16512
1097,129.0,16512
1098,129.0,16512
1099,129.0,16512
1100,129.0,16512
1101,129.0,16512
1102,129.0,16512
1103,129.0,16512
1104,129.0,16512
1105,129.0,16512
1106,129.0,16512
1107,129.0,16512
1108,129.0,16512
1109,129.0,16512
1110,129.0,16512
1111,129.0,16512
1112,129.0,16512
1113,129.0,16512
1114,129.0,16512
1115,129.0,16512
1116,129.0,16512
1117,129.0,16512
1118,129.0,16512
1119,129.0,16512
1120,129.0,16512
1121,129.0,16512
1122,129.0,16512
1123,129.0,16512
1124,129.0,16512
1125,129.0,16512
1126,129.0,16512
1127,129.0,16512
1128,129.0,16512
1129,129.0,16512
1130,129.0,16512
1131,129.0,16512
1132,129.0,16512
1133,129.0,16512
1134,129.0,16512
1135,129.0,16512
1136,129.0,16512
1137,129.0,16512
1138,129.0,16512
1139,129.0,16512
1140,129.0,16512
1141,129.0,16512
1142,129.0,16512
1143,129.0,16512
1144,129.0,16512
1145,129.0,16512
1146,129.0,16512
1147,129.0,16512
1148,129.0,16512
1149,129.0,16512
1150,129.0,16512
1151,129.0,16512
1152,129.0,16512
1153,129.0,16512
1154,129.0,16512
1155,129.0,16512
1156,129.0,16512
1157,129.0,16512
1158,129.0,16512
1159,129.0,16512
1160,129.0,16512
1161,129.0,16512
1162,129.0,16512
1163,129.0,16512
1164,129.0,16512
1165,129.0,16512
1166,129.0,16512
1167,129.0,16512
1168,129.0,16512
1169,129.0,16512
1170,129.0,16512
1171,129.0,16512
1172,129.0,16512
1173,129.0,16512
1174,129.0,16512
1175,129.0,16512
1176,129.0,16512
1177,129.0,16512
1178,129.0,16512
1179,129.0,16512
1180,129.0,16512
1181,129.0,16512
1182,129.0,16512
1183,129.0,16512
1184,129.0,16512
1185,129.0,16512
1186,129.0,16512
1187,129.0,16512
1188,129.0,16512
1189,129.0,16512
1190,129.0,16512
1191,129.0,16512
1192,129.0,16512
1193,129.0,16512
1194,129.0,16512
1195,129.0,16512
1196,129.0,16512
1197,129.0,16512
1198,129.0,16512
1199,129.0,16512
1200,129.0,16512
1201,129.0,16512
1202,129.0,16512
1203,129.0,16512
1204,129.0,16512
1205,129.0,16512
1206,129.0,16512
1207,129.0,16512
1208,129.0,16512
1209,129.0,16512
1210,129.0,16512
1211,129.0,16512
1212,129.0,16512
1213,129.0,16512
1214,129.0,16512
1215,129.0,16512
1216,129.0,16512
1217,129.0,16512
1218,129.0,16512
1219,129.0,16512
1220,129.0,16512
1221,129.0,16512
1222,129.0,16512
1223,129.0,16512
1224,129.0,16512
1225,129.0,16512
1226,129.0,16512
1227,129.0,16512
1228,129.0,16512
1229,129.0,16512
1230,129.0,16512
1231,129.0,16512
1232,129.0,16512
1233,129.0,16512
1234,129.0,16512
1235,129.0,16512
1236,129.0,16512
1237,129.0,16512
1238,129.0,16512
1239,129.0,16512
1240,129.0,16512
1241,129.0,16512
1242,129.0,16512
1243,129.0,16512
1244,129.0,16512
1245,129.0,16512
1246,129.0,16512
1247,129.0,16512
1248,129.0,16512
1249,129.0,16512
1250,129.0,16512
1251,129.0,16512
1252,129.0,16512
1253,129.0,16512
1254,129.0,16512
1255,129.0,16512
1256,129.0,16512
1257,129.0,16512
1258,129.0,16512
1259,129.0,16512
1260,129.0,16512
1261,129.0,16512
1262,129.0,16512
1263,129.0,16512
1264,129.0,16512
1265,129.0,16512
1266,129.0,16512
1267,129.0,16512
1268,129.0,16512
1269,129.0,16512
1270,129.0,16512
1271,129.0,16512
1272,129.0,16512
1273,129.0,16512
1274,129.0,16512
1275,129.0,16512
1276,129.0,16512
1277,129.0,16512
1278,129.0,16512
1279,129.0,16512
1280,129.0,16512
1281,129.0,16512
1282,129.0,16512
1283,129.0,16512
1284,129.0,16512
1285,129.0,16512
1286,129.0,16512
1287,129.0,16512
1288,129.0,16512
1289,129.0,16512
1290,129.0,16512
1291,129.0,16512
1292,129.0,16512
1293,129.0,16512
1294,129.0,16512
1295,129.0,16512
1296,129.0,16512
1297,129.0,16512
1298,129.0,16512
1299,129.0,16512
1300,129.0,16512
1301,129.0,16512
1302,129.0,16512
1303,129.0,16512
1304,129.0,16512
1305,129.0,16512
1306,129.0,16512
1307,129.0,16512
1308,129.0,16512
1309,129.0,16512
1310,129.0,16512
1311,129.0,16512
1312,129.0,16512
1313,129.0,16512
1314,129.0,16512
1315,129.0,16512
1316,129.0,16512
1317,129.0,16512
1318,129.0,16512
1319,129.0,16512
1320,129.0,16512
1321,129.0,16512
1322,129.0,16512
1323,129.0,16512
1324,129.0,16512
1325,129.0,16512
1326,129.0,16512
1327,137.0,17536
1328,137.0,17536
1329,137.0,17536
1330,137.0,17536
1331,137.0,17536
1332,137.0,17536
1333,137.0,17536
1334,137.0,17536
1335,137.0,17536
1336,129.0,16512
1337,137.0,17536
1338,129.0,16512
1339,129.0,16512
1340,129.0,16512
1341,129.0,16512
1342,129.0,16512
1343,129.0,16512
1344,129.0,16512
1345,129.0,16512
1346,129.0,16512
1347,129.0,16512
1348,129.0,16512
1349,129.0,16512
1350,129.0,16512
1351,129.0,16512
1352,129.0,16512
1353,129.0,16512
1354,129.0,16512
1355,129.0,16512
1356,129.0,16512
1357,129.0,16512
1358,129.0,16512
1359,129.0,16512
1360,129.0,16512
1361,129.0,16512
1362,129.0,16512
1363,137.0,17536
1364,137.0,17536
1365,129.0,16512
1366,129.0,16512
1367,129.0,16512
1368,129.0,16512
1369,129.0,16512
1370,129.0,16512
1371,129.0,16512
1372,137.0,17536
1373,129.0,16512
1374,129.0,16512
1375,129.0,16512
1376,129.0,16512
1377,129.0,16512
1378,129.0,16512
1379,129.0,16512
1380,129.0,16512
1381,129.0,16512
1382,129.0,16512
1383,129.0,16512
1384,129.0,16512
1385,129.0,16512
1386,129.0,16512
1387,129.0,16512
1388,129.0,16512
1389,129.0,16512
1390,129.0,16512
1391,129.0,16512
1392,129.0,16512
1393,129.0,16512
1394,129.0,16512
1395,129.0,16512
1396,129.0,16512
1397,129.0,16512
1398,129.0,16512
1399,129.0,16512
1400,129.0,16512
1401,129.0,16512
1402,129.0,16512
1403,129.0,16512
1404,129.0,16512
1405,129.0,16512
1406,129.0,16512
1407,129.0,16512
1408,129.0,16512
1409,129.0,16512
1410,129.0,16512
1411,129.0,16512
1412,129.0,16512
1413,129.0,16512
1414,129.0,16512
1415,129.0,16512
1416,129.0,16512
1417,129.0,16512
1418,129.0,16512
1419,129.0,16512
1420,129.0,16512
1421,129.0,16512
1422,129.0,16512
1423,129.0,16512
1424,129.0,16512
1425,129.0,16512
1426,129.0,16512
1427,129.0,16512
1428,129.0,16512
1429,129.0,16512
1430,129.0,16512
1431,137.0,17536
1432,129.0,16512
1433,129.0,16512
1434,129.0,16512
1435,129.0,16512
1436,129.0,16512
1437,129.0,16512
1438,129.0,16512
1439,129.0,16512
1440,129.0,16512
1441,129.0,16512
1442,129.0,16512
1443,129.0,16512
1444,129.0,16512
1445,129.0,16512
1446,129.0,16512
1447,129.0,16512
1448,129.0,16512
1449,129.0,16512
1450,129.0,16512
1451,129.0,16512
1452,129.0,16512
1453,129.0,16512
1454,129.0,16512
1455,129.0,16512
1456,129.0,16512
1457,129.0,16512
1458,129.0,16512
1459,129.0,16512
1460,129.0,16512
1461,129.0,16512
1462,129.0,16512
1463,129.0,16512
1464,129.0,16512
1465,129.0,16512
1466,129.0,16512
1467,129.0,16512
1468,129.0,16512
1469,129.0,16512
1470,129.0,16512
1471,129.0,16512
1472,129.0,16512
1473,129.0,16512
1474,129.0,16512
1475,129.0,16512
1476,129.0,16512
1477,129.0,16512
1478,129.0,16512
1479,129.0,16512
1480,129.0,16512
1481,129.0,16512
1482,129.0,16512
1483,129.0,16512
1484,129.0,16512
1485,129.0,16512
1486,129.0,16512
1487,129.0,16512
1488,129.0,16512
1489,129.0,16512
1490,129.0,16512
1491,129.0,16512
1492,129.0,16512
1493,129.0,16512
1494,129.0,16512
1495,129.0,16512
1496,129.0,16512
1497,129.0,16512
1498,129.0,16512
1499,129.0,16512
1500,129.0,16512
1501,129.0,16512
1502,129.0,16512
1503,129.0,16512
1504,129.0,16512
1505,129.0,16512
1506,129.0,16512
1507,129.0,16512
1508,129.0,16512
1509,129.0,16512
1510,129.0,16512
1511,129.0,16512
1512,129.0,16512
1513,129.0,16512
1514,129.0,16512
1515,129.0,16512
1516,129.0,16512
1517,129.0,16512
1518,129.0,16512
1519,129.0,16512
1520,129.0,16512
1521,129.0,16512
1522,129.0,16512
1523,129.0,16512
1524,129.0,16512
1525,129.0,16512
1526,129.0,16512
1527,129.0,16512
1528,129.0,16512
1529,129.0,16512
1530,129.0,16512
1531,129.0,16512
1532,129.0,16512
1533,129.0,16512
1534,129.0,16512
1535,129.0,16512
1536,129.0,16512
1537,129.0,16512
1538,129.0,16512
1539,129.0,16512
1540,129.0,16512
1541,129.0,16512
1542,129.0,16512
1543,129.0,16512
1544,129.0,16512
1545,129.0,16512
1546,129.0,16512
1547,129.0,16512
1548,129.0,16512
1549,129.0,16512
1550,129.0,16512
1551,129.0,16512
1552,129.0,16512
1553,129.0,16512
1554,129.0,16512
1555,129.0,16512
1556,129.0,16512
1557,129.0,16512
1558,129.0,16512
1559,129.0,16512
1560,129.0,16512
1561,129.0,16512
1562,129.0,16512
1563,129.0,16512
1564,129.0,16512
1565,129.0,16512
1566,129.0,16512
1567,129.0,16512
1568,129.0,16512
1569,129.0,16512
1570,129.0,16512
1571,129.0,16512
1572,129.0,16512
1573,129.0,16512
1574,129.0,16512
1575,129.0,16512
1576,129.0,16512
1577,129.0,16512
1578,129.0,16512
1579,129.0,16512
1580,129.0,16512
1581,129.0,16512
1582,129.0,16512
1583,137.0,17536
1584,129.0,16512
1585,129.0,16512
1586,129.0,16512
1587,129.0,16512
1588,129.0,16512
1589,129.0,16512
1590,129.0,16512
1591,129.0,16512
1592,129.0,16512
1593,129.0,16512
1594,129.0,16512
1595,129.0,16512
1596,129.0,16512
1597,129.0,16512
1598,129.0,16512
1599,129.0,16512
1600,129.0,16512
1601,129.0,16512
1602,129.0,16512
1603,129.0,16512
1604,129.0,16512
1605,129.0,16512
1606,129.0,16512
1607,129.0,16512
1608,129.0,16512
1609,129.0,16512
1610,129.0,16512
1611,129.0,16512
1612,129.0,16512
1613,129.0,16512
1614,129.0,16512
1615,129.0,16512
1616,129.0,16512
1617,129.0,16512
1618,129.0,16512
1619,129.0,16512
1620,129.0,16512
1621,129.0,16512
1622,137.0,17536
1623,137.0,17536
1624,137.0,17536
1625,137.0,17536
1626,137.0,17536
1627,137.0,17536
1628,137.0,17536
1629,137.0,17536
1630,137.0,17536
1631,137.0,17536
1632,137.0,17536
1633,129.0,16512
1634,129.0,16512
1635,137.0,17536
1636,129.0,16512
1637,129.0,16512
1638,129.0,16512
1639,137.0,17536
1640,129.0,16512
1641,129.0,16512
1642,129.0,16512
1643,129.0,16512
1644,129.0,16512
1645,137.0,17536
1646,129.0,16512
1647,129.0,16512
1648,137.0,17536
1649,129.0,16512
1650,137.0,17536
1651,137.0,17536
1652,137.0,17536
1653,137.0,17536
1654,137.0,17536
1655,129.0,16512
1656,129.0,16512
1657,137.0,17536
1658,137.0,17536
1659,137.0,17536
1660,137.0,17536
1661,137.0,17536
1662,137.0,17536
1663,137.0,17536
1664,137.0,17536
1665,137.0,17536
1666,137.0,17536
1667,137.0,17536
1668,137.0,17536
1669,129.0,16512
1670,129.0,16512
1671,129.0,16512
1672,129.0,16512
1673,129.0,16512
1674,129.0,16512
1675,129.0,16512
1676,129.0,16512
1677,129.0,16512
1678,129.0,16512
1679,129.0,16512
1680,129.0,16512
1681,129.0,16512
1682,129.0,16512
1683,129.0,16512
1684,129.0,16512
1685,129.0,16512
1686,137.0,17536
1687,137.0,17536
1688,129.0,16512
1689,129.0,16512
1690,129.0,16512
1691,129.0,16512
1692,129.0,16512
1693,129.0,16512
1694,129.0,16512
1695,129.0,16512
1696,129.0,16512
1697,129.0,16512
1698,129.0,16512
1699,129.0,16512
1700,129.0,16512
1701,129.0,16512
1702,129.0,16512
1703,129.0,16512
1704,129.0,16512
1705,129.0,16512
1706,129.0,16512
1707,129.0,16512
1708,129.0,16512
1709,129.0,16512
1710,137.0,17536
1711,129.0,16512
1712,129.0,16512
1713,129.0,16512
1714,129.0,16512
1715,129.0,16512
1716,129.0,16512
1717,129.0,16512
1718,129.0,16512
1719,129.0,16512
1720,129.0,16512
1721,129.0,16512
1722,129.0,16512
1723,129.0,16512
1724,129.0,16512
1725,129.0,16512
1726,129.0,16512
1727,129.0,16512
1728,129.0,16512
1729,129.0,16512
1730,129.0,16512
1731,129.0,16512
1732,129.0,16512
1733,129.0,16512
1734,129.0,16512
1735,129.0,16512
1736,129.0,16512
1737,129.0,16512
1738,129.0,16512
1739,129.0,16512
1740,129.0,16512
1741,129.0,16512
1742,129.0,16512
1743,129.0,16512
1744,129.0,16512
1745,129.0,16512
1746,129.0,16512
1747,129.0,16512
1748,129.0,16512
1749,129.0,16512
1750,129.0,16512
1751,129.0,16512
1752,129.0,16512
1753,129.0,16512
1754,129.0,16512
1755,129.0,16512
1756,129.0,16512
1757,129.0,16512
1758,129.0,16512
1759,129.0,16512
1760,129.0,16512
1761,129.0,16512
1762,129.0,16512
1763,129.0,16512
1764,129.0,16512
1765,129.0,16512
1766,129.0,16512
1767,129.0,16512
1768,129.0,16512
1769,129.0,16512
1770,129.0,16512
1771,129.0,16512
1772,129.0,16512
1773,129.0,16512
1774,129.0,16512
1775,129.0,16512
1776,129.0,16512
1777,129.0,16512
1778,129.0,16512
1779,129.0,16512
1780,129.0,16512
1781,129.0,16512
1782,129.0,16512
1783,129.0,16512
1784,129.0,16512
1785,129.0,16512
1786,129.0,16512
1787,129.0,16512
1788,129.0,16512
1789,129.0,16512
1790,129.0,16512
1791,129.0,16512
1792,129.0,16512
1793,129.0,16512
1794,129.0,16512
1795,129.0,16512
1796,129.0,16512
1797,129.0,16512
1798,129.0,16512
1799,129.0,16512
1800,129.0,16512
1801,129.0,16512
1802,129.0,16512
1803,129.0,16512
1804,129.0,16512
1805,129.0,16512
1806,129.0,16512
1807,129.0,16512
1808,129.0,16512
1809,129.0,16512
1810,129.0,16512
1811,129.0,16512
1812,137.0,17536
1813,129.0,16512
1814,129.0,16512
1815,129.0,16512
1816,129.0,16512
1817,129.0,16512
1818,129.0,16512
1819,129.0,16512
1820,129.0,16512
1821,129.0,16512
1822,129.0,16512
1823,129.0,16512
1824,129.0,16512
1825,129.0,16512
1826,129.0,16512
1827,129.0,16512
1828,129.0,16512
1829,129.0,16512
1830,129.0,16512
1831,129.0,16512
1832,129.0,16512
1833,129.0,16512
1834,129.0,16512
1835,129.0,16512
1836,129.0,16512
1837,129.0,16512
1838,129.0,16512
1839,129.0,16512
1840,129.0,16512
1841,129.0,16512
1842,129.0,16512
1843,129.0,16512
1844,129.0,16512
1845,129.0,16512
1846,129.0,16512
1847,129.0,16512
1848,129.0,16512
1849,129.0,16512
1850,129.0,16512
1851,129.0,16512
1852,129.0,16512
1853,129.0,16512
1854,129.0,16512
1855,129.0,16512
1856,129.0,16512
1857,129.0,16512
1858,137.0,17536
1859,129.0,16512
1860,129.0,16512
1861,129.0,16512
1862,129.0,16512
1863,129.0,16512
1864,129.0,16512
1865,129.0,16512
1866,129.0,16512
1867,129.0,16512
1868,129.0,16512
1869,129.0,16512
1870,129.0,16512
1871,129.0,16512
1872,129.0,16512
1873,129.0,16512
1874,129.0,16512
1875,129.0,16512
1876,129.0,16512
1877,129.0,16512
1878,129.0,16512
1879,129.0,16512
1880,129.0,16512
1881,129.0,16512
1882,129.0,16512
1883,129.0,16512
1884,129.0,16512
1885,129.0,16512
1886,129.0,16512
1887,129.0,16512
1888,129.0,16512
1889,129.0,16512
1890,129.0,16512
1891,129.0,16512
1892,129.0,16512
1893,137.0,17536
1894,129.0,16512
1895,129.0,16512
1896,129.0,16512
1897,129.0,16512
1898,129.0,16512
1899,129.0,16512
1900,129.0,16512
1901,129.0,16512
1902,137.0,17536
1903,137.0,17536
1904,137.0,17536
1905,137.0,17536
1906,129.0,16512
1907,129.0,16512
1908,129.0,16512
1909,129.0,16512
1910,129.0,16512
1911,129.0,16512
1912,129.0,16512
1913,129.0,16512
1914,129.0,16512
1915,129.0,16512
1916,129.0,16512
1917,129.0,16512
1918,129.0,16512
1919,129.0,16512
1920,129.0,16512
1921,129.0,16512
1922,129.0,16512
1923,129.0,16512
1924,129.0,16512
1925,129.0,16512
1926,129.0,16512
1927,129.0,16512
1928,129.0,16512
1929,129.0,16512
1930,129.0,16512
1931,129.0,16512
1932,129.0,16512
1933,129.0,16512
1934,129.0,16512
1935,129.0,16512
1936,129.0,16512
1937,129.0,16512
1938,129.0,16512
1939,129.0,16512
1940,129.0,16512
1941,129.0,16512
1942,129.0,16512
1943,129.0,16512
1944,129.0,16512
1945,129.0,16512
1946,129.0,16512
1947,129.0,16512
1948,129.0,16512
1949,129.0,16512
1950,129.0,16512
1951,129.0,16512
1952,129.0,16512
1953,129.0,16512
1954,129.0,16512
1955,129.0,16512
1956,129.0,16512
1957,129.0,16512
1958,129.0,16512
1959,129.0,16512
1960,129.0,16512
1961,129.0,16512
1962,129.0,16512
1963,129.0,16512
1964,129.0,16512
1965,129.0,16512
1966,129.0,16512
1967,129.0,16512
1968,129.0,16512
1969,129.0,16512
1970,129.0,16512
1971,129.0,16512
1972,129.0,16512
1973,129.0,16512
1974,129.0,16512
1975,129.0,16512
1976,129.0,16512
1977,129.0,16512
1978,129.0,16512
1979,129.0,16512
1980,129.0,16512
1981,129.0,16512
1982,129.0,16512
1983,129.0,16512
1984,129.0,16512
1985,129.0,16512
1986,129.0,16512
1987,129.0,16512
1988,129.0,16512
1989,129.0,16512
1990,129.0,16512
1991,129.0,16512
1992,129.0,16512
1993,129.0,16512
1994,129.0,16512
1995,129.0,16512
1996,129.0,16512
1997,129.0,16512
1998,129.0,16512
1999,129.0,16512
2000,129.0,16512
