RandomSeed,45591,Population size:128,Bit Length:64,Crossover Rate:0.7,Mutation Rate:0.005
gen,BestFitness,FitnessEval
1,9.0,1152
2,9.0,1152
3,9.0,1152
4,9.0,1152
5,9.0,1152
6,9.0,1152
7,9.0,1152
8,9.0,1152
9,9.0,1152
10,9.0,1152
11,9.0,1152
12,9.0,1152
13,9.0,1152
14,9.0,1152
15,9.0,1152
16,9.0,1152
17,9.0,1152
18,9.0,1152
19,9.0,1152
20,9.0,1152
21,9.0,1152
22,9.0,1152
23,9.0,1152
24,9.0,1152
25,9.0,1152
26,9.0,1152
27,9.0,1152
28,9.0,1152
29,9.0,1152
30,9.0,1152
31,9.0,1152
32,9.0,1152
33,9.0,1152
34,9.0,1152
35,9.0,1152
36,9.0,1152
37,9.0,1152
38,9.0,1152
39,9.0,1152
40,9.0,1152
41,9.0,1152
42,9.0,1152
43,9.0,1152
44,9.0,1152
45,9.0,1152
46,9.0,1152
47,9.0,1152
48,9.0,1152
49,9.0,1152
50,9.0,1152
51,9.0,1152
52,9.0,1152
53,9.0,1152
54,9.0,1152
55,9.0,1152
56,17.0,2176
57,17.0,2176
58,17.0,2176
59,17.0,2176
60,17.0,2176
61,17.0,2176
62,17.0,2176
63,17.0,2176
64,9.0,1152
65,9.0,1152
66,9.0,1152
67,9.0,1152
68,9.0,1152
69,9.0,1152
70,9.0,1152
71,9.0,1152
72,17.0,2176
73,9.0,1152
74,17.0,2176
75,9.0,1152
76,9.0,1152
77,9.0,1152
78,9.0,1152
79,9.0,1152
80,9.0,1152
81,9.0,1152
82,17.0,2176
83,9.0,1152
84,9.0,1152
85,17.0,2176
86,9.0,1152
87,9.0,1152
88,9.0,1152
89,9.0,1152
90,9.0,1152
91,9.0,1152
92,9.0,1152
93,9.0,1152
94,9.0,1152
95,9.0,1152
96,9.0,1152
97,9.0,1152
98,9.0,1152
99,9.0,1152
100,9.0,1152
101,17.0,2176
102,17.0,2176
103,17.0,2176
104,17.0,2176
105,17.0,2176
106,17.0,2176
107,17.0,2176
108,17.0,2176
109,17.0,2176
110,17.0,2176
111,17.0,2176
112,17.0,2176
113,17.0,2176
114,17.0,2176
115,17.0,2176
116,17.0,2176
117,17.0,2176
118,17.0,2176
119,17.0,2176
120,17.0,2176
121,17.0,2176
122,17.0,2176
123,17.0,2176
124,17.0,2176
125,41.0,5248
126,17.0,2176
127,17.0,2176
128,17.0,2176
129,17.0,2176
130,17.0,2176
131,17.0,2176
132,17.0,2176
133,17.0,2176
134,17.0,2176
135,17.0,2176
136,17.0,2176
137,17.0,2176
138,17.0,2176
139,17.0,2176
140,17.0,2176
141,17.0,2176
142,17.0,2176
143,17.0,2176
144,17.0,2176
145,17.0,2176
146,17.0,2176
147,17.0,2176
148,17.0,2176
149,17.0,2176
150,17.0,2176
151,17.0,2176
152,17.0,2176
153,17.0,2176
154,17.0,2176
155,17.0,2176
156,17.0,2176
157,17.0,2176
158,17.0,2176
159,17.0,2176
160,17.0,2176
161,17.0,2176
162,17.0,2176
163,17.0,2176
164,17.0,2176
165,17.0,2176
166,17.0,2176
167,17.0,2176
168,17.0,2176
169,17.0,2176
170,17.0,2176
171,17.0,2176
172,17.0,2176
173,17.0,2176
174,17.0,2176
175,17.0,2176
176,17.0,2176
177,17.0,2176
178,17.0,2176
179,17.0,2176
180,17.0,2176
181,17.0,2176
182,17.0,2176
183,17.0,2176
184,17.0,2176
185,17.0,2176
186,17.0,2176
187,17.0,2176
188,17.0,2176
189,17.0,2176
190,17.0,2176
191,17.0,2176
192,17.0,2176
193,17.0,2176
194,17.0,2176
195,17.0,2176
196,17.0,2176
197,17.0,2176
198,17.0,2176
199,17.0,2176
200,17.0,2176
201,17.0,2176
202,17.0,2176
203,17.0,2176
204,25.0,3200
205,25.0,3200
206,17.0,2176
207,17.0,2176
208,17.0,2176
209,17.0,2176
210,17.0,2176
211,17.0,2176
212,17.0,2176
213,17.0,2176
214,17.0,2176
215,17.0,2176
216,17.0,2176
217,17.0,2176
218,17.0,2176
219,17.0,2176
220,17.0,2176
221,17.0,2176
222,17.0,2176
223,17.0,2176
224,17.0,2176
225,17.0,2176
226,25.0,3200
227,25.0,3200
228,25.0,3200
229,25.0,3200
230,25.0,3200
231,25.0,3200
232,25.0,3200
233,25.0,3200
234,25.0,3200
235,25.0,3200
236,25.0,3200
237,25.0,3200
238,25.0,3200
239,25.0,3200
240,25.0,3200
241,25.0,3200
242,25.0,3200
243,25.0,3200
244,25.0,3200
245,41.0,5248
246,49.0,6272
247,49.0,6272
248,49.0,6272
249,49.0,6272
250,49.0,6272
251,49.0,6272
252,49.0,6272
253,49.0,6272
254,49.0,6272
255,49.0,6272
256,49.0,6272
257,49.0,6272
258,49.0,6272
259,49.0,6272
260,49.0,6272
261,49.0,6272
262,49.0,6272
263,49.0,6272
264,49.0,6272
265,49.0,6272
266,57.0,7296
267,49.0,6272
268,49.0,6272
269,49.0,6272
270,49.0,6272
271,49.0,6272
272,49.0,6272
273,49.0,6272
274,49.0,6272
275,49.0,6272
276,49.0,6272
277,49.0,6272
278,49.0,6272
279,49.0,6272
280,49.0,6272
281,49.0,6272
282,49.0,6272
283,49.0,6272
284,49.0,6272
285,49.0,6272
286,49.0,6272
287,49.0,6272
288,49.0,6272
289,49.0,6272
290,49.0,6272
291,49.0,6272
292,49.0,6272
293,49.0,6272
294,49.0,6272
295,49.0,6272
296,49.0,6272
297,57.0,7296
298,57.0,7296
299,57.0,7296
300,57.0,7296
301,57.0,7296
302,57.0,7296
303,57.0,7296
304,57.0,7296
305,57.0,7296
306,57.0,7296
307,57.0,7296
308,57.0,7296
309,57.0,7296
310,57.0,7296
311,57.0,7296
312,57.0,7296
313,49.0,6272
314,49.0,6272
315,49.0,6272
316,49.0,6272
317,49.0,6272
318,49.0,6272
319,49.0,6272
320,49.0,6272
321,49.0,6272
322,49.0,6272
323,57.0,7296
324,57.0,7296
325,57.0,7296
326,49.0,6272
327,49.0,6272
328,49.0,6272
329,49.0,6272
330,57.0,7296
331,57.0,7296
332,57.0,7296
333,57.0,7296
334,57.0,7296
335,57.0,7296
336,57.0,7296
337,49.0,6272
338,49.0,6272
339,49.0,6272
340,49.0,6272
341,49.0,6272
342,49.0,6272
343,57.0,7296
344,49.0,6272
345,49.0,6272
346,49.0,6272
347,49.0,6272
348,49.0,6272
349,49.0,6272
350,49.0,6272
351,49.0,6272
352,49.0,6272
353,49.0,6272
354,49.0,6272
355,49.0,6272
356,49.0,6272
357,49.0,6272
358,49.0,6272
359,105.0,13440
360,105.0,13440
361,49.0,6272
362,57.0,7296
363,49.0,6272
364,49.0,6272
365,49.0,6272
366,49.0,6272
367,49.0,6272
368,49.0,6272
369,49.0,6272
370,49.0,6272
371,49.0,6272
372,49.0,6272
373,49.0,6272
374,49.0,6272
375,49.0,6272
376,49.0,6272
377,49.0,6272
378,49.0,6272
379,49.0,6272
380,49.0,6272
381,49.0,6272
382,49.0,6272
383,49.0,6272
384,49.0,6272
385,49.0,6272
386,49.0,6272
387,49.0,6272
388,49.0,6272
389,49.0,6272
390,49.0,6272
391,49.0,6272
392,49.0,6272
393,49.0,6272
394,49.0,6272
395,49.0,6272
396,49.0,6272
397,49.0,6272
398,49.0,6272
399,49.0,6272
400,49.0,6272
401,49.0,6272
402,49.0,6272
403,49.0,6272
404,49.0,6272
405,49.0,6272
406,49.0,6272
407,49.0,6272
408,49.0,6272
409,49.0,6272
410,49.0,6272
411,49.0,6272
412,49.0,6272
413,49.0,6272
414,49.0,6272
415,49.0,6272
416,49.0,6272
417,49.0,6272
418,49.0,6272
419,49.0,6272
420,49.0,6272
421,49.0,6272
422,49.0,6272
423,49.0,6272
424,49.0,6272
425,49.0,6272
426,49.0,6272
427,49.0,6272
428,49.0,6272
429,49.0,6272
430,49.0,6272
431,49.0,6272
432,49.0,6272
433,49.0,6272
434,49.0,6272
435,49.0,6272
436,49.0,6272
437,49.0,6272
438,49.0,6272
439,49.0,6272
440,49.0,6272
441,49.0,6272
442,49.0,6272
443,49.0,6272
444,49.0,6272
445,49.0,6272
446,49.0,6272
447,49.0,6272
448,49.0,6272
449,49.0,6272
450,49.0,6272
451,49.0,6272
452,49.0,6272
453,49.0,6272
454,49.0,6272
455,49.0,6272
456,49.0,6272
457,49.0,6272
458,49.0,6272
459,49.0,6272
460,49.0,6272
461,49.0,6272
462,49.0,6272
463,49.0,6272
464,49.0,6272
465,49.0,6272
466,49.0,6272
467,49.0,6272
468,49.0,6272
469,49.0,6272
470,49.0,6272
471,49.0,6272
472,49.0,6272
473,49.0,6272
474,49.0,6272
475,49.0,6272
476,49.0,6272
477,49.0,6272
478,49.0,6272
479,49.0,6272
480,49.0,6272
481,49.0,6272
482,49.0,6272
483,49.0,6272
484,49.0,6272
485,49.0,6272
486,49.0,6272
487,49.0,6272
488,49.0,6272
489,49.0,6272
490,49.0,6272
491,49.0,6272
492,49.0,6272
493,49.0,6272
494,49.0,6272
495,49.0,6272
496,49.0,6272
497,105.0,13440
498,105.0,13440
499,105.0,13440
500,105.0,13440
501,105.0,13440
502,105.0,13440
503,105.0,13440
504,105.0,13440
505,105.0,13440
506,105.0,13440
507,105.0,13440
508,105.0,13440
509,105.0,13440
510,105.0,13440
511,105.0,13440
512,105.0,13440
513,105.0,13440
514,105.0,13440
515,105.0,13440
516,105.0,13440
517,105.0,13440
518,105.0,13440
519,105.0,13440
520,105.0,13440
521,105.0,13440
522,105.0,13440
523,105.0,13440
524,105.0,13440
525,105.0,13440
526,105.0,13440
527,105.0,13440
528,105.0,13440
529,105.0,13440
530,105.0,13440
531,105.0,13440
532,105.0,13440
533,105.0,13440
534,105.0,13440
535,105.0,13440
536,105.0,13440
537,113.0,14464
538,105.0,13440
539,105.0,13440
540,105.0,13440
541,105.0,13440
542,105.0,13440
543,105.0,13440
544,105.0,13440
545,105.0,13440
546,105.0,13440
547,105.0,13440
548,105.0,13440
549,105.0,13440
550,105.0,13440
551,105.0,13440
552,105.0,13440
553,105.0,13440
554,105.0,13440
555,97.0,12416
556,97.0,12416
557,97.0,12416
558,97.0,12416
559,97.0,12416
560,97.0,12416
561,97.0,12416
562,97.0,12416
563,105.0,13440
564,105.0,13440
565,105.0,13440
566,105.0,13440
567,97.0,12416
568,97.0,12416
569,97.0,12416
570,97.0,12416
571,97.0,12416
572,105.0,13440
573,97.0,12416
574,97.0,12416
575,97.0,12416
576,97.0,12416
577,97.0,12416
578,97.0,12416
579,97.0,12416
580,97.0,12416
581,97.0,12416
582,97.0,12416
583,97.0,12416
584,105.0,13440
585,97.0,12416
586,97.0,12416
587,97.0,12416
588,97.0,12416
589,97.0,12416
590,97.0,12416
591,97.0,12416
592,97.0,12416
593,97.0,12416
594,97.0,12416
595,97.0,12416
596,97.0,12416
597,97.0,12416
598,97.0,12416
599,97.0,12416
600,97.0,12416
601,97.0,12416
602,97.0,12416
603,97.0,12416
604,97.0,12416
605,97.0,12416
606,97.0,12416
607,97.0,12416
608,97.0,12416
609,97.0,12416
610,97.0,12416
611,97.0,12416
612,97.0,12416
613,97.0,12416
614,97.0,12416
615,97.0,12416
616,97.0,12416
617,97.0,12416
618,97.0,12416
619,97.0,12416
620,97.0,12416
621,97.0,12416
622,97.0,12416
623,97.0,12416
624,97.0,12416
625,97.0,12416
626,97.0,12416
627,97.0,12416
628,97.0,12416
629,97.0,12416
630,97.0,12416
631,97.0,12416
632,97.0,12416
633,97.0,12416
634,97.0,12416
635,97.0,12416
636,97.0,12416
637,97.0,12416
638,97.0,12416
639,97.0,12416
640,97.0,12416
641,97.0,12416
642,97.0,12416
643,97.0,12416
644,97.0,12416
645,97.0,12416
646,97.0,12416
647,97.0,12416
648,97.0,12416
649,97.0,12416
650,97.0,12416
651,97.0,12416
652,97.0,12416
653,97.0,12416
654,97.0,12416
655,97.0,12416
656,97.0,12416
657,97.0,12416
658,105.0,13440
659,105.0,13440
660,105.0,13440
661,105.0,13440
662,105.0,13440
663,105.0,13440
664,97.0,12416
665,97.0,12416
666,97.0,12416
667,97.0,12416
668,97.0,12416
669,97.0,12416
670,97.0,12416
671,97.0,12416
672,97.0,12416
673,97.0,12416
674,105.0,13440
675,105.0,13440
676,105.0,13440
677,105.0,13440
678,105.0,13440
679,105.0,13440
680,105.0,13440
681,105.0,13440
682,105.0,13440
683,105.0,13440
684,105.0,13440
685,105.0,13440
686,105.0,13440
687,105.0,13440
688,105.0,13440
689,105.0,13440
690,105.0,13440
691,105.0,13440
692,97.0,12416
693,97.0,12416
694,97.0,12416
695,97.0,12416
696,97.0,12416
697,97.0,12416
698,97.0,12416
699,97.0,12416
700,97.0,12416
701,97.0,12416
702,97.0,12416
703,97.0,12416
704,97.0,12416
705,97.0,12416
706,97.0,12416
707,97.0,12416
708,97.0,12416
709,97.0,12416
710,97.0,12416
711,97.0,12416
712,97.0,12416
713,97.0,12416
714,105.0,13440
715,97.0,12416
716,97.0,12416
717,97.0,12416
718,97.0,12416
719,97.0,12416
720,97.0,12416
721,97.0,12416
722,97.0,12416
723,97.0,12416
724,97.0,12416
725,97.0,12416
726,97.0,12416
727,97.0,12416
728,105.0,13440
729,105.0,13440
730,105.0,13440
731,97.0,12416
732,97.0,12416
733,97.0,12416
734,97.0,12416
735,97.0,12416
736,97.0,12416
737,97.0,12416
738,97.0,12416
739,97.0,12416
740,97.0,12416
741,97.0,12416
742,97.0,12416
743,97.0,12416
744,97.0,12416
745,97.0,12416
746,97.0,12416
747,97.0,12416
748,97.0,12416
749,97.0,12416
750,97.0,12416
751,97.0,12416
752,97.0,12416
753,97.0,12416
754,97.0,12416
755,97.0,12416
756,97.0,12416
757,97.0,12416
758,97.0,12416
759,97.0,12416
760,97.0,12416
761,97.0,12416
762,97.0,12416
763,97.0,12416
764,97.0,12416
765,97.0,12416
766,97.0,12416
767,97.0,12416
768,97.0,12416
769,97.0,12416
770,97.0,12416
771,97.0,12416
772,97.0,12416
773,97.0,12416
774,97.0,12416
775,97.0,12416
776,97.0,12416
777,97.0,12416
778,97.0,12416
779,97.0,12416
780,97.0,12416
781,97.0,12416
782,97.0,12416
783,97.0,12416
784,97.0,12416
785,97.0,12416
786,97.0,12416
787,97.0,12416
788,97.0,12416
789,97.0,12416
790,97.0,12416
791,97.0,12416
792,97.0,12416
793,97.0,12416
794,97.0,12416
795,97.0,12416
796,97.0,12416
797,97.0,12416
798,97.0,12416
799,97.0,12416
800,97.0,12416
801,97.0,12416
802,97.0,12416
803,97.0,12416
804,97.0,12416
805,97.0,12416
806,97.0,12416
807,97.0,12416
808,97.0,12416
809,97.0,12416
810,97.0,12416
811,97.0,12416
812,97.0,12416
813,97.0,12416
814,97.0,12416
815,97.0,12416
816,97.0,12416
817,97.0,12416
818,97.0,12416
819,97.0,12416
820,97.0,12416
821,97.0,12416
822,97.0,12416
823,97.0,12416
824,97.0,12416
825,97.0,12416
826,97.0,12416
827,97.0,12416
828,97.0,12416
829,97.0,12416
830,97.0,12416
831,97.0,12416
832,97.0,12416
833,97.0,12416
834,97.0,12416
835,97.0,12416
836,97.0,12416
837,97.0,12416
838,97.0,12416
839,97.0,12416
840,97.0,12416
841,105.0,13440
842,97.0,12416
843,97.0,12416
844,97.0,12416
845,97.0,12416
846,97.0,12416
847,97.0,12416
848,97.0,12416
849,97.0,12416
850,97.0,12416
851,97.0,12416
852,97.0,12416
853,97.0,12416
854,97.0,12416
855,97.0,12416
856,97.0,12416
857,97.0,12416
858,97.0,12416
859,105.0,13440
860,97.0,12416
861,97.0,12416
862,97.0,12416
863,97.0,12416
864,97.0,12416
865,97.0,12416
866,97.0,12416
867,97.0,12416
868,97.0,12416
869,97.0,12416
870,97.0,12416
871,105.0,13440
872,97.0,12416
873,97.0,12416
874,97.0,12416
875,97.0,12416
876,97.0,12416
877,97.0,12416
878,97.0,12416
879,97.0,12416
880,97.0,12416
881,97.0,12416
882,97.0,12416
883,97.0,12416
884,97.0,12416
885,97.0,12416
886,97.0,12416
887,97.0,12416
888,97.0,12416
889,97.0,12416
890,97.0,12416
891,97.0,12416
892,97.0,12416
893,97.0,12416
894,97.0,12416
895,97.0,12416
896,97.0,12416
897,97.0,12416
898,97.0,12416
899,97.0,12416
900,97.0,12416
901,97.0,12416
902,97.0,12416
903,97.0,12416
904,97.0,12416
905,97.0,12416
906,97.0,12416
907,97.0,12416
908,97.0,12416
909,97.0,12416
910,97.0,12416
911,97.0,12416
912,97.0,12416
913,97.0,12416
914,97.0,12416
915,97.0,12416
916,97.0,12416
917,97.0,12416
918,97.0,12416
919,97.0,12416
920,97.0,12416
921,97.0,12416
922,97.0,12416
923,97.0,12416
924,97.0,12416
925,97.0,12416
926,97.0,12416
927,97.0,12416
928,97.0,12416
929,97.0,12416
930,97.0,12416
931,97.0,12416
932,97.0,12416
933,97.0,12416
934,97.0,12416
935,97.0,12416
936,97.0,12416
937,97.0,12416
938,97.0,12416
939,97.0,12416
940,97.0,12416
941,97.0,12416
942,97.0,12416
943,97.0,12416
944,97.0,12416
945,97.0,12416
946,97.0,12416
947,97.0,12416
948,97.0,12416
949,97.0,12416
950,97.0,12416
951,97.0,12416
952,97.0,12416
953,97.0,12416
954,97.0,12416
955,97.0,12416
956,97.0,12416
957,97.0,12416
958,105.0,13440
959,105.0,13440
960,105.0,13440
961,105.0,13440
962,105.0,13440
963,105.0,13440
964,105.0,13440
965,105.0,13440
966,97.0,12416
967,97.0,12416
968,105.0,13440
969,105.0,13440
970,105.0,13440
971,97.0,12416
972,97.0,12416
973,97.0,12416
974,105.0,13440
975,105.0,13440
976,105.0,13440
977,105.0,13440
978,105.0,13440
979,105.0,13440
980,105.0,13440
981,105.0,13440
982,105.0,13440
983,105.0,13440
984,105.0,13440
985,105.0,13440
986,105.0,13440
987,105.0,13440
988,105.0,13440
989,105.0,13440
990,105.0,13440
991,105.0,13440
992,105.0,13440
993,105.0,13440
994,105.0,13440
995,105.0,13440
996,105.0,13440
997,105.0,13440
998,105.0,13440
999,105.0,13440
1000,105.0,13440
1001,105.0,13440
1002,105.0,13440
1003,105.0,13440
1004,105.0,13440
1005,105.0,13440
1006,105.0,13440
1007,105.0,13440
1008,105.0,13440
1009,105.0,13440
1010,105.0,13440
1011,105.0,13440
1012,105.0,13440
1013,105.0,13440
1014,105.0,13440
1015,105.0,13440
1016,105.0,13440
1017,105.0,13440
1018,105.0,13440
1019,105.0,13440
1020,105.0,13440
1021,105.0,13440
1022,105.0,13440
1023,105.0,13440
1024,105.0,13440
1025,105.0,13440
1026,105.0,13440
1027,105.0,13440
1028,105.0,13440
1029,105.0,13440
1030,105.0,13440
1031,105.0,13440
1032,105.0,13440
1033,105.0,13440
1034,105.0,13440
1035,105.0,13440
1036,105.0,13440
1037,105.0,13440
1038,105.0,13440
1039,105.0,13440
1040,105.0,13440
1041,105.0,13440
1042,105.0,13440
1043,105.0,13440
1044,105.0,13440
1045,105.0,13440
1046,105.0,13440
1047,105.0,13440
1048,105.0,13440
1049,105.0,13440
1050,105.0,13440
1051,105.0,13440
1052,105.0,13440
1053,105.0,13440
1054,105.0,13440
1055,105.0,13440
1056,105.0,13440
1057,113.0,14464
1058,113.0,14464
1059,113.0,14464
1060,105.0,13440
1061,105.0,13440
1062,105.0,13440
1063,113.0,14464
1064,105.0,13440
1065,105.0,13440
1066,105.0,13440
1067,113.0,14464
1068,113.0,14464
1069,105.0,13440
1070,105.0,13440
1071,105.0,13440
1072,105.0,13440
1073,105.0,13440
1074,105.0,13440
1075,105.0,13440
1076,105.0,13440
1077,105.0,13440
1078,105.0,13440
1079,105.0,13440
1080,105.0,13440
1081,105.0,13440
1082,105.0,13440
1083,105.0,13440
1084,105.0,13440
1085,105.0,13440
1086,105.0,13440
1087,105.0,13440
1088,105.0,13440
1089,105.0,13440
1090,105.0,13440
1091,105.0,13440
1092,105.0,13440
1093,105.0,13440
1094,105.0,13440
1095,105.0,13440
1096,105.0,13440
1097,105.0,13440
1098,105.0,13440
1099,105.0,13440
1100,105.0,13440
1101,105.0,13440
1102,113.0,14464
1103,105.0,13440
1104,105.0,13440
1105,105.0,13440
1106,105.0,13440
1107,105.0,13440
1108,105.0,13440
1109,105.0,13440
1110,105.0,13440
1111,105.0,13440
1112,105.0,13440
1113,105.0,13440
1114,105.0,13440
1115,105.0,13440
1116,105.0,13440
1117,105.0,13440
1118,105.0,13440
1119,105.0,13440
1120,105.0,13440
1121,105.0,13440
1122,105.0,13440
1123,105.0,13440
1124,105.0,13440
1125,105.0,13440
1126,105.0,13440
1127,105.0,13440
1128,105.0,13440
1129,105.0,13440
1130,105.0,13440
1131,105.0,13440
1132,105.0,13440
1133,105.0,13440
1134,105.0,13440
1135,105.0,13440
1136,105.0,13440
1137,105.0,13440
1138,105.0,13440
1139,105.0,13440
1140,105.0,13440
1141,105.0,13440
1142,105.0,13440
1143,105.0,13440
1144,105.0,13440
1145,105.0,13440
1146,105.0,13440
1147,105.0,13440
1148,105.0,13440
1149,105.0,13440
1150,105.0,13440
1151,105.0,13440
1152,105.0,13440
1153,105.0,13440
1154,105.0,13440
1155,105.0,13440
1156,105.0,13440
1157,105.0,13440
1158,105.0,13440
1159,105.0,13440
1160,113.0,14464
1161,113.0,14464
1162,113.0,14464
1163,113.0,14464
1164,113.0,14464
1165,105.0,13440
1166,105.0,13440
1167,105.0,13440
1168,113.0,14464
1169,105.0,13440
1170,105.0,13440
1171,105.0,13440
1172,105.0,13440
1173,105.0,13440
1174,105.0,13440
1175,105.0,13440
1176,105.0,13440
1177,105.0,13440
1178,105.0,13440
1179,105.0,13440
1180,105.0,13440
1181,105.0,13440
1182,113.0,14464
1183,113.0,14464
1184,105.0,13440
1185,105.0,13440
1186,105.0,13440
1187,105.0,13440
1188,129.0,16512
1189,105.0,13440
1190,105.0,13440
1191,105.0,13440
1192,105.0,13440
1193,105.0,13440
1194,105.0,13440
1195,105.0,13440
1196,105.0,13440
1197,105.0,13440
1198,105.0,13440
1199,105.0,13440
1200,113.0,14464
1201,113.0,14464
1202,113.0,14464
1203,113.0,14464
1204,105.0,13440
1205,105.0,13440
1206,105.0,13440
1207,105.0,13440
1208,113.0,14464
1209,105.0,13440
1210,105.0,13440
1211,113.0,14464
1212,113.0,14464
1213,105.0,13440
1214,105.0,13440
1215,105.0,13440
1216,105.0,13440
1217,105.0,13440
1218,105.0,13440
1219,105.0,13440
1220,105.0,13440
1221,105.0,13440
1222,105.0,13440
1223,105.0,13440
1224,105.0,13440
1225,105.0,13440
1226,105.0,13440
1227,105.0,13440
1228,105.0,13440
1229,105.0,13440
1230,105.0,13440
1231,105.0,13440
1232,105.0,13440
1233,105.0,13440
1234,105.0,13440
1235,105.0,13440
1236,105.0,13440
1237,105.0,13440
1238,105.0,13440
1239,105.0,13440
1240,105.0,13440
1241,97.0,12416
1242,97.0,12416
1243,97.0,12416
1244,105.0,13440
1245,105.0,13440
1246,97.0,12416
1247,97.0,12416
1248,97.0,12416
1249,97.0,12416
1250,97.0,12416
1251,97.0,12416
1252,105.0,13440
1253,97.0,12416
1254,105.0,13440
1255,105.0,13440
1256,97.0,12416
1257,97.0,12416
1258,97.0,12416
1259,97.0,12416
1260,105.0,13440
1261,105.0,13440
1262,105.0,13440
1263,105.0,13440
1264,105.0,13440
1265,105.0,13440
1266,105.0,13440
1267,105.0,13440
1268,105.0,13440
1269,105.0,13440
1270,105.0,13440
1271,105.0,13440
1272,105.0,13440
1273,105.0,13440
1274,105.0,13440
1275,105.0,13440
1276,105.0,13440
1277,97.0,12416
1278,97.0,12416
1279,97.0,12416
1280,97.0,12416
1281,105.0,13440
1282,105.0,13440
1283,105.0,13440
1284,105.0,13440
1285,105.0,13440
1286,105.0,13440
1287,97.0,12416
1288,97.0,12416
1289,97.0,12416
1290,97.0,12416
1291,97.0,12416
1292,105.0,13440
1293,97.0,12416
1294,97.0,12416
1295,97.0,12416
1296,105.0,13440
1297,105.0,13440
1298,105.0,13440
1299,105.0,13440
1300,105.0,13440
1301,105.0,13440
1302,105.0,13440
1303,105.0,13440
1304,105.0,13440
1305,105.0,13440
1306,105.0,13440
1307,105.0,13440
1308,105.0,13440
1309,105.0,13440
1310,105.0,13440
1311,105.0,13440
1312,105.0,13440
1313,105.0,13440
1314,105.0,13440
1315,105.0,13440
1316,105.0,13440
1317,105.0,13440
1318,105.0,13440
1319,105.0,13440
1320,105.0,13440
1321,105.0,13440
1322,105.0,13440
1323,105.0,13440
1324,105.0,13440
1325,105.0,13440
1326,105.0,13440
1327,105.0,13440
1328,105.0,13440
1329,97.0,12416
1330,97.0,12416
1331,97.0,12416
1332,97.0,12416
1333,97.0,12416
1334,97.0,12416
1335,97.0,12416
1336,97.0,12416
1337,97.0,12416
1338,97.0,12416
1339,97.0,12416
1340,97.0,12416
1341,97.0,12416
1342,97.0,12416
1343,97.0,12416
1344,97.0,12416
1345,97.0,12416
1346,97.0,12416
1347,97.0,12416
1348,97.0,12416
1349,97.0,12416
1350,97.0,12416
1351,97.0,12416
1352,97.0,12416
1353,97.0,12416
1354,97.0,12416
1355,97.0,12416
1356,97.0,12416
1357,97.0,12416
1358,97.0,12416
1359,97.0,12416
1360,97.0,12416
1361,97.0,12416
1362,105.0,13440
1363,97.0,12416
1364,97.0,12416
1365,97.0,12416
1366,97.0,12416
1367,97.0,12416
1368,97.0,12416
1369,97.0,12416
1370,97.0,12416
1371,97.0,12416
1372,97.0,12416
1373,97.0,12416
1374,97.0,12416
1375,97.0,12416
1376,97.0,12416
1377,97.0,12416
1378,97.0,12416
1379,97.0,12416
1380,97.0,12416
1381,97.0,12416
1382,97.0,12416
1383,97.0,12416
1384,97.0,12416
1385,97.0,12416
1386,97.0,12416
1387,97.0,12416
1388,97.0,12416
1389,97.0,12416
1390,97.0,12416
1391,97.0,12416
1392,97.0,12416
1393,97.0,12416
1394,97.0,12416
1395,97.0,12416
1396,97.0,12416
1397,97.0,12416
1398,97.0,12416
1399,97.0,12416
1400,97.0,12416
1401,97.0,12416
1402,97.0,12416
1403,97.0,12416
1404,97.0,12416
1405,97.0,12416
1406,97.0,12416
1407,97.0,12416
1408,97.0,12416
1409,97.0,12416
1410,97.0,12416
1411,97.0,12416
1412,97.0,12416
1413,97.0,12416
1414,97.0,12416
1415,97.0,12416
1416,97.0,12416
1417,97.0,12416
1418,97.0,12416
1419,97.0,12416
1420,97.0,12416
1421,97.0,12416
1422,97.0,12416
1423,97.0,12416
1424,97.0,12416
1425,97.0,12416
1426,97.0,12416
1427,97.0,12416
1428,97.0,12416
1429,97.0,12416
1430,97.0,12416
1431,97.0,12416
1432,97.0,12416
1433,97.0,12416
1434,97.0,12416
1435,97.0,12416
1436,97.0,12416
1437,97.0,12416
1438,97.0,12416
1439,97.0,12416
1440,97.0,12416
1441,97.0,12416
1442,97.0,12416
1443,97.0,12416
1444,97.0,12416
1445,97.0,12416
1446,97.0,12416
1447,97.0,12416
1448,97.0,12416
1449,97.0,12416
1450,97.0,12416
1451,97.0,12416
1452,97.0,12416
1453,97.0,12416
1454,97.0,12416
1455,97.0,12416
1456,97.0,12416
1457,97.0,12416
1458,97.0,12416
1459,97.0,12416
1460,97.0,12416
1461,97.0,12416
1462,97.0,12416
1463,97.0,12416
1464,97.0,12416
1465,97.0,12416
1466,97.0,12416
1467,97.0,12416
1468,97.0,12416
1469,97.0,12416
1470,97.0,12416
1471,97.0,12416
1472,97.0,12416
1473,97.0,12416
1474,97.0,12416
1475,97.0,12416
1476,97.0,12416
1477,97.0,12416
1478,97.0,12416
1479,97.0,12416
1480,97.0,12416
1481,97.0,12416
1482,97.0,12416
1483,97.0,12416
1484,97.0,12416
1485,97.0,12416
1486,97.0,12416
1487,97.0,12416
1488,97.0,12416
1489,97.0,12416
1490,97.0,12416
1491,97.0,12416
1492,97.0,12416
1493,97.0,12416
1494,97.0,12416
1495,97.0,12416
1496,97.0,12416
1497,97.0,12416
1498,97.0,12416
1499,97.0,12416
1500,97.0,12416
1501,97.0,12416
1502,97.0,12416
1503,97.0,12416
1504,97.0,12416
1505,97.0,12416
1506,97.0,12416
1507,97.0,12416
1508,97.0,12416
1509,97.0,12416
1510,97.0,12416
1511,97.0,12416
1512,97.0,12416
1513,97.0,12416
1514,97.0,12416
1515,97.0,12416
1516,97.0,12416
1517,97.0,12416
1518,97.0,12416
1519,97.0,12416
1520,97.0,12416
1521,97.0,12416
1522,97.0,12416
1523,97.0,12416
1524,97.0,12416
1525,97.0,12416
1526,97.0,12416
1527,97.0,12416
1528,97.0,12416
1529,97.0,12416
1530,97.0,12416
1531,97.0,12416
1532,97.0,12416
1533,105.0,13440
1534,97.0,12416
1535,97.0,12416
1536,97.0,12416
1537,105.0,13440
1538,97.0,12416
1539,97.0,12416
1540,97.0,12416
1541,97.0,12416
1542,97.0,12416
1543,97.0,12416
1544,97.0,12416
1545,97.0,12416
1546,97.0,12416
1547,97.0,12416
1548,105.0,13440
1549,105.0,13440
1550,105.0,13440
1551,105.0,13440
1552,105.0,13440
1553,97.0,12416
1554,97.0,12416
1555,97.0,12416
1556,97.0,12416
1557,97.0,12416
1558,97.0,12416
1559,97.0,12416
1560,97.0,12416
1561,97.0,12416
1562,97.0,12416
1563,97.0,12416
1564,97.0,12416
1565,97.0,12416
1566,105.0,13440
1567,97.0,12416
1568,97.0,12416
1569,97.0,12416
1570,97.0,12416
1571,97.0,12416
1572,97.0,12416
1573,97.0,12416
1574,97.0,12416
1575,97.0,12416
1576,97.0,12416
1577,97.0,12416
1578,97.0,12416
1579,97.0,12416
1580,97.0,12416
1581,97.0,12416
1582,97.0,12416
1583,105.0,13440
1584,105.0,13440
1585,105.0,13440
1586,105.0,13440
1587,105.0,13440
1588,105.0,13440
1589,105.0,13440
1590,105.0,13440
1591,105.0,13440
1592,105.0,13440
1593,105.0,13440
1594,105.0,13440
1595,105.0,13440
1596,105.0,13440
1597,105.0,13440
1598,105.0,13440
1599,105.0,13440
1600,105.0,13440
1601,105.0,13440
1602,105.0,13440
1603,105.0,13440
1604,105.0,13440
1605,105.0,13440
1606,105.0,13440
1607,105.0,13440
1608,105.0,13440
1609,105.0,13440
1610,105.0,13440
1611,105.0,13440
1612,105.0,13440
1613,105.0,13440
1614,105.0,13440
1615,105.0,13440
1616,105.0,13440
1617,105.0,13440
1618,105.0,13440
1619,105.0,13440
1620,105.0,13440
1621,105.0,13440
1622,105.0,13440
1623,105.0,13440
1624,97.0,12416
1625,97.0,12416
1626,97.0,12416
1627,97.0,12416
1628,105.0,13440
1629,97.0,12416
1630,105.0,13440
1631,105.0,13440
1632,105.0,13440
1633,105.0,13440
1634,105.0,13440
1635,105.0,13440
1636,105.0,13440
1637,105.0,13440
1638,105.0,13440
1639,105.0,13440
1640,105.0,13440
1641,105.0,13440
1642,105.0,13440
1643,105.0,13440
1644,105.0,13440
1645,105.0,13440
1646,105.0,13440
1647,105.0,13440
1648,105.0,13440
1649,105.0,13440
1650,105.0,13440
1651,105.0,13440
1652,105.0,13440
1653,105.0,13440
1654,105.0,13440
1655,105.0,13440
1656,105.0,13440
1657,105.0,13440
1658,105.0,13440
1659,105.0,13440
1660,105.0,13440
1661,105.0,13440
1662,105.0,13440
1663,105.0,13440
1664,105.0,13440
1665,105.0,13440
1666,105.0,13440
1667,105.0,13440
1668,105.0,13440
1669,105.0,13440
1670,105.0,13440
1671,105.0,13440
1672,105.0,13440
1673,105.0,13440
1674,105.0,13440
1675,105.0,13440
1676,105.0,13440
1677,105.0,13440
1678,105.0,13440
1679,105.0,13440
1680,105.0,13440
1681,105.0,13440
1682,105.0,13440
1683,105.0,13440
1684,105.0,13440
1685,105.0,13440
1686,105.0,13440
1687,105.0,13440
1688,105.0,13440
1689,105.0,13440
1690,105.0,13440
1691,105.0,13440
1692,105.0,13440
1693,105.0,13440
1694,105.0,13440
1695,105.0,13440
1696,105.0,13440
1697,105.0,13440
1698,105.0,13440
1699,105.0,13440
1700,105.0,13440
1701,105.0,13440
1702,105.0,13440
1703,105.0,13440
1704,105.0,13440
1705,105.0,13440
1706,105.0,13440
1707,105.0,13440
1708,105.0,13440
1709,105.0,13440
1710,105.0,13440
1711,105.0,13440
1712,105.0,13440
1713,105.0,13440
1714,105.0,13440
1715,105.0,13440
1716,105.0,13440
1717,105.0,13440
1718,105.0,13440
1719,105.0,13440
1720,105.0,13440
1721,105.0,13440
1722,105.0,13440
1723,105.0,13440
1724,105.0,13440
1725,105.0,13440
1726,105.0,13440
1727,105.0,13440
1728,105.0,13440
1729,105.0,13440
1730,105.0,13440
1731,105.0,13440
1732,105.0,13440
1733,105.0,13440
1734,105.0,13440
1735,105.0,13440
1736,105.0,13440
1737,105.0,13440
1738,105.0,13440
1739,105.0,13440
1740,105.0,13440
1741,105.0,13440
1742,105.0,13440
1743,105.0,13440
1744,105.0,13440
1745,105.0,13440
1746,105.0,13440
1747,105.0,13440
1748,105.0,13440
1749,105.0,13440
1750,105.0,13440
1751,105.0,13440
1752,105.0,13440
1753,105.0,13440
1754,105.0,13440
1755,105.0,13440
1756,105.0,13440
1757,105.0,13440
1758,105.0,13440
1759,97.0,12416
1760,105.0,13440
1761,105.0,13440
1762,105.0,13440
1763,105.0,13440
1764,105.0,13440
1765,105.0,13440
1766,105.0,13440
1767,105.0,13440
1768,97.0,12416
1769,105.0,13440
1770,105.0,13440
1771,105.0,13440
1772,105.0,13440
1773,105.0,13440
1774,105.0,13440
1775,105.0,13440
1776,105.0,13440
1777,105.0,13440
1778,105.0,13440
1779,105.0,13440
1780,105.0,13440
1781,105.0,13440
1782,105.0,13440
1783,105.0,13440
1784,105.0,13440
1785,105.0,13440
1786,105.0,13440
1787,105.0,13440
1788,105.0,13440
1789,105.0,13440
1790,105.0,13440
1791,105.0,13440
1792,105.0,13440
1793,105.0,13440
1794,105.0,13440
1795,105.0,13440
1796,105.0,13440
1797,105.0,13440
1798,105.0,13440
1799,105.0,13440
1800,105.0,13440
1801,105.0,13440
1802,105.0,13440
1803,105.0,13440
1804,105.0,13440
1805,105.0,13440
1806,105.0,13440
1807,105.0,13440
1808,105.0,13440
1809,105.0,13440
1810,105.0,13440
1811,105.0,13440
1812,105.0,13440
1813,105.0,13440
1814,105.0,13440
1815,105.0,13440
1816,105.0,13440
1817,105.0,13440
1818,105.0,13440
1819,105.0,13440
1820,105.0,13440
1821,105.0,13440
1822,105.0,13440
1823,105.0,13440
1824,105.0,13440
1825,105.0,13440
1826,105.0,13440
1827,105.0,13440
1828,105.0,13440
1829,105.0,13440
1830,105.0,13440
1831,105.0,13440
1832,105.0,13440
1833,105.0,13440
1834,105.0,13440
1835,105.0,13440
1836,105.0,13440
1837,105.0,13440
1838,105.0,13440
1839,105.0,13440
1840,105.0,13440
1841,105.0,13440
1842,105.0,13440
1843,105.0,13440
1844,105.0,13440
1845,105.0,13440
1846,105.0,13440
1847,105.0,13440
1848,105.0,13440
1849,105.0,13440
1850,105.0,13440
1851,105.0,13440
1852,105.0,13440
1853,105.0,13440
1854,105.0,13440
1855,105.0,13440
1856,105.0,13440
1857,105.0,13440
1858,105.0,13440
1859,105.0,13440
1860,105.0,13440
1861,105.0,13440
1862,105.0,13440
1863,105.0,13440
1864,105.0,13440
1865,105.0,13440
1866,105.0,13440
1867,105.0,13440
1868,105.0,13440
1869,97.0,12416
1870,97.0,12416
1871,97.0,12416
1872,97.0,12416
1873,97.0,12416
1874,97.0,12416
1875,97.0,12416
1876,105.0,13440
1877,105.0,13440
1878,105.0,13440
1879,105.0,13440
1880,105.0,13440
1881,105.0,13440
1882,105.0,13440
1883,105.0,13440
1884,105.0,13440
1885,105.0,13440
1886,105.0,13440
1887,105.0,13440
1888,105.0,13440
1889,105.0,13440
1890,105.0,13440
1891,105.0,13440
1892,105.0,13440
1893,105.0,13440
1894,105.0,13440
1895,105.0,13440
1896,105.0,13440
1897,105.0,13440
1898,105.0,13440
1899,105.0,13440
1900,105.0,13440
1901,105.0,13440
1902,105.0,13440
1903,105.0,13440
1904,105.0,13440
1905,105.0,13440
1906,105.0,13440
1907,105.0,13440
1908,97.0,12416
1909,97.0,12416
1910,105.0,13440
1911,105.0,13440
1912,105.0,13440
1913,105.0,13440
1914,105.0,13440
1915,105.0,13440
1916,105.0,13440
1917,105.0,13440
1918,105.0,13440
1919,105.0,13440
1920,105.0,13440
1921,105.0,13440
1922,105.0,13440
1923,105.0,13440
1924,105.0,13440
1925,105.0,13440
1926,105.0,13440
1927,105.0,13440
1928,105.0,13440
1929,105.0,13440
1930,105.0,13440
1931,105.0,13440
1932,105.0,13440
1933,105.0,13440
1934,105.0,13440
1935,105.0,13440
1936,105.0,13440
1937,105.0,13440
1938,105.0,13440
1939,105.0,13440
1940,105.0,13440
1941,105.0,13440
1942,105.0,13440
1943,105.0,13440
1944,105.0,13440
1945,105.0,13440
1946,105.0,13440
1947,105.0,13440
1948,105.0,13440
1949,105.0,13440
1950,105.0,13440
1951,105.0,13440
1952,105.0,13440
1953,105.0,13440
1954,105.0,13440
1955,105.0,13440
1956,105.0,13440
1957,105.0,13440
1958,105.0,13440
1959,105.0,13440
1960,105.0,13440
1961,105.0,13440
1962,105.0,13440
1963,105.0,13440
1964,105.0,13440
1965,105.0,13440
1966,105.0,13440
1967,105.0,13440
1968,105.0,13440
1969,105.0,13440
1970,105.0,13440
1971,105.0,13440
1972,113.0,14464
1973,105.0,13440
1974,105.0,13440
1975,105.0,13440
1976,105.0,13440
1977,105.0,13440
1978,105.0,13440
1979,105.0,13440
1980,105.0,13440
1981,105.0,13440
1982,105.0,13440
1983,105.0,13440
1984,105.0,13440
1985,105.0,13440
1986,105.0,13440
1987,105.0,13440
1988,105.0,13440
1989,105.0,13440
1990,105.0,13440
1991,105.0,13440
1992,105.0,13440
1993,105.0,13440
1994,105.0,13440
1995,105.0,13440
1996,105.0,13440
1997,105.0,13440
1998,105.0,13440
1999,105.0,13440
2000,105.0,13440
