RandomSeed,14169,Population size:128,Bit Length:64,Crossover Rate:0.7,Mutation Rate:0.005
gen,BestFitness,FitnessEval
1,41,5248
2,42,5376
3,45,5760
4,43,5504
5,43,5504
6,43,5504
7,43,5504
8,42,5376
9,42,5376
10,43,5504
11,44,5632
12,42,5376
13,43,5504
14,40,5120
15,40,5120
16,41,5248
17,42,5376
18,40,5120
19,41,5248
20,42,5376
21,43,5504
22,43,5504
23,42,5376
24,42,5376
25,42,5376
26,44,5632
27,44,5632
28,44,5632
29,44,5632
30,43,5504
31,43,5504
32,44,5632
33,44,5632
34,45,5760
35,45,5760
36,45,5760
37,46,5888
38,46,5888
39,46,5888
40,45,5760
41,44,5632
42,45,5760
43,47,6016
44,46,5888
45,47,6016
46,47,6016
47,47,6016
48,46,5888
49,47,6016
50,46,5888
51,47,6016
52,45,5760
53,45,5760
54,46,5888
55,48,6144
56,48,6144
57,47,6016
58,48,6144
59,47,6016
60,49,6272
61,50,6400
62,49,6272
63,49,6272
64,48,6144
65,48,6144
66,47,6016
67,47,6016
68,48,6144
69,48,6144
70,48,6144
71,46,5888
72,45,5760
73,45,5760
74,45,5760
75,45,5760
76,46,5888
77,47,6016
78,46,5888
79,46,5888
80,47,6016
81,47,6016
82,47,6016
83,46,5888
84,48,6144
85,46,5888
86,46,5888
87,45,5760
88,44,5632
89,44,5632
90,45,5760
91,45,5760
92,45,5760
93,44,5632
94,44,5632
95,43,5504
96,41,5248
97,42,5376
98,41,5248
99,41,5248
100,42,5376
101,41,5248
102,43,5504
103,43,5504
104,45,5760
105,44,5632
106,45,5760
107,46,5888
108,46,5888
109,45,5760
110,44,5632
111,43,5504
112,44,5632
113,45,5760
114,44,5632
115,44,5632
116,45,5760
117,46,5888
118,46,5888
119,45,5760
120,44,5632
121,44,5632
122,45,5760
123,46,5888
124,48,6144
125,47,6016
126,47,6016
127,48,6144
128,47,6016
129,46,5888
130,46,5888
131,47,6016
132,46,5888
133,46,5888
134,45,5760
135,44,5632
136,45,5760
137,45,5760
138,45,5760
139,45,5760
140,46,5888
141,46,5888
142,46,5888
143,46,5888
144,46,5888
145,46,5888
146,46,5888
147,46,5888
148,46,5888
149,47,6016
150,49,6272
151,48,6144
152,47,6016
153,47,6016
154,47,6016
155,47,6016
156,47,6016
157,47,6016
158,46,5888
159,48,6144
160,51,6528
161,48,6144
162,48,6144
163,49,6272
164,46,5888
165,48,6144
166,47,6016
167,47,6016
168,47,6016
169,48,6144
170,49,6272
171,49,6272
172,49,6272
173,48,6144
174,50,6400
175,50,6400
176,51,6528
177,50,6400
178,50,6400
179,50,6400
180,48,6144
181,48,6144
182,48,6144
183,50,6400
184,49,6272
185,46,5888
186,47,6016
187,46,5888
188,48,6144
189,48,6144
190,48,6144
191,48,6144
192,48,6144
193,48,6144
194,47,6016
195,48,6144
196,48,6144
197,50,6400
198,51,6528
199,48,6144
200,50,6400
201,48,6144
202,47,6016
203,49,6272
204,49,6272
205,48,6144
206,48,6144
207,47,6016
208,49,6272
209,50,6400
210,49,6272
211,50,6400
212,51,6528
213,49,6272
214,47,6016
215,49,6272
216,51,6528
217,51,6528
218,51,6528
219,48,6144
220,49,6272
221,48,6144
222,49,6272
223,50,6400
224,51,6528
225,51,6528
226,51,6528
227,50,6400
228,50,6400
229,50,6400
230,50,6400
231,50,6400
232,50,6400
233,52,6656
234,51,6528
235,50,6400
236,51,6528
237,50,6400
238,50,6400
239,51,6528
240,50,6400
241,51,6528
242,51,6528
243,50,6400
244,50,6400
245,48,6144
246,50,6400
247,50,6400
248,49,6272
249,49,6272
250,48,6144
251,48,6144
252,48,6144
253,50,6400
254,51,6528
255,51,6528
256,51,6528
257,51,6528
258,49,6272
259,48,6144
260,50,6400
261,49,6272
262,50,6400
263,51,6528
264,49,6272
265,50,6400
266,53,6784
267,53,6784
268,50,6400
269,50,6400
270,51,6528
271,49,6272
272,50,6400
273,49,6272
274,49,6272
275,48,6144
276,50,6400
277,50,6400
278,51,6528
279,50,6400
280,50,6400
281,50,6400
282,50,6400
283,52,6656
284,49,6272
285,50,6400
286,50,6400
287,50,6400
288,49,6272
289,50,6400
290,49,6272
291,49,6272
292,48,6144
293,47,6016
294,47,6016
295,47,6016
296,47,6016
297,47,6016
298,47,6016
299,48,6144
300,46,5888
301,46,5888
302,46,5888
303,46,5888
304,46,5888
305,46,5888
306,49,6272
307,50,6400
308,49,6272
309,47,6016
310,46,5888
311,45,5760
312,46,5888
313,46,5888
314,46,5888
315,47,6016
316,46,5888
317,47,6016
318,47,6016
319,47,6016
320,46,5888
321,45,5760
322,45,5760
323,46,5888
324,46,5888
325,45,5760
326,45,5760
327,46,5888
328,46,5888
329,46,5888
330,45,5760
331,44,5632
332,45,5760
333,45,5760
334,45,5760
335,47,6016
336,46,5888
337,47,6016
338,47,6016
339,47,6016
340,49,6272
341,48,6144
342,49,6272
343,48,6144
344,48,6144
345,48,6144
346,48,6144
347,48,6144
348,50,6400
349,49,6272
350,49,6272
351,49,6272
352,50,6400
353,50,6400
354,50,6400
355,50,6400
356,50,6400
357,50,6400
358,50,6400
359,50,6400
360,50,6400
361,49,6272
362,50,6400
363,50,6400
364,49,6272
365,50,6400
366,50,6400
367,50,6400
368,50,6400
369,49,6272
370,49,6272
371,49,6272
372,50,6400
373,50,6400
374,49,6272
375,50,6400
376,49,6272
377,49,6272
378,50,6400
379,50,6400
380,49,6272
381,49,6272
382,49,6272
383,48,6144
384,50,6400
385,49,6272
386,48,6144
387,49,6272
388,49,6272
389,49,6272
390,49,6272
391,49,6272
392,48,6144
393,48,6144
394,49,6272
395,50,6400
396,50,6400
397,50,6400
398,50,6400
399,50,6400
400,50,6400
401,53,6784
402,52,6656
403,53,6784
404,53,6784
405,53,6784
406,53,6784
407,53,6784
408,52,6656
409,51,6528
410,51,6528
411,51,6528
412,50,6400
413,49,6272
414,49,6272
415,48,6144
416,48,6144
417,49,6272
418,50,6400
419,50,6400
420,49,6272
421,50,6400
422,49,6272
423,50,6400
424,51,6528
425,51,6528
426,50,6400
427,51,6528
428,49,6272
429,50,6400
430,49,6272
431,49,6272
432,50,6400
433,49,6272
434,49,6272
435,50,6400
436,48,6144
437,48,6144
438,47,6016
439,47,6016
440,48,6144
441,48,6144
442,49,6272
443,49,6272
444,51,6528
445,50,6400
446,50,6400
447,49,6272
448,50,6400
449,50,6400
450,50,6400
451,50,6400
452,50,6400
453,49,6272
454,49,6272
455,50,6400
456,50,6400
457,50,6400
458,49,6272
459,49,6272
460,48,6144
461,49,6272
462,53,6784
463,53,6784
464,53,6784
465,54,6912
466,54,6912
467,48,6144
468,48,6144
469,48,6144
470,49,6272
471,50,6400
472,49,6272
473,50,6400
474,50,6400
475,49,6272
476,50,6400
477,50,6400
478,48,6144
479,49,6272
480,49,6272
481,49,6272
482,50,6400
483,50,6400
484,51,6528
485,51,6528
486,49,6272
487,52,6656
488,51,6528
489,52,6656
490,51,6528
491,52,6656
492,51,6528
493,51,6528
494,53,6784
495,51,6528
496,52,6656
497,51,6528
498,52,6656
499,52,6656
500,53,6784
501,53,6784
502,53,6784
503,53,6784
504,53,6784
505,53,6784
506,53,6784
507,53,6784
508,53,6784
509,54,6912
510,53,6784
511,53,6784
512,52,6656
513,52,6656
514,53,6784
515,54,6912
516,53,6784
517,52,6656
518,54,6912
519,53,6784
520,54,6912
521,53,6784
522,55,7040
523,56,7168
524,55,7040
525,55,7040
526,55,7040
527,56,7168
528,57,7296
529,56,7168
530,57,7296
531,57,7296
532,56,7168
533,56,7168
534,57,7296
535,56,7168
536,56,7168
537,57,7296
538,56,7168
539,57,7296
540,58,7424
541,58,7424
542,57,7296
543,56,7168
544,57,7296
545,57,7296
546,58,7424
547,57,7296
548,58,7424
549,58,7424
550,57,7296
551,57,7296
552,57,7296
553,58,7424
554,57,7296
555,57,7296
556,56,7168
557,57,7296
558,56,7168
559,56,7168
560,55,7040
561,57,7296
562,56,7168
563,58,7424
564,58,7424
565,57,7296
566,57,7296
567,57,7296
568,56,7168
569,56,7168
570,55,7040
571,55,7040
572,54,6912
573,54,6912
574,53,6784
575,54,6912
576,54,6912
577,54,6912
578,55,7040
579,54,6912
580,55,7040
581,55,7040
582,54,6912
583,55,7040
584,54,6912
585,55,7040
586,54,6912
587,54,6912
588,54,6912
589,55,7040
590,55,7040
591,54,6912
592,53,6784
593,53,6784
594,54,6912
595,53,6784
596,54,6912
597,51,6528
598,52,6656
599,52,6656
600,51,6528
601,51,6528
602,52,6656
603,52,6656
604,52,6656
605,52,6656
606,51,6528
607,51,6528
608,51,6528
609,52,6656
610,51,6528
611,52,6656
612,53,6784
613,52,6656
614,52,6656
615,54,6912
616,54,6912
617,53,6784
618,54,6912
619,55,7040
620,54,6912
621,55,7040
622,54,6912
623,55,7040
624,55,7040
625,55,7040
626,53,6784
627,53,6784
628,53,6784
629,53,6784
630,54,6912
631,53,6784
632,54,6912
633,53,6784
634,53,6784
635,54,6912
636,53,6784
637,52,6656
638,52,6656
639,53,6784
640,53,6784
641,53,6784
642,53,6784
643,54,6912
644,54,6912
645,53,6784
646,54,6912
647,54,6912
648,53,6784
649,54,6912
650,54,6912
651,55,7040
652,54,6912
653,53,6784
654,52,6656
655,54,6912
656,54,6912
657,54,6912
658,54,6912
659,54,6912
660,54,6912
661,54,6912
662,53,6784
663,52,6656
664,52,6656
665,51,6528
666,51,6528
667,50,6400
668,51,6528
669,51,6528
670,52,6656
671,51,6528
672,53,6784
673,52,6656
674,52,6656
675,52,6656
676,52,6656
677,52,6656
678,53,6784
679,53,6784
680,53,6784
681,54,6912
682,53,6784
683,54,6912
684,54,6912
685,54,6912
686,54,6912
687,54,6912
688,54,6912
689,55,7040
690,54,6912
691,55,7040
692,55,7040
693,55,7040
694,56,7168
695,55,7040
696,55,7040
697,56,7168
698,55,7040
699,55,7040
700,55,7040
701,55,7040
702,55,7040
703,57,7296
704,52,6656
705,53,6784
706,54,6912
707,52,6656
708,53,6784
709,51,6528
710,52,6656
711,52,6656
712,53,6784
713,52,6656
714,52,6656
715,53,6784
716,53,6784
717,52,6656
718,53,6784
719,53,6784
720,53,6784
721,54,6912
722,52,6656
723,53,6784
724,52,6656
725,53,6784
726,53,6784
727,54,6912
728,54,6912
729,53,6784
730,53,6784
731,54,6912
732,54,6912
733,53,6784
734,55,7040
735,54,6912
736,55,7040
737,54,6912
738,52,6656
739,55,7040
740,55,7040
741,54,6912
742,53,6784
743,52,6656
744,53,6784
745,53,6784
746,53,6784
747,53,6784
748,54,6912
749,53,6784
750,53,6784
751,54,6912
752,54,6912
753,54,6912
754,55,7040
755,53,6784
756,54,6912
757,53,6784
758,54,6912
759,55,7040
760,55,7040
761,54,6912
762,54,6912
763,54,6912
764,54,6912
765,54,6912
766,55,7040
767,55,7040
768,55,7040
769,54,6912
770,53,6784
771,54,6912
772,54,6912
773,55,7040
774,57,7296
775,55,7040
776,55,7040
777,54,6912
778,54,6912
779,53,6784
780,53,6784
781,51,6528
782,51,6528
783,53,6784
784,51,6528
785,54,6912
786,52,6656
787,53,6784
788,51,6528
789,53,6784
790,51,6528
791,52,6656
792,52,6656
793,52,6656
794,52,6656
795,54,6912
796,52,6656
797,50,6400
798,51,6528
799,51,6528
800,50,6400
801,50,6400
802,51,6528
803,51,6528
804,51,6528
805,51,6528
806,53,6784
807,51,6528
808,51,6528
809,51,6528
810,52,6656
811,52,6656
812,52,6656
813,53,6784
814,52,6656
815,50,6400
816,51,6528
817,50,6400
818,51,6528
819,51,6528
820,51,6528
821,51,6528
822,52,6656
823,53,6784
824,53,6784
825,52,6656
826,51,6528
827,52,6656
828,52,6656
829,52,6656
830,52,6656
831,52,6656
832,53,6784
833,54,6912
834,52,6656
835,51,6528
836,51,6528
837,51,6528
838,51,6528
839,52,6656
840,53,6784
841,53,6784
842,54,6912
843,51,6528
844,52,6656
845,51,6528
846,51,6528
847,49,6272
848,50,6400
849,50,6400
850,50,6400
851,50,6400
852,52,6656
853,53,6784
854,53,6784
855,53,6784
856,53,6784
857,53,6784
858,52,6656
859,51,6528
860,52,6656
861,54,6912
862,51,6528
863,54,6912
864,54,6912
865,51,6528
866,51,6528
867,50,6400
868,52,6656
869,51,6528
870,53,6784
871,53,6784
872,52,6656
873,50,6400
874,51,6528
875,52,6656
876,52,6656
877,51,6528
878,52,6656
879,51,6528
880,51,6528
881,52,6656
882,51,6528
883,51,6528
884,51,6528
885,52,6656
886,51,6528
887,52,6656
888,51,6528
889,52,6656
890,52,6656
891,52,6656
892,52,6656
893,52,6656
894,51,6528
895,52,6656
896,51,6528
897,52,6656
898,50,6400
899,50,6400
900,50,6400
901,52,6656
902,53,6784
903,53,6784
904,54,6912
905,53,6784
906,51,6528
907,51,6528
908,51,6528
909,51,6528
910,51,6528
911,51,6528
912,51,6528
913,50,6400
914,50,6400
915,51,6528
916,51,6528
917,52,6656
918,51,6528
919,51,6528
920,51,6528
921,50,6400
922,51,6528
923,50,6400
924,51,6528
925,51,6528
926,50,6400
927,51,6528
928,51,6528
929,51,6528
930,51,6528
931,51,6528
932,49,6272
933,51,6528
934,50,6400
935,51,6528
936,51,6528
937,50,6400
938,50,6400
939,50,6400
940,52,6656
941,53,6784
942,52,6656
943,53,6784
944,49,6272
945,50,6400
946,50,6400
947,49,6272
948,49,6272
949,48,6144
950,48,6144
951,49,6272
952,48,6144
953,47,6016
954,48,6144
955,48,6144
956,49,6272
957,49,6272
958,49,6272
959,49,6272
960,49,6272
961,49,6272
962,50,6400
963,50,6400
964,49,6272
965,46,5888
966,47,6016
967,47,6016
968,47,6016
969,46,5888
970,49,6272
971,50,6400
972,51,6528
973,51,6528
974,51,6528
975,48,6144
976,48,6144
977,49,6272
978,49,6272
979,49,6272
980,49,6272
981,49,6272
982,51,6528
983,49,6272
984,48,6144
985,48,6144
986,51,6528
987,50,6400
988,49,6272
989,49,6272
990,48,6144
991,48,6144
992,50,6400
993,51,6528
994,50,6400
995,50,6400
996,52,6656
997,50,6400
998,50,6400
999,51,6528
1000,55,7040
1001,53,6784
1002,53,6784
1003,54,6912
1004,52,6656
1005,51,6528
1006,52,6656
1007,52,6656
1008,49,6272
1009,50,6400
1010,50,6400
1011,50,6400
1012,50,6400
1013,51,6528
1014,51,6528
1015,49,6272
1016,50,6400
1017,51,6528
1018,52,6656
1019,51,6528
1020,51,6528
1021,51,6528
1022,51,6528
1023,53,6784
1024,53,6784
1025,50,6400
1026,50,6400
1027,50,6400
1028,51,6528
1029,51,6528
1030,49,6272
1031,49,6272
1032,50,6400
1033,50,6400
1034,50,6400
1035,50,6400
1036,51,6528
1037,49,6272
1038,49,6272
1039,50,6400
1040,49,6272
1041,49,6272
1042,50,6400
1043,50,6400
1044,48,6144
1045,48,6144
1046,48,6144
1047,49,6272
1048,49,6272
1049,49,6272
1050,49,6272
1051,49,6272
1052,49,6272
1053,51,6528
1054,51,6528
1055,51,6528
1056,51,6528
1057,51,6528
1058,51,6528
1059,51,6528
1060,51,6528
1061,51,6528
1062,52,6656
1063,52,6656
1064,51,6528
1065,50,6400
1066,51,6528
1067,51,6528
1068,50,6400
1069,50,6400
1070,50,6400
1071,49,6272
1072,50,6400
1073,51,6528
1074,52,6656
1075,49,6272
1076,51,6528
1077,51,6528
1078,51,6528
1079,51,6528
1080,51,6528
1081,50,6400
1082,51,6528
1083,50,6400
1084,51,6528
1085,49,6272
1086,49,6272
1087,49,6272
1088,49,6272
1089,51,6528
1090,49,6272
1091,49,6272
1092,51,6528
1093,49,6272
1094,49,6272
1095,50,6400
1096,50,6400
1097,49,6272
1098,48,6144
1099,48,6144
1100,48,6144
1101,47,6016
1102,48,6144
1103,46,5888
1104,46,5888
1105,47,6016
1106,48,6144
1107,48,6144
1108,48,6144
1109,48,6144
1110,47,6016
1111,48,6144
1112,50,6400
1113,52,6656
1114,53,6784
1115,51,6528
1116,51,6528
1117,52,6656
1118,51,6528
1119,50,6400
1120,50,6400
1121,50,6400
1122,50,6400
1123,50,6400
1124,50,6400
1125,50,6400
1126,51,6528
1127,51,6528
1128,52,6656
1129,53,6784
1130,53,6784
1131,53,6784
1132,54,6912
1133,53,6784
1134,54,6912
1135,53,6784
1136,54,6912
1137,54,6912
1138,56,7168
1139,56,7168
1140,53,6784
1141,53,6784
1142,53,6784
1143,52,6656
1144,53,6784
1145,52,6656
1146,53,6784
1147,52,6656
1148,54,6912
1149,52,6656
1150,52,6656
1151,52,6656
1152,51,6528
1153,52,6656
1154,52,6656
1155,54,6912
1156,52,6656
1157,53,6784
1158,52,6656
1159,52,6656
1160,53,6784
1161,53,6784
1162,53,6784
1163,54,6912
1164,54,6912
1165,54,6912
1166,54,6912
1167,53,6784
1168,53,6784
1169,53,6784
1170,54,6912
1171,54,6912
1172,54,6912
1173,54,6912
1174,54,6912
1175,54,6912
1176,53,6784
1177,54,6912
1178,53,6784
1179,50,6400
1180,50,6400
1181,51,6528
1182,51,6528
1183,50,6400
1184,51,6528
1185,51,6528
1186,52,6656
1187,50,6400
1188,50,6400
1189,49,6272
1190,51,6528
1191,49,6272
1192,50,6400
1193,50,6400
1194,49,6272
1195,49,6272
1196,49,6272
1197,49,6272
1198,49,6272
1199,48,6144
1200,48,6144
1201,49,6272
1202,49,6272
1203,48,6144
1204,50,6400
1205,51,6528
1206,51,6528
1207,49,6272
1208,50,6400
1209,51,6528
1210,51,6528
1211,50,6400
1212,51,6528
1213,49,6272
1214,49,6272
1215,49,6272
1216,51,6528
1217,51,6528
1218,50,6400
1219,49,6272
1220,50,6400
1221,50,6400
1222,51,6528
1223,51,6528
1224,52,6656
1225,52,6656
1226,52,6656
1227,50,6400
1228,50,6400
1229,51,6528
1230,53,6784
1231,50,6400
1232,50,6400
1233,50,6400
1234,50,6400
1235,50,6400
1236,50,6400
1237,51,6528
1238,51,6528
1239,50,6400
1240,50,6400
1241,50,6400
1242,51,6528
1243,51,6528
1244,50,6400
1245,51,6528
1246,51,6528
1247,51,6528
1248,52,6656
1249,52,6656
1250,52,6656
1251,51,6528
1252,51,6528
1253,52,6656
1254,51,6528
1255,51,6528
1256,52,6656
1257,51,6528
1258,52,6656
1259,50,6400
1260,49,6272
1261,48,6144
1262,49,6272
1263,48,6144
1264,47,6016
1265,48,6144
1266,49,6272
1267,50,6400
1268,48,6144
1269,49,6272
1270,47,6016
1271,48,6144
1272,49,6272
1273,49,6272
1274,49,6272
1275,50,6400
1276,49,6272
1277,48,6144
1278,49,6272
1279,49,6272
1280,49,6272
1281,49,6272
1282,50,6400
1283,48,6144
1284,48,6144
1285,47,6016
1286,48,6144
1287,49,6272
1288,49,6272
1289,46,5888
1290,46,5888
1291,47,6016
1292,48,6144
1293,48,6144
1294,48,6144
1295,47,6016
1296,49,6272
1297,48,6144
1298,47,6016
1299,46,5888
1300,46,5888
1301,47,6016
1302,48,6144
1303,47,6016
1304,47,6016
1305,47,6016
1306,48,6144
1307,46,5888
1308,46,5888
1309,46,5888
1310,47,6016
1311,47,6016
1312,48,6144
1313,48,6144
1314,48,6144
1315,47,6016
1316,48,6144
1317,47,6016
1318,48,6144
1319,47,6016
1320,48,6144
1321,50,6400
1322,52,6656
1323,52,6656
1324,52,6656
1325,51,6528
1326,53,6784
1327,52,6656
1328,50,6400
1329,49,6272
1330,46,5888
1331,48,6144
1332,48,6144
1333,47,6016
1334,48,6144
1335,47,6016
1336,48,6144
1337,47,6016
1338,47,6016
1339,47,6016
1340,47,6016
1341,47,6016
1342,47,6016
1343,48,6144
1344,47,6016
1345,48,6144
1346,48,6144
1347,48,6144
1348,50,6400
1349,49,6272
1350,50,6400
1351,50,6400
1352,50,6400
1353,49,6272
1354,51,6528
1355,51,6528
1356,51,6528
1357,51,6528
1358,51,6528
1359,50,6400
1360,49,6272
1361,49,6272
1362,50,6400
1363,48,6144
1364,48,6144
1365,48,6144
1366,48,6144
1367,50,6400
1368,48,6144
1369,48,6144
1370,48,6144
1371,48,6144
1372,48,6144
1373,48,6144
1374,49,6272
1375,49,6272
1376,52,6656
1377,51,6528
1378,49,6272
1379,49,6272
1380,50,6400
1381,50,6400
1382,51,6528
1383,51,6528
1384,51,6528
1385,51,6528
1386,51,6528
1387,51,6528
1388,51,6528
1389,51,6528
1390,51,6528
1391,52,6656
1392,53,6784
1393,51,6528
1394,51,6528
1395,51,6528
1396,50,6400
1397,49,6272
1398,51,6528
1399,51,6528
1400,51,6528
1401,52,6656
1402,49,6272
1403,49,6272
1404,50,6400
1405,53,6784
1406,49,6272
1407,50,6400
1408,50,6400
1409,48,6144
1410,49,6272
1411,51,6528
1412,52,6656
1413,53,6784
1414,53,6784
1415,52,6656
1416,51,6528
1417,51,6528
1418,51,6528
1419,50,6400
1420,51,6528
1421,50,6400
1422,51,6528
1423,51,6528
1424,50,6400
1425,50,6400
1426,50,6400
1427,51,6528
1428,51,6528
1429,50,6400
1430,51,6528
1431,54,6912
1432,52,6656
1433,52,6656
1434,51,6528
1435,49,6272
1436,50,6400
1437,49,6272
1438,50,6400
1439,49,6272
1440,50,6400
1441,50,6400
1442,50,6400
1443,51,6528
1444,50,6400
1445,51,6528
1446,50,6400
1447,50,6400
1448,51,6528
1449,52,6656
1450,50,6400
1451,49,6272
1452,47,6016
1453,48,6144
1454,48,6144
1455,47,6016
1456,45,5760
1457,48,6144
1458,47,6016
1459,48,6144
1460,48,6144
1461,50,6400
1462,49,6272
1463,48,6144
1464,48,6144
1465,48,6144
1466,48,6144
1467,48,6144
1468,47,6016
1469,47,6016
1470,48,6144
1471,49,6272
1472,49,6272
1473,49,6272
1474,49,6272
1475,50,6400
1476,49,6272
1477,50,6400
1478,50,6400
1479,50,6400
1480,52,6656
1481,49,6272
1482,49,6272
1483,49,6272
1484,49,6272
1485,48,6144
1486,48,6144
1487,48,6144
1488,48,6144
1489,49,6272
1490,49,6272
1491,49,6272
1492,48,6144
1493,48,6144
1494,50,6400
1495,47,6016
1496,47,6016
1497,47,6016
1498,49,6272
1499,48,6144
1500,48,6144
1501,48,6144
1502,49,6272
1503,50,6400
1504,48,6144
1505,48,6144
1506,48,6144
1507,49,6272
1508,49,6272
1509,49,6272
1510,48,6144
1511,49,6272
1512,51,6528
1513,50,6400
1514,50,6400
1515,49,6272
1516,51,6528
1517,49,6272
1518,51,6528
1519,50,6400
1520,49,6272
1521,50,6400
1522,48,6144
1523,49,6272
1524,50,6400
1525,49,6272
1526,47,6016
1527,49,6272
1528,49,6272
1529,48,6144
1530,49,6272
1531,49,6272
1532,49,6272
1533,49,6272
1534,49,6272
1535,50,6400
1536,51,6528
1537,49,6272
1538,49,6272
1539,49,6272
1540,48,6144
1541,49,6272
1542,51,6528
1543,50,6400
1544,50,6400
1545,50,6400
1546,51,6528
1547,51,6528
1548,50,6400
1549,51,6528
1550,50,6400
1551,49,6272
1552,51,6528
1553,48,6144
1554,49,6272
1555,48,6144
1556,48,6144
1557,48,6144
1558,49,6272
1559,48,6144
1560,49,6272
1561,48,6144
1562,48,6144
1563,48,6144
1564,48,6144
1565,48,6144
1566,48,6144
1567,48,6144
1568,49,6272
1569,48,6144
1570,48,6144
1571,49,6272
1572,49,6272
1573,48,6144
1574,48,6144
1575,49,6272
1576,48,6144
1577,47,6016
1578,47,6016
1579,48,6144
1580,49,6272
1581,49,6272
1582,50,6400
1583,50,6400
1584,49,6272
1585,50,6400
1586,51,6528
1587,52,6656
1588,51,6528
1589,51,6528
1590,50,6400
1591,51,6528
1592,50,6400
1593,52,6656
1594,51,6528
1595,51,6528
1596,51,6528
1597,49,6272
1598,50,6400
1599,51,6528
1600,51,6528
1601,51,6528
1602,51,6528
1603,50,6400
1604,51,6528
1605,50,6400
1606,49,6272
1607,51,6528
1608,51,6528
1609,52,6656
1610,52,6656
1611,52,6656
1612,51,6528
1613,51,6528
1614,52,6656
1615,52,6656
1616,52,6656
1617,54,6912
1618,52,6656
1619,52,6656
1620,52,6656
1621,53,6784
1622,51,6528
1623,51,6528
1624,50,6400
1625,51,6528
1626,51,6528
1627,51,6528
1628,51,6528
1629,50,6400
1630,51,6528
1631,51,6528
1632,51,6528
1633,52,6656
1634,50,6400
1635,51,6528
1636,52,6656
1637,53,6784
1638,53,6784
1639,52,6656
1640,52,6656
1641,52,6656
1642,53,6784
1643,51,6528
1644,51,6528
1645,51,6528
1646,50,6400
1647,49,6272
1648,50,6400
1649,50,6400
1650,50,6400
1651,51,6528
1652,50,6400
1653,51,6528
1654,50,6400
1655,51,6528
1656,53,6784
1657,51,6528
1658,51,6528
1659,51,6528
1660,51,6528
1661,51,6528
1662,52,6656
1663,52,6656
1664,53,6784
1665,52,6656
1666,51,6528
1667,51,6528
1668,51,6528
1669,52,6656
1670,50,6400
1671,50,6400
1672,52,6656
1673,50,6400
1674,50,6400
1675,51,6528
1676,50,6400
1677,51,6528
1678,50,6400
1679,51,6528
1680,51,6528
1681,51,6528
1682,51,6528
1683,52,6656
1684,52,6656
1685,50,6400
1686,51,6528
1687,50,6400
1688,50,6400
1689,50,6400
1690,50,6400
1691,52,6656
1692,51,6528
1693,52,6656
1694,51,6528
1695,50,6400
1696,50,6400
1697,49,6272
1698,51,6528
1699,50,6400
1700,50,6400
1701,50,6400
1702,50,6400
1703,51,6528
1704,50,6400
1705,49,6272
1706,50,6400
1707,51,6528
1708,50,6400
1709,51,6528
1710,50,6400
1711,50,6400
1712,50,6400
1713,50,6400
1714,51,6528
1715,53,6784
1716,53,6784
1717,52,6656
1718,51,6528
1719,54,6912
1720,54,6912
1721,55,7040
1722,55,7040
1723,53,6784
1724,54,6912
1725,54,6912
1726,53,6784
1727,53,6784
1728,52,6656
1729,51,6528
1730,52,6656
1731,51,6528
1732,53,6784
1733,53,6784
1734,52,6656
1735,51,6528
1736,55,7040
1737,53,6784
1738,52,6656
1739,52,6656
1740,54,6912
1741,52,6656
1742,52,6656
1743,52,6656
1744,51,6528
1745,51,6528
1746,52,6656
1747,52,6656
1748,51,6528
1749,51,6528
1750,52,6656
1751,53,6784
1752,52,6656
1753,52,6656
1754,51,6528
1755,51,6528
1756,52,6656
1757,54,6912
1758,54,6912
1759,53,6784
1760,52,6656
1761,51,6528
1762,54,6912
1763,52,6656
1764,52,6656
1765,53,6784
1766,52,6656
1767,50,6400
1768,49,6272
1769,49,6272
1770,50,6400
1771,50,6400
1772,49,6272
1773,50,6400
1774,50,6400
1775,50,6400
1776,50,6400
1777,50,6400
1778,50,6400
1779,52,6656
1780,50,6400
1781,50,6400
1782,50,6400
1783,48,6144
1784,48,6144
1785,49,6272
1786,49,6272
1787,51,6528
1788,48,6144
1789,48,6144
1790,48,6144
1791,50,6400
1792,49,6272
1793,48,6144
1794,48,6144
1795,50,6400
1796,50,6400
1797,48,6144
1798,49,6272
1799,48,6144
1800,49,6272
1801,49,6272
1802,49,6272
1803,49,6272
1804,49,6272
1805,51,6528
1806,52,6656
1807,49,6272
1808,48,6144
1809,48,6144
1810,50,6400
1811,49,6272
1812,50,6400
1813,50,6400
1814,50,6400
1815,49,6272
1816,49,6272
1817,49,6272
1818,50,6400
1819,49,6272
1820,48,6144
1821,48,6144
1822,49,6272
1823,49,6272
1824,50,6400
1825,50,6400
1826,52,6656
1827,52,6656
1828,51,6528
1829,50,6400
1830,50,6400
1831,50,6400
1832,51,6528
1833,51,6528
1834,52,6656
1835,50,6400
1836,51,6528
1837,51,6528
1838,52,6656
1839,51,6528
1840,52,6656
1841,52,6656
1842,51,6528
1843,52,6656
1844,52,6656
1845,52,6656
1846,52,6656
1847,54,6912
1848,54,6912
1849,54,6912
1850,54,6912
1851,53,6784
1852,55,7040
1853,56,7168
1854,56,7168
1855,52,6656
1856,53,6784
1857,52,6656
1858,52,6656
1859,53,6784
1860,52,6656
1861,52,6656
1862,50,6400
1863,53,6784
1864,53,6784
1865,55,7040
1866,55,7040
1867,55,7040
1868,55,7040
1869,55,7040
1870,55,7040
1871,54,6912
1872,53,6784
1873,53,6784
1874,53,6784
1875,51,6528
1876,52,6656
1877,53,6784
1878,52,6656
1879,51,6528
1880,52,6656
1881,51,6528
1882,52,6656
1883,53,6784
1884,52,6656
1885,53,6784
1886,52,6656
1887,52,6656
1888,51,6528
1889,52,6656
1890,51,6528
1891,52,6656
1892,53,6784
1893,53,6784
1894,53,6784
1895,53,6784
1896,52,6656
1897,53,6784
1898,54,6912
1899,54,6912
1900,54,6912
1901,54,6912
1902,53,6784
1903,54,6912
1904,54,6912
1905,55,7040
1906,55,7040
1907,53,6784
1908,54,6912
1909,54,6912
1910,54,6912
1911,55,7040
1912,53,6784
1913,53,6784
1914,53,6784
1915,53,6784
1916,52,6656
1917,52,6656
1918,52,6656
1919,52,6656
1920,53,6784
1921,53,6784
1922,53,6784
1923,55,7040
1924,53,6784
1925,52,6656
1926,53,6784
1927,52,6656
1928,52,6656
1929,51,6528
1930,51,6528
1931,52,6656
1932,53,6784
1933,52,6656
1934,53,6784
1935,53,6784
1936,53,6784
1937,53,6784
1938,55,7040
1939,53,6784
1940,53,6784
1941,51,6528
1942,55,7040
1943,53,6784
1944,54,6912
1945,53,6784
1946,53,6784
1947,52,6656
1948,50,6400
1949,50,6400
1950,50,6400
1951,51,6528
1952,52,6656
1953,50,6400
1954,54,6912
1955,52,6656
1956,52,6656
1957,52,6656
1958,49,6272
1959,50,6400
1960,50,6400
1961,50,6400
1962,50,6400
1963,51,6528
1964,51,6528
1965,49,6272
1966,47,6016
1967,48,6144
1968,47,6016
1969,46,5888
1970,47,6016
1971,48,6144
1972,47,6016
1973,48,6144
1974,48,6144
1975,48,6144
1976,48,6144
1977,48,6144
1978,49,6272
1979,49,6272
1980,48,6144
1981,48,6144
1982,48,6144
1983,48,6144
1984,49,6272
1985,49,6272
1986,50,6400
1987,48,6144
1988,47,6016
1989,47,6016
1990,48,6144
1991,46,5888
1992,47,6016
1993,47,6016
1994,47,6016
1995,47,6016
1996,46,5888
1997,47,6016
1998,47,6016
1999,48,6144
2000,49,6272
