RandomSeed,323,Population size:128,Bit Length:64,Crossover Rate:0.7,Mutation Rate:0.005
gen,BestFitness,FitnessEval
1,39,4992
2,39,4992
3,40,5120
4,43,5504
5,41,5248
6,40,5120
7,40,5120
8,41,5248
9,41,5248
10,40,5120
11,40,5120
12,41,5248
13,43,5504
14,46,5888
15,43,5504
16,45,5760
17,43,5504
18,46,5888
19,50,6400
20,46,5888
21,46,5888
22,46,5888
23,47,6016
24,46,5888
25,46,5888
26,45,5760
27,47,6016
28,45,5760
29,45,5760
30,45,5760
31,45,5760
32,45,5760
33,45,5760
34,46,5888
35,47,6016
36,46,5888
37,45,5760
38,46,5888
39,46,5888
40,46,5888
41,46,5888
42,47,6016
43,47,6016
44,47,6016
45,47,6016
46,46,5888
47,48,6144
48,48,6144
49,49,6272
50,49,6272
51,48,6144
52,48,6144
53,48,6144
54,49,6272
55,50,6400
56,49,6272
57,50,6400
58,50,6400
59,49,6272
60,48,6144
61,48,6144
62,48,6144
63,50,6400
64,48,6144
65,47,6016
66,48,6144
67,48,6144
68,48,6144
69,48,6144
70,48,6144
71,49,6272
72,50,6400
73,49,6272
74,50,6400
75,50,6400
76,52,6656
77,51,6528
78,51,6528
79,51,6528
80,51,6528
81,51,6528
82,52,6656
83,50,6400
84,50,6400
85,51,6528
86,51,6528
87,50,6400
88,50,6400
89,52,6656
90,52,6656
91,50,6400
92,49,6272
93,51,6528
94,51,6528
95,51,6528
96,51,6528
97,51,6528
98,50,6400
99,51,6528
100,51,6528
101,52,6656
102,52,6656
103,54,6912
104,55,7040
105,55,7040
106,53,6784
107,53,6784
108,53,6784
109,52,6656
110,54,6912
111,54,6912
112,53,6784
113,54,6912
114,52,6656
115,52,6656
116,53,6784
117,54,6912
118,54,6912
119,55,7040
120,55,7040
121,52,6656
122,53,6784
123,53,6784
124,53,6784
125,53,6784
126,53,6784
127,52,6656
128,53,6784
129,54,6912
130,54,6912
131,53,6784
132,53,6784
133,53,6784
134,54,6912
135,53,6784
136,54,6912
137,57,7296
138,53,6784
139,54,6912
140,53,6784
141,55,7040
142,53,6784
143,54,6912
144,54,6912
145,55,7040
146,54,6912
147,55,7040
148,54,6912
149,54,6912
150,53,6784
151,53,6784
152,53,6784
153,53,6784
154,53,6784
155,53,6784
156,53,6784
157,54,6912
158,54,6912
159,54,6912
160,54,6912
161,53,6784
162,54,6912
163,54,6912
164,54,6912
165,53,6784
166,54,6912
167,54,6912
168,54,6912
169,54,6912
170,55,7040
171,54,6912
172,53,6784
173,54,6912
174,54,6912
175,54,6912
176,54,6912
177,55,7040
178,54,6912
179,54,6912
180,54,6912
181,52,6656
182,54,6912
183,53,6784
184,52,6656
185,54,6912
186,52,6656
187,51,6528
188,53,6784
189,56,7168
190,53,6784
191,53,6784
192,54,6912
193,51,6528
194,51,6528
195,52,6656
196,52,6656
197,51,6528
198,51,6528
199,51,6528
200,51,6528
201,51,6528
202,51,6528
203,51,6528
204,52,6656
205,51,6528
206,51,6528
207,52,6656
208,52,6656
209,52,6656
210,52,6656
211,52,6656
212,52,6656
213,52,6656
214,51,6528
215,50,6400
216,49,6272
217,49,6272
218,49,6272
219,48,6144
220,49,6272
221,50,6400
222,49,6272
223,50,6400
224,48,6144
225,49,6272
226,48,6144
227,49,6272
228,49,6272
229,51,6528
230,50,6400
231,50,6400
232,48,6144
233,48,6144
234,48,6144
235,48,6144
236,49,6272
237,49,6272
238,48,6144
239,50,6400
240,50,6400
241,51,6528
242,52,6656
243,48,6144
244,49,6272
245,50,6400
246,51,6528
247,51,6528
248,50,6400
249,50,6400
250,50,6400
251,50,6400
252,50,6400
253,49,6272
254,50,6400
255,50,6400
256,52,6656
257,52,6656
258,51,6528
259,51,6528
260,51,6528
261,48,6144
262,48,6144
263,48,6144
264,48,6144
265,49,6272
266,48,6144
267,47,6016
268,47,6016
269,47,6016
270,48,6144
271,48,6144
272,49,6272
273,49,6272
274,50,6400
275,50,6400
276,49,6272
277,49,6272
278,49,6272
279,50,6400
280,50,6400
281,51,6528
282,51,6528
283,51,6528
284,51,6528
285,51,6528
286,51,6528
287,51,6528
288,52,6656
289,51,6528
290,51,6528
291,51,6528
292,50,6400
293,50,6400
294,50,6400
295,50,6400
296,51,6528
297,50,6400
298,49,6272
299,50,6400
300,50,6400
301,51,6528
302,51,6528
303,50,6400
304,49,6272
305,51,6528
306,50,6400
307,48,6144
308,49,6272
309,48,6144
310,47,6016
311,48,6144
312,48,6144
313,48,6144
314,48,6144
315,48,6144
316,49,6272
317,50,6400
318,50,6400
319,49,6272
320,49,6272
321,49,6272
322,49,6272
323,49,6272
324,49,6272
325,50,6400
326,49,6272
327,51,6528
328,51,6528
329,50,6400
330,50,6400
331,53,6784
332,53,6784
333,53,6784
334,54,6912
335,51,6528
336,52,6656
337,51,6528
338,51,6528
339,50,6400
340,50,6400
341,52,6656
342,51,6528
343,50,6400
344,51,6528
345,52,6656
346,51,6528
347,50,6400
348,52,6656
349,51,6528
350,51,6528
351,50,6400
352,50,6400
353,50,6400
354,51,6528
355,51,6528
356,52,6656
357,51,6528
358,51,6528
359,49,6272
360,50,6400
361,51,6528
362,50,6400
363,50,6400
364,51,6528
365,51,6528
366,51,6528
367,51,6528
368,49,6272
369,50,6400
370,50,6400
371,51,6528
372,51,6528
373,50,6400
374,50,6400
375,50,6400
376,50,6400
377,51,6528
378,51,6528
379,50,6400
380,50,6400
381,51,6528
382,51,6528
383,51,6528
384,51,6528
385,52,6656
386,52,6656
387,54,6912
388,54,6912
389,54,6912
390,54,6912
391,52,6656
392,53,6784
393,51,6528
394,52,6656
395,53,6784
396,53,6784
397,53,6784
398,53,6784
399,53,6784
400,55,7040
401,54,6912
402,53,6784
403,52,6656
404,54,6912
405,54,6912
406,53,6784
407,54,6912
408,54,6912
409,54,6912
410,54,6912
411,53,6784
412,53,6784
413,52,6656
414,52,6656
415,53,6784
416,53,6784
417,54,6912
418,54,6912
419,54,6912
420,55,7040
421,55,7040
422,55,7040
423,54,6912
424,55,7040
425,55,7040
426,54,6912
427,54,6912
428,53,6784
429,54,6912
430,54,6912
431,54,6912
432,55,7040
433,54,6912
434,53,6784
435,55,7040
436,57,7296
437,56,7168
438,56,7168
439,56,7168
440,57,7296
441,56,7168
442,56,7168
443,56,7168
444,56,7168
445,55,7040
446,55,7040
447,55,7040
448,55,7040
449,55,7040
450,55,7040
451,56,7168
452,55,7040
453,54,6912
454,55,7040
455,56,7168
456,56,7168
457,56,7168
458,55,7040
459,56,7168
460,56,7168
461,56,7168
462,57,7296
463,57,7296
464,55,7040
465,54,6912
466,54,6912
467,52,6656
468,53,6784
469,54,6912
470,54,6912
471,52,6656
472,53,6784
473,51,6528
474,53,6784
475,54,6912
476,53,6784
477,52,6656
478,53,6784
479,53,6784
480,52,6656
481,51,6528
482,51,6528
483,53,6784
484,54,6912
485,55,7040
486,53,6784
487,52,6656
488,52,6656
489,51,6528
490,52,6656
491,51,6528
492,51,6528
493,51,6528
494,52,6656
495,51,6528
496,50,6400
497,49,6272
498,49,6272
499,50,6400
500,50,6400
501,51,6528
502,51,6528
503,49,6272
504,49,6272
505,49,6272
506,50,6400
507,50,6400
508,49,6272
509,49,6272
510,48,6144
511,49,6272
512,50,6400
513,49,6272
514,50,6400
515,50,6400
516,50,6400
517,50,6400
518,50,6400
519,51,6528
520,50,6400
521,50,6400
522,51,6528
523,50,6400
524,52,6656
525,53,6784
526,53,6784
527,50,6400
528,50,6400
529,52,6656
530,52,6656
531,50,6400
532,51,6528
533,50,6400
534,51,6528
535,51,6528
536,51,6528
537,50,6400
538,49,6272
539,49,6272
540,50,6400
541,51,6528
542,51,6528
543,51,6528
544,51,6528
545,51,6528
546,50,6400
547,51,6528
548,51,6528
549,51,6528
550,50,6400
551,51,6528
552,49,6272
553,50,6400
554,48,6144
555,48,6144
556,48,6144
557,48,6144
558,48,6144
559,49,6272
560,49,6272
561,50,6400
562,48,6144
563,48,6144
564,48,6144
565,49,6272
566,49,6272
567,49,6272
568,50,6400
569,49,6272
570,49,6272
571,50,6400
572,49,6272
573,48,6144
574,49,6272
575,50,6400
576,49,6272
577,49,6272
578,50,6400
579,51,6528
580,50,6400
581,50,6400
582,49,6272
583,50,6400
584,50,6400
585,50,6400
586,50,6400
587,50,6400
588,48,6144
589,50,6400
590,50,6400
591,52,6656
592,52,6656
593,52,6656
594,51,6528
595,50,6400
596,50,6400
597,50,6400
598,50,6400
599,51,6528
600,50,6400
601,51,6528
602,53,6784
603,53,6784
604,52,6656
605,52,6656
606,52,6656
607,52,6656
608,52,6656
609,53,6784
610,52,6656
611,52,6656
612,52,6656
613,53,6784
614,53,6784
615,51,6528
616,52,6656
617,52,6656
618,52,6656
619,53,6784
620,54,6912
621,54,6912
622,54,6912
623,55,7040
624,54,6912
625,53,6784
626,54,6912
627,54,6912
628,54,6912
629,56,7168
630,54,6912
631,55,7040
632,53,6784
633,53,6784
634,53,6784
635,55,7040
636,55,7040
637,53,6784
638,54,6912
639,54,6912
640,54,6912
641,55,7040
642,56,7168
643,56,7168
644,56,7168
645,55,7040
646,55,7040
647,56,7168
648,56,7168
649,58,7424
650,54,6912
651,56,7168
652,56,7168
653,55,7040
654,55,7040
655,56,7168
656,56,7168
657,56,7168
658,56,7168
659,56,7168
660,56,7168
661,54,6912
662,54,6912
663,54,6912
664,54,6912
665,54,6912
666,55,7040
667,54,6912
668,56,7168
669,55,7040
670,55,7040
671,54,6912
672,54,6912
673,55,7040
674,55,7040
675,54,6912
676,54,6912
677,55,7040
678,55,7040
679,55,7040
680,56,7168
681,55,7040
682,53,6784
683,54,6912
684,54,6912
685,55,7040
686,55,7040
687,54,6912
688,55,7040
689,54,6912
690,55,7040
691,54,6912
692,54,6912
693,54,6912
694,55,7040
695,55,7040
696,56,7168
697,56,7168
698,56,7168
699,56,7168
700,56,7168
701,56,7168
702,55,7040
703,55,7040
704,55,7040
705,55,7040
706,56,7168
707,57,7296
708,57,7296
709,56,7168
710,56,7168
711,56,7168
712,57,7296
713,58,7424
714,57,7296
715,57,7296
716,57,7296
717,55,7040
718,55,7040
719,55,7040
720,57,7296
721,57,7296
722,56,7168
723,56,7168
724,56,7168
725,56,7168
726,57,7296
727,57,7296
728,57,7296
729,57,7296
730,57,7296
731,55,7040
732,55,7040
733,55,7040
734,55,7040
735,54,6912
736,54,6912
737,55,7040
738,54,6912
739,55,7040
740,54,6912
741,54,6912
742,53,6784
743,54,6912
744,55,7040
745,54,6912
746,52,6656
747,51,6528
748,51,6528
749,52,6656
750,52,6656
751,51,6528
752,54,6912
753,51,6528
754,53,6784
755,53,6784
756,53,6784
757,55,7040
758,54,6912
759,55,7040
760,54,6912
761,56,7168
762,55,7040
763,54,6912
764,54,6912
765,55,7040
766,54,6912
767,56,7168
768,54,6912
769,54,6912
770,55,7040
771,55,7040
772,55,7040
773,54,6912
774,54,6912
775,54,6912
776,54,6912
777,57,7296
778,55,7040
779,56,7168
780,57,7296
781,56,7168
782,55,7040
783,55,7040
784,55,7040
785,55,7040
786,56,7168
787,56,7168
788,57,7296
789,55,7040
790,55,7040
791,56,7168
792,55,7040
793,56,7168
794,54,6912
795,54,6912
796,54,6912
797,53,6784
798,53,6784
799,54,6912
800,53,6784
801,53,6784
802,53,6784
803,54,6912
804,55,7040
805,55,7040
806,57,7296
807,57,7296
808,57,7296
809,56,7168
810,56,7168
811,57,7296
812,56,7168
813,56,7168
814,55,7040
815,55,7040
816,55,7040
817,55,7040
818,54,6912
819,56,7168
820,55,7040
821,55,7040
822,54,6912
823,54,6912
824,53,6784
825,55,7040
826,56,7168
827,55,7040
828,56,7168
829,54,6912
830,54,6912
831,54,6912
832,53,6784
833,54,6912
834,55,7040
835,54,6912
836,55,7040
837,54,6912
838,54,6912
839,54,6912
840,55,7040
841,52,6656
842,54,6912
843,55,7040
844,55,7040
845,55,7040
846,54,6912
847,54,6912
848,52,6656
849,53,6784
850,54,6912
851,54,6912
852,54,6912
853,54,6912
854,55,7040
855,55,7040
856,54,6912
857,53,6784
858,52,6656
859,53,6784
860,53,6784
861,53,6784
862,53,6784
863,53,6784
864,55,7040
865,54,6912
866,54,6912
867,53,6784
868,53,6784
869,54,6912
870,55,7040
871,55,7040
872,54,6912
873,54,6912
874,54,6912
875,53,6784
876,53,6784
877,53,6784
878,53,6784
879,54,6912
880,54,6912
881,53,6784
882,53,6784
883,53,6784
884,53,6784
885,51,6528
886,51,6528
887,52,6656
888,52,6656
889,52,6656
890,52,6656
891,51,6528
892,51,6528
893,51,6528
894,53,6784
895,53,6784
896,53,6784
897,53,6784
898,56,7168
899,54,6912
900,54,6912
901,54,6912
902,55,7040
903,54,6912
904,56,7168
905,56,7168
906,55,7040
907,55,7040
908,57,7296
909,55,7040
910,55,7040
911,55,7040
912,55,7040
913,55,7040
914,53,6784
915,52,6656
916,53,6784
917,52,6656
918,52,6656
919,53,6784
920,53,6784
921,53,6784
922,53,6784
923,53,6784
924,54,6912
925,54,6912
926,54,6912
927,54,6912
928,54,6912
929,55,7040
930,55,7040
931,54,6912
932,55,7040
933,55,7040
934,54,6912
935,54,6912
936,56,7168
937,57,7296
938,56,7168
939,56,7168
940,54,6912
941,55,7040
942,54,6912
943,52,6656
944,52,6656
945,52,6656
946,53,6784
947,53,6784
948,51,6528
949,51,6528
950,52,6656
951,53,6784
952,52,6656
953,52,6656
954,52,6656
955,54,6912
956,54,6912
957,53,6784
958,54,6912
959,52,6656
960,51,6528
961,51,6528
962,52,6656
963,52,6656
964,52,6656
965,51,6528
966,52,6656
967,49,6272
968,51,6528
969,51,6528
970,52,6656
971,51,6528
972,50,6400
973,51,6528
974,50,6400
975,51,6528
976,50,6400
977,51,6528
978,51,6528
979,50,6400
980,50,6400
981,49,6272
982,49,6272
983,49,6272
984,49,6272
985,49,6272
986,49,6272
987,49,6272
988,50,6400
989,51,6528
990,50,6400
991,49,6272
992,49,6272
993,50,6400
994,49,6272
995,49,6272
996,49,6272
997,51,6528
998,51,6528
999,53,6784
1000,50,6400
1001,52,6656
1002,52,6656
1003,54,6912
1004,52,6656
1005,53,6784
1006,52,6656
1007,55,7040
1008,55,7040
1009,55,7040
1010,53,6784
1011,53,6784
1012,54,6912
1013,53,6784
1014,54,6912
1015,53,6784
1016,53,6784
1017,53,6784
1018,54,6912
1019,53,6784
1020,53,6784
1021,52,6656
1022,52,6656
1023,52,6656
1024,53,6784
1025,54,6912
1026,54,6912
1027,54,6912
1028,55,7040
1029,53,6784
1030,54,6912
1031,55,7040
1032,53,6784
1033,53,6784
1034,53,6784
1035,52,6656
1036,53,6784
1037,53,6784
1038,53,6784
1039,54,6912
1040,54,6912
1041,53,6784
1042,53,6784
1043,53,6784
1044,51,6528
1045,50,6400
1046,50,6400
1047,49,6272
1048,50,6400
1049,50,6400
1050,50,6400
1051,52,6656
1052,52,6656
1053,52,6656
1054,53,6784
1055,53,6784
1056,53,6784
1057,54,6912
1058,53,6784
1059,51,6528
1060,51,6528
1061,52,6656
1062,52,6656
1063,54,6912
1064,54,6912
1065,54,6912
1066,54,6912
1067,54,6912
1068,52,6656
1069,52,6656
1070,52,6656
1071,52,6656
1072,51,6528
1073,50,6400
1074,50,6400
1075,52,6656
1076,52,6656
1077,52,6656
1078,52,6656
1079,50,6400
1080,52,6656
1081,53,6784
1082,50,6400
1083,51,6528
1084,50,6400
1085,50,6400
1086,50,6400
1087,51,6528
1088,52,6656
1089,53,6784
1090,52,6656
1091,53,6784
1092,54,6912
1093,52,6656
1094,52,6656
1095,51,6528
1096,51,6528
1097,51,6528
1098,51,6528
1099,53,6784
1100,53,6784
1101,51,6528
1102,52,6656
1103,52,6656
1104,53,6784
1105,52,6656
1106,53,6784
1107,54,6912
1108,55,7040
1109,55,7040
1110,54,6912
1111,53,6784
1112,54,6912
1113,54,6912
1114,54,6912
1115,54,6912
1116,54,6912
1117,54,6912
1118,53,6784
1119,53,6784
1120,52,6656
1121,54,6912
1122,53,6784
1123,52,6656
1124,53,6784
1125,54,6912
1126,54,6912
1127,54,6912
1128,53,6784
1129,54,6912
1130,55,7040
1131,55,7040
1132,55,7040
1133,52,6656
1134,53,6784
1135,53,6784
1136,53,6784
1137,53,6784
1138,52,6656
1139,54,6912
1140,53,6784
1141,52,6656
1142,54,6912
1143,53,6784
1144,52,6656
1145,53,6784
1146,52,6656
1147,52,6656
1148,53,6784
1149,53,6784
1150,52,6656
1151,52,6656
1152,51,6528
1153,52,6656
1154,52,6656
1155,49,6272
1156,54,6912
1157,50,6400
1158,50,6400
1159,51,6528
1160,51,6528
1161,51,6528
1162,53,6784
1163,52,6656
1164,52,6656
1165,53,6784
1166,52,6656
1167,52,6656
1168,51,6528
1169,50,6400
1170,51,6528
1171,52,6656
1172,54,6912
1173,53,6784
1174,53,6784
1175,53,6784
1176,52,6656
1177,54,6912
1178,53,6784
1179,54,6912
1180,55,7040
1181,55,7040
1182,55,7040
1183,55,7040
1184,54,6912
1185,53,6784
1186,53,6784
1187,52,6656
1188,51,6528
1189,53,6784
1190,52,6656
1191,52,6656
1192,52,6656
1193,53,6784
1194,53,6784
1195,53,6784
1196,53,6784
1197,52,6656
1198,52,6656
1199,52,6656
1200,53,6784
1201,53,6784
1202,52,6656
1203,53,6784
1204,53,6784
1205,53,6784
1206,53,6784
1207,52,6656
1208,53,6784
1209,53,6784
1210,53,6784
1211,53,6784
1212,51,6528
1213,52,6656
1214,52,6656
1215,52,6656
1216,53,6784
1217,53,6784
1218,52,6656
1219,52,6656
1220,51,6528
1221,52,6656
1222,50,6400
1223,51,6528
1224,51,6528
1225,52,6656
1226,51,6528
1227,50,6400
1228,51,6528
1229,51,6528
1230,52,6656
1231,51,6528
1232,49,6272
1233,49,6272
1234,49,6272
1235,50,6400
1236,50,6400
1237,51,6528
1238,51,6528
1239,51,6528
1240,52,6656
1241,52,6656
1242,51,6528
1243,51,6528
1244,52,6656
1245,51,6528
1246,51,6528
1247,51,6528
1248,50,6400
1249,51,6528
1250,51,6528
1251,52,6656
1252,53,6784
1253,54,6912
1254,52,6656
1255,51,6528
1256,52,6656
1257,51,6528
1258,52,6656
1259,54,6912
1260,54,6912
1261,52,6656
1262,52,6656
1263,53,6784
1264,50,6400
1265,50,6400
1266,51,6528
1267,50,6400
1268,50,6400
1269,51,6528
1270,50,6400
1271,50,6400
1272,49,6272
1273,51,6528
1274,52,6656
1275,52,6656
1276,51,6528
1277,51,6528
1278,52,6656
1279,52,6656
1280,53,6784
1281,52,6656
1282,51,6528
1283,51,6528
1284,52,6656
1285,52,6656
1286,52,6656
1287,50,6400
1288,50,6400
1289,51,6528
1290,52,6656
1291,54,6912
1292,50,6400
1293,51,6528
1294,52,6656
1295,52,6656
1296,51,6528
1297,50,6400
1298,52,6656
1299,52,6656
1300,53,6784
1301,51,6528
1302,53,6784
1303,53,6784
1304,55,7040
1305,55,7040
1306,56,7168
1307,56,7168
1308,54,6912
1309,54,6912
1310,54,6912
1311,54,6912
1312,54,6912
1313,53,6784
1314,53,6784
1315,53,6784
1316,52,6656
1317,52,6656
1318,54,6912
1319,53,6784
1320,53,6784
1321,52,6656
1322,53,6784
1323,52,6656
1324,50,6400
1325,51,6528
1326,53,6784
1327,53,6784
1328,54,6912
1329,54,6912
1330,52,6656
1331,53,6784
1332,52,6656
1333,52,6656
1334,51,6528
1335,52,6656
1336,52,6656
1337,51,6528
1338,51,6528
1339,49,6272
1340,49,6272
1341,49,6272
1342,50,6400
1343,51,6528
1344,52,6656
1345,52,6656
1346,53,6784
1347,51,6528
1348,50,6400
1349,50,6400
1350,50,6400
1351,52,6656
1352,50,6400
1353,50,6400
1354,50,6400
1355,51,6528
1356,52,6656
1357,51,6528
1358,51,6528
1359,51,6528
1360,52,6656
1361,53,6784
1362,51,6528
1363,51,6528
1364,52,6656
1365,52,6656
1366,50,6400
1367,50,6400
1368,50,6400
1369,53,6784
1370,51,6528
1371,52,6656
1372,52,6656
1373,51,6528
1374,51,6528
1375,52,6656
1376,51,6528
1377,51,6528
1378,51,6528
1379,51,6528
1380,51,6528
1381,51,6528
1382,51,6528
1383,51,6528
1384,51,6528
1385,50,6400
1386,52,6656
1387,52,6656
1388,50,6400
1389,50,6400
1390,49,6272
1391,49,6272
1392,49,6272
1393,48,6144
1394,49,6272
1395,49,6272
1396,48,6144
1397,49,6272
1398,49,6272
1399,51,6528
1400,49,6272
1401,49,6272
1402,49,6272
1403,48,6144
1404,47,6016
1405,47,6016
1406,50,6400
1407,49,6272
1408,50,6400
1409,50,6400
1410,49,6272
1411,50,6400
1412,49,6272
1413,49,6272
1414,49,6272
1415,50,6400
1416,50,6400
1417,50,6400
1418,50,6400
1419,50,6400
1420,50,6400
1421,51,6528
1422,51,6528
1423,50,6400
1424,50,6400
1425,51,6528
1426,50,6400
1427,50,6400
1428,50,6400
1429,50,6400
1430,50,6400
1431,51,6528
1432,51,6528
1433,51,6528
1434,52,6656
1435,52,6656
1436,52,6656
1437,50,6400
1438,49,6272
1439,49,6272
1440,49,6272
1441,50,6400
1442,50,6400
1443,51,6528
1444,50,6400
1445,49,6272
1446,48,6144
1447,50,6400
1448,49,6272
1449,49,6272
1450,48,6144
1451,51,6528
1452,48,6144
1453,49,6272
1454,50,6400
1455,49,6272
1456,49,6272
1457,50,6400
1458,50,6400
1459,51,6528
1460,51,6528
1461,52,6656
1462,52,6656
1463,52,6656
1464,52,6656
1465,53,6784
1466,53,6784
1467,53,6784
1468,55,7040
1469,56,7168
1470,55,7040
1471,53,6784
1472,54,6912
1473,55,7040
1474,55,7040
1475,52,6656
1476,53,6784
1477,53,6784
1478,52,6656
1479,54,6912
1480,54,6912
1481,55,7040
1482,55,7040
1483,54,6912
1484,52,6656
1485,54,6912
1486,53,6784
1487,54,6912
1488,54,6912
1489,54,6912
1490,53,6784
1491,52,6656
1492,54,6912
1493,53,6784
1494,52,6656
1495,52,6656
1496,52,6656
1497,52,6656
1498,52,6656
1499,49,6272
1500,50,6400
1501,52,6656
1502,51,6528
1503,51,6528
1504,51,6528
1505,49,6272
1506,50,6400
1507,50,6400
1508,50,6400
1509,51,6528
1510,51,6528
1511,51,6528
1512,51,6528
1513,52,6656
1514,50,6400
1515,51,6528
1516,51,6528
1517,51,6528
1518,52,6656
1519,52,6656
1520,52,6656
1521,51,6528
1522,51,6528
1523,52,6656
1524,50,6400
1525,50,6400
1526,51,6528
1527,50,6400
1528,51,6528
1529,53,6784
1530,52,6656
1531,52,6656
1532,51,6528
1533,53,6784
1534,54,6912
1535,54,6912
1536,55,7040
1537,54,6912
1538,54,6912
1539,55,7040
1540,53,6784
1541,54,6912
1542,55,7040
1543,54,6912
1544,54,6912
1545,55,7040
1546,55,7040
1547,54,6912
1548,56,7168
1549,54,6912
1550,54,6912
1551,54,6912
1552,53,6784
1553,53,6784
1554,52,6656
1555,53,6784
1556,54,6912
1557,52,6656
1558,53,6784
1559,52,6656
1560,54,6912
1561,53,6784
1562,53,6784
1563,53,6784
1564,56,7168
1565,53,6784
1566,53,6784
1567,54,6912
1568,53,6784
1569,53,6784
1570,53,6784
1571,54,6912
1572,54,6912
1573,53,6784
1574,53,6784
1575,53,6784
1576,53,6784
1577,54,6912
1578,54,6912
1579,54,6912
1580,54,6912
1581,54,6912
1582,53,6784
1583,53,6784
1584,55,7040
1585,54,6912
1586,55,7040
1587,55,7040
1588,54,6912
1589,56,7168
1590,56,7168
1591,56,7168
1592,56,7168
1593,55,7040
1594,57,7296
1595,55,7040
1596,54,6912
1597,52,6656
1598,53,6784
1599,53,6784
1600,54,6912
1601,54,6912
1602,53,6784
1603,53,6784
1604,54,6912
1605,55,7040
1606,54,6912
1607,55,7040
1608,55,7040
1609,53,6784
1610,53,6784
1611,55,7040
1612,55,7040
1613,54,6912
1614,55,7040
1615,56,7168
1616,54,6912
1617,54,6912
1618,56,7168
1619,56,7168
1620,56,7168
1621,55,7040
1622,55,7040
1623,54,6912
1624,54,6912
1625,52,6656
1626,56,7168
1627,52,6656
1628,51,6528
1629,52,6656
1630,51,6528
1631,51,6528
1632,51,6528
1633,55,7040
1634,53,6784
1635,55,7040
1636,53,6784
1637,54,6912
1638,54,6912
1639,53,6784
1640,53,6784
1641,52,6656
1642,51,6528
1643,53,6784
1644,51,6528
1645,51,6528
1646,51,6528
1647,53,6784
1648,54,6912
1649,51,6528
1650,51,6528
1651,52,6656
1652,52,6656
1653,54,6912
1654,54,6912
1655,56,7168
1656,56,7168
1657,57,7296
1658,56,7168
1659,55,7040
1660,55,7040
1661,56,7168
1662,56,7168
1663,55,7040
1664,56,7168
1665,56,7168
1666,56,7168
1667,55,7040
1668,55,7040
1669,55,7040
1670,55,7040
1671,55,7040
1672,55,7040
1673,55,7040
1674,56,7168
1675,56,7168
1676,54,6912
1677,54,6912
1678,54,6912
1679,55,7040
1680,56,7168
1681,55,7040
1682,55,7040
1683,56,7168
1684,55,7040
1685,55,7040
1686,55,7040
1687,56,7168
1688,56,7168
1689,55,7040
1690,55,7040
1691,56,7168
1692,56,7168
1693,56,7168
1694,56,7168
1695,56,7168
1696,57,7296
1697,57,7296
1698,55,7040
1699,55,7040
1700,53,6784
1701,57,7296
1702,56,7168
1703,54,6912
1704,54,6912
1705,54,6912
1706,54,6912
1707,55,7040
1708,54,6912
1709,54,6912
1710,54,6912
1711,54,6912
1712,54,6912
1713,54,6912
1714,55,7040
1715,56,7168
1716,55,7040
1717,55,7040
1718,53,6784
1719,54,6912
1720,55,7040
1721,55,7040
1722,57,7296
1723,54,6912
1724,54,6912
1725,54,6912
1726,55,7040
1727,53,6784
1728,53,6784
1729,55,7040
1730,55,7040
1731,54,6912
1732,55,7040
1733,53,6784
1734,55,7040
1735,53,6784
1736,53,6784
1737,54,6912
1738,55,7040
1739,54,6912
1740,54,6912
1741,53,6784
1742,54,6912
1743,55,7040
1744,52,6656
1745,52,6656
1746,53,6784
1747,53,6784
1748,52,6656
1749,53,6784
1750,52,6656
1751,52,6656
1752,51,6528
1753,52,6656
1754,52,6656
1755,55,7040
1756,52,6656
1757,52,6656
1758,52,6656
1759,51,6528
1760,52,6656
1761,51,6528
1762,51,6528
1763,53,6784
1764,53,6784
1765,52,6656
1766,52,6656
1767,50,6400
1768,51,6528
1769,49,6272
1770,50,6400
1771,51,6528
1772,51,6528
1773,52,6656
1774,50,6400
1775,50,6400
1776,51,6528
1777,50,6400
1778,50,6400
1779,50,6400
1780,50,6400
1781,50,6400
1782,51,6528
1783,52,6656
1784,49,6272
1785,48,6144
1786,49,6272
1787,50,6400
1788,50,6400
1789,49,6272
1790,49,6272
1791,49,6272
1792,49,6272
1793,50,6400
1794,49,6272
1795,50,6400
1796,50,6400
1797,51,6528
1798,50,6400
1799,50,6400
1800,51,6528
1801,50,6400
1802,50,6400
1803,50,6400
1804,50,6400
1805,50,6400
1806,50,6400
1807,50,6400
1808,50,6400
1809,51,6528
1810,52,6656
1811,51,6528
1812,50,6400
1813,51,6528
1814,50,6400
1815,50,6400
1816,51,6528
1817,51,6528
1818,51,6528
1819,50,6400
1820,49,6272
1821,50,6400
1822,50,6400
1823,50,6400
1824,50,6400
1825,51,6528
1826,50,6400
1827,49,6272
1828,50,6400
1829,50,6400
1830,50,6400
1831,51,6528
1832,50,6400
1833,50,6400
1834,50,6400
1835,52,6656
1836,52,6656
1837,53,6784
1838,53,6784
1839,54,6912
1840,53,6784
1841,52,6656
1842,52,6656
1843,51,6528
1844,51,6528
1845,52,6656
1846,53,6784
1847,52,6656
1848,52,6656
1849,53,6784
1850,52,6656
1851,51,6528
1852,52,6656
1853,52,6656
1854,52,6656
1855,51,6528
1856,50,6400
1857,51,6528
1858,50,6400
1859,51,6528
1860,51,6528
1861,50,6400
1862,50,6400
1863,50,6400
1864,50,6400
1865,51,6528
1866,53,6784
1867,50,6400
1868,50,6400
1869,52,6656
1870,50,6400
1871,51,6528
1872,51,6528
1873,51,6528
1874,52,6656
1875,53,6784
1876,50,6400
1877,50,6400
1878,51,6528
1879,51,6528
1880,51,6528
1881,51,6528
1882,53,6784
1883,51,6528
1884,56,7168
1885,51,6528
1886,50,6400
1887,51,6528
1888,50,6400
1889,51,6528
1890,50,6400
1891,49,6272
1892,50,6400
1893,50,6400
1894,50,6400
1895,50,6400
1896,50,6400
1897,50,6400
1898,52,6656
1899,52,6656
1900,51,6528
1901,51,6528
1902,52,6656
1903,51,6528
1904,50,6400
1905,50,6400
1906,51,6528
1907,51,6528
1908,51,6528
1909,51,6528
1910,51,6528
1911,52,6656
1912,51,6528
1913,52,6656
1914,53,6784
1915,52,6656
1916,50,6400
1917,50,6400
1918,51,6528
1919,51,6528
1920,51,6528
1921,51,6528
1922,51,6528
1923,52,6656
1924,52,6656
1925,51,6528
1926,51,6528
1927,51,6528
1928,51,6528
1929,51,6528
1930,52,6656
1931,51,6528
1932,51,6528
1933,51,6528
1934,51,6528
1935,51,6528
1936,52,6656
1937,51,6528
1938,51,6528
1939,52,6656
1940,52,6656
1941,51,6528
1942,52,6656
1943,51,6528
1944,52,6656
1945,53,6784
1946,54,6912
1947,51,6528
1948,51,6528
1949,52,6656
1950,51,6528
1951,50,6400
1952,51,6528
1953,51,6528
1954,50,6400
1955,50,6400
1956,51,6528
1957,51,6528
1958,50,6400
1959,51,6528
1960,51,6528
1961,50,6400
1962,50,6400
1963,51,6528
1964,51,6528
1965,51,6528
1966,51,6528
1967,51,6528
1968,52,6656
1969,53,6784
1970,53,6784
1971,50,6400
1972,53,6784
1973,51,6528
1974,50,6400
1975,50,6400
1976,50,6400
1977,50,6400
1978,51,6528
1979,52,6656
1980,51,6528
1981,51,6528
1982,52,6656
1983,51,6528
1984,51,6528
1985,51,6528
1986,50,6400
1987,51,6528
1988,50,6400
1989,50,6400
1990,51,6528
1991,50,6400
1992,50,6400
1993,51,6528
1994,50,6400
1995,49,6272
1996,49,6272
1997,49,6272
1998,49,6272
1999,49,6272
2000,49,6272
