RandomSeed,70355,Population size:128,Bit Length:64,Crossover Rate:0.7,Mutation Rate:0.005
gen,BestFitness,FitnessEval
1,39,4992
2,39,4992
3,41,5248
4,42,5376
5,43,5504
6,42,5376
7,43,5504
8,43,5504
9,43,5504
10,42,5376
11,43,5504
12,42,5376
13,43,5504
14,43,5504
15,42,5376
16,42,5376
17,42,5376
18,41,5248
19,42,5376
20,42,5376
21,43,5504
22,42,5376
23,42,5376
24,45,5760
25,44,5632
26,43,5504
27,44,5632
28,43,5504
29,44,5632
30,45,5760
31,45,5760
32,44,5632
33,45,5760
34,44,5632
35,45,5760
36,46,5888
37,44,5632
38,44,5632
39,45,5760
40,45,5760
41,47,6016
42,46,5888
43,47,6016
44,45,5760
45,46,5888
46,47,6016
47,48,6144
48,47,6016
49,49,6272
50,48,6144
51,49,6272
52,49,6272
53,46,5888
54,48,6144
55,47,6016
56,47,6016
57,49,6272
58,47,6016
59,47,6016
60,47,6016
61,47,6016
62,46,5888
63,46,5888
64,45,5760
65,45,5760
66,46,5888
67,47,6016
68,47,6016
69,48,6144
70,47,6016
71,47,6016
72,49,6272
73,50,6400
74,48,6144
75,48,6144
76,50,6400
77,49,6272
78,50,6400
79,49,6272
80,48,6144
81,48,6144
82,49,6272
83,50,6400
84,49,6272
85,47,6016
86,48,6144
87,47,6016
88,48,6144
89,47,6016
90,47,6016
91,48,6144
92,48,6144
93,48,6144
94,47,6016
95,49,6272
96,48,6144
97,49,6272
98,49,6272
99,49,6272
100,50,6400
101,50,6400
102,50,6400
103,51,6528
104,49,6272
105,49,6272
106,50,6400
107,50,6400
108,49,6272
109,50,6400
110,52,6656
111,51,6528
112,50,6400
113,50,6400
114,49,6272
115,49,6272
116,50,6400
117,50,6400
118,49,6272
119,50,6400
120,49,6272
121,50,6400
122,50,6400
123,48,6144
124,49,6272
125,48,6144
126,49,6272
127,49,6272
128,49,6272
129,50,6400
130,50,6400
131,50,6400
132,49,6272
133,49,6272
134,50,6400
135,50,6400
136,51,6528
137,51,6528
138,50,6400
139,51,6528
140,51,6528
141,49,6272
142,50,6400
143,49,6272
144,49,6272
145,52,6656
146,51,6528
147,50,6400
148,51,6528
149,51,6528
150,51,6528
151,50,6400
152,50,6400
153,51,6528
154,51,6528
155,51,6528
156,51,6528
157,51,6528
158,52,6656
159,51,6528
160,51,6528
161,51,6528
162,51,6528
163,52,6656
164,52,6656
165,50,6400
166,51,6528
167,51,6528
168,50,6400
169,50,6400
170,51,6528
171,51,6528
172,49,6272
173,50,6400
174,50,6400
175,50,6400
176,51,6528
177,51,6528
178,51,6528
179,51,6528
180,51,6528
181,51,6528
182,52,6656
183,52,6656
184,51,6528
185,52,6656
186,51,6528
187,52,6656
188,50,6400
189,51,6528
190,51,6528
191,51,6528
192,52,6656
193,50,6400
194,53,6784
195,53,6784
196,53,6784
197,53,6784
198,52,6656
199,53,6784
200,52,6656
201,52,6656
202,52,6656
203,52,6656
204,52,6656
205,54,6912
206,52,6656
207,53,6784
208,53,6784
209,53,6784
210,52,6656
211,53,6784
212,54,6912
213,55,7040
214,54,6912
215,54,6912
216,55,7040
217,54,6912
218,54,6912
219,54,6912
220,54,6912
221,54,6912
222,54,6912
223,54,6912
224,54,6912
225,54,6912
226,54,6912
227,54,6912
228,54,6912
229,54,6912
230,54,6912
231,54,6912
232,55,7040
233,55,7040
234,53,6784
235,53,6784
236,53,6784
237,53,6784
238,54,6912
239,55,7040
240,53,6784
241,53,6784
242,53,6784
243,54,6912
244,54,6912
245,55,7040
246,53,6784
247,55,7040
248,52,6656
249,53,6784
250,53,6784
251,55,7040
252,55,7040
253,54,6912
254,54,6912
255,55,7040
256,55,7040
257,55,7040
258,54,6912
259,54,6912
260,54,6912
261,54,6912
262,54,6912
263,54,6912
264,54,6912
265,55,7040
266,55,7040
267,54,6912
268,54,6912
269,54,6912
270,54,6912
271,53,6784
272,53,6784
273,52,6656
274,53,6784
275,53,6784
276,53,6784
277,54,6912
278,54,6912
279,55,7040
280,53,6784
281,54,6912
282,54,6912
283,56,7168
284,55,7040
285,55,7040
286,53,6784
287,55,7040
288,54,6912
289,54,6912
290,53,6784
291,54,6912
292,54,6912
293,53,6784
294,53,6784
295,53,6784
296,53,6784
297,52,6656
298,51,6528
299,52,6656
300,52,6656
301,52,6656
302,52,6656
303,53,6784
304,53,6784
305,53,6784
306,54,6912
307,54,6912
308,53,6784
309,53,6784
310,53,6784
311,52,6656
312,52,6656
313,53,6784
314,54,6912
315,53,6784
316,52,6656
317,53,6784
318,52,6656
319,52,6656
320,53,6784
321,52,6656
322,52,6656
323,52,6656
324,53,6784
325,52,6656
326,53,6784
327,52,6656
328,53,6784
329,53,6784
330,52,6656
331,54,6912
332,52,6656
333,53,6784
334,52,6656
335,52,6656
336,52,6656
337,53,6784
338,53,6784
339,53,6784
340,52,6656
341,52,6656
342,52,6656
343,52,6656
344,54,6912
345,54,6912
346,53,6784
347,51,6528
348,50,6400
349,51,6528
350,50,6400
351,50,6400
352,51,6528
353,50,6400
354,51,6528
355,51,6528
356,50,6400
357,51,6528
358,50,6400
359,50,6400
360,50,6400
361,51,6528
362,53,6784
363,52,6656
364,50,6400
365,49,6272
366,51,6528
367,50,6400
368,49,6272
369,49,6272
370,50,6400
371,50,6400
372,50,6400
373,51,6528
374,48,6144
375,50,6400
376,50,6400
377,50,6400
378,49,6272
379,49,6272
380,49,6272
381,47,6016
382,47,6016
383,47,6016
384,49,6272
385,48,6144
386,48,6144
387,49,6272
388,50,6400
389,51,6528
390,48,6144
391,48,6144
392,49,6272
393,49,6272
394,49,6272
395,50,6400
396,50,6400
397,50,6400
398,50,6400
399,50,6400
400,51,6528
401,51,6528
402,51,6528
403,51,6528
404,50,6400
405,51,6528
406,51,6528
407,49,6272
408,48,6144
409,48,6144
410,48,6144
411,48,6144
412,48,6144
413,50,6400
414,49,6272
415,49,6272
416,49,6272
417,48,6144
418,49,6272
419,49,6272
420,49,6272
421,50,6400
422,50,6400
423,50,6400
424,50,6400
425,51,6528
426,51,6528
427,51,6528
428,51,6528
429,51,6528
430,50,6400
431,50,6400
432,51,6528
433,51,6528
434,52,6656
435,51,6528
436,50,6400
437,51,6528
438,51,6528
439,51,6528
440,50,6400
441,50,6400
442,50,6400
443,51,6528
444,51,6528
445,51,6528
446,52,6656
447,52,6656
448,52,6656
449,53,6784
450,52,6656
451,53,6784
452,52,6656
453,55,7040
454,54,6912
455,53,6784
456,54,6912
457,53,6784
458,53,6784
459,54,6912
460,54,6912
461,53,6784
462,52,6656
463,54,6912
464,54,6912
465,54,6912
466,55,7040
467,54,6912
468,54,6912
469,53,6784
470,53,6784
471,52,6656
472,52,6656
473,53,6784
474,53,6784
475,53,6784
476,53,6784
477,52,6656
478,52,6656
479,52,6656
480,53,6784
481,54,6912
482,54,6912
483,53,6784
484,55,7040
485,54,6912
486,54,6912
487,54,6912
488,53,6784
489,53,6784
490,53,6784
491,53,6784
492,53,6784
493,53,6784
494,52,6656
495,53,6784
496,52,6656
497,52,6656
498,53,6784
499,53,6784
500,52,6656
501,53,6784
502,53,6784
503,53,6784
504,52,6656
505,52,6656
506,52,6656
507,53,6784
508,52,6656
509,52,6656
510,53,6784
511,54,6912
512,54,6912
513,52,6656
514,53,6784
515,54,6912
516,52,6656
517,54,6912
518,53,6784
519,53,6784
520,51,6528
521,51,6528
522,53,6784
523,53,6784
524,54,6912
525,54,6912
526,54,6912
527,54,6912
528,53,6784
529,53,6784
530,53,6784
531,52,6656
532,53,6784
533,54,6912
534,54,6912
535,54,6912
536,53,6784
537,53,6784
538,54,6912
539,55,7040
540,54,6912
541,54,6912
542,53,6784
543,54,6912
544,53,6784
545,54,6912
546,55,7040
547,53,6784
548,55,7040
549,55,7040
550,54,6912
551,53,6784
552,53,6784
553,53,6784
554,53,6784
555,54,6912
556,54,6912
557,55,7040
558,55,7040
559,55,7040
560,56,7168
561,55,7040
562,54,6912
563,54,6912
564,54,6912
565,53,6784
566,54,6912
567,54,6912
568,54,6912
569,54,6912
570,54,6912
571,54,6912
572,54,6912
573,54,6912
574,54,6912
575,55,7040
576,54,6912
577,56,7168
578,56,7168
579,57,7296
580,56,7168
581,56,7168
582,56,7168
583,55,7040
584,56,7168
585,56,7168
586,56,7168
587,57,7296
588,59,7552
589,56,7168
590,56,7168
591,55,7040
592,55,7040
593,55,7040
594,55,7040
595,56,7168
596,54,6912
597,54,6912
598,54,6912
599,54,6912
600,54,6912
601,55,7040
602,56,7168
603,56,7168
604,56,7168
605,55,7040
606,58,7424
607,58,7424
608,58,7424
609,59,7552
610,60,7680
611,59,7552
612,59,7552
613,59,7552
614,59,7552
615,58,7424
616,58,7424
617,58,7424
618,56,7168
619,55,7040
620,55,7040
621,55,7040
622,55,7040
623,56,7168
624,57,7296
625,58,7424
626,57,7296
627,57,7296
628,56,7168
629,56,7168
630,56,7168
631,57,7296
632,56,7168
633,57,7296
634,57,7296
635,57,7296
636,58,7424
637,57,7296
638,57,7296
639,57,7296
640,56,7168
641,56,7168
642,55,7040
643,55,7040
644,54,6912
645,54,6912
646,55,7040
647,55,7040
648,55,7040
649,55,7040
650,55,7040
651,54,6912
652,55,7040
653,55,7040
654,56,7168
655,55,7040
656,55,7040
657,56,7168
658,56,7168
659,59,7552
660,57,7296
661,56,7168
662,55,7040
663,56,7168
664,55,7040
665,55,7040
666,55,7040
667,54,6912
668,53,6784
669,53,6784
670,52,6656
671,52,6656
672,52,6656
673,53,6784
674,52,6656
675,53,6784
676,53,6784
677,53,6784
678,54,6912
679,54,6912
680,54,6912
681,54,6912
682,54,6912
683,54,6912
684,54,6912
685,54,6912
686,54,6912
687,54,6912
688,54,6912
689,54,6912
690,54,6912
691,54,6912
692,54,6912
693,54,6912
694,52,6656
695,53,6784
696,53,6784
697,53,6784
698,55,7040
699,53,6784
700,55,7040
701,54,6912
702,54,6912
703,56,7168
704,56,7168
705,56,7168
706,56,7168
707,56,7168
708,56,7168
709,56,7168
710,56,7168
711,57,7296
712,59,7552
713,59,7552
714,59,7552
715,60,7680
716,60,7680
717,60,7680
718,60,7680
719,60,7680
720,61,7808
721,62,7936
722,56,7168
723,56,7168
724,58,7424
725,56,7168
726,57,7296
727,57,7296
728,57,7296
729,56,7168
730,57,7296
731,55,7040
732,55,7040
733,55,7040
734,54,6912
735,55,7040
736,55,7040
737,56,7168
738,55,7040
739,56,7168
740,57,7296
741,58,7424
742,58,7424
743,58,7424
744,57,7296
745,57,7296
746,57,7296
747,56,7168
748,56,7168
749,56,7168
750,56,7168
751,55,7040
752,56,7168
753,55,7040
754,55,7040
755,54,6912
756,55,7040
757,55,7040
758,55,7040
759,55,7040
760,54,6912
761,53,6784
762,53,6784
763,54,6912
764,53,6784
765,53,6784
766,52,6656
767,52,6656
768,52,6656
769,51,6528
770,50,6400
771,51,6528
772,51,6528
773,52,6656
774,50,6400
775,50,6400
776,52,6656
777,50,6400
778,51,6528
779,50,6400
780,50,6400
781,50,6400
782,51,6528
783,51,6528
784,51,6528
785,52,6656
786,52,6656
787,52,6656
788,52,6656
789,51,6528
790,51,6528
791,52,6656
792,52,6656
793,52,6656
794,51,6528
795,51,6528
796,51,6528
797,51,6528
798,52,6656
799,51,6528
800,51,6528
801,50,6400
802,51,6528
803,53,6784
804,53,6784
805,50,6400
806,50,6400
807,50,6400
808,52,6656
809,51,6528
810,51,6528
811,50,6400
812,51,6528
813,51,6528
814,51,6528
815,50,6400
816,50,6400
817,49,6272
818,50,6400
819,50,6400
820,50,6400
821,50,6400
822,50,6400
823,49,6272
824,48,6144
825,50,6400
826,49,6272
827,50,6400
828,52,6656
829,51,6528
830,52,6656
831,52,6656
832,53,6784
833,51,6528
834,51,6528
835,51,6528
836,51,6528
837,51,6528
838,48,6144
839,49,6272
840,49,6272
841,51,6528
842,50,6400
843,50,6400
844,50,6400
845,49,6272
846,50,6400
847,51,6528
848,50,6400
849,50,6400
850,51,6528
851,52,6656
852,51,6528
853,51,6528
854,51,6528
855,52,6656
856,52,6656
857,51,6528
858,51,6528
859,51,6528
860,51,6528
861,50,6400
862,51,6528
863,50,6400
864,51,6528
865,50,6400
866,51,6528
867,50,6400
868,49,6272
869,50,6400
870,51,6528
871,51,6528
872,50,6400
873,49,6272
874,49,6272
875,50,6400
876,50,6400
877,51,6528
878,48,6144
879,49,6272
880,49,6272
881,48,6144
882,49,6272
883,50,6400
884,51,6528
885,51,6528
886,50,6400
887,50,6400
888,49,6272
889,49,6272
890,50,6400
891,50,6400
892,49,6272
893,51,6528
894,50,6400
895,49,6272
896,49,6272
897,49,6272
898,50,6400
899,50,6400
900,49,6272
901,48,6144
902,49,6272
903,49,6272
904,50,6400
905,47,6016
906,48,6144
907,48,6144
908,48,6144
909,48,6144
910,48,6144
911,50,6400
912,50,6400
913,49,6272
914,50,6400
915,51,6528
916,51,6528
917,53,6784
918,51,6528
919,52,6656
920,55,7040
921,55,7040
922,55,7040
923,55,7040
924,55,7040
925,55,7040
926,54,6912
927,54,6912
928,54,6912
929,54,6912
930,54,6912
931,54,6912
932,53,6784
933,53,6784
934,53,6784
935,54,6912
936,55,7040
937,56,7168
938,55,7040
939,57,7296
940,57,7296
941,55,7040
942,55,7040
943,58,7424
944,55,7040
945,54,6912
946,52,6656
947,52,6656
948,51,6528
949,51,6528
950,52,6656
951,52,6656
952,52,6656
953,53,6784
954,50,6400
955,49,6272
956,50,6400
957,50,6400
958,50,6400
959,50,6400
960,52,6656
961,50,6400
962,50,6400
963,49,6272
964,50,6400
965,52,6656
966,52,6656
967,51,6528
968,53,6784
969,52,6656
970,53,6784
971,52,6656
972,52,6656
973,51,6528
974,52,6656
975,54,6912
976,55,7040
977,55,7040
978,54,6912
979,54,6912
980,53,6784
981,53,6784
982,53,6784
983,54,6912
984,55,7040
985,55,7040
986,55,7040
987,54,6912
988,55,7040
989,56,7168
990,56,7168
991,55,7040
992,55,7040
993,56,7168
994,54,6912
995,55,7040
996,55,7040
997,56,7168
998,56,7168
999,56,7168
1000,54,6912
1001,54,6912
1002,55,7040
1003,54,6912
1004,55,7040
1005,54,6912
1006,55,7040
1007,54,6912
1008,53,6784
1009,54,6912
1010,53,6784
1011,54,6912
1012,53,6784
1013,53,6784
1014,53,6784
1015,54,6912
1016,54,6912
1017,54,6912
1018,55,7040
1019,55,7040
1020,56,7168
1021,56,7168
1022,56,7168
1023,55,7040
1024,55,7040
1025,55,7040
1026,54,6912
1027,54,6912
1028,54,6912
1029,54,6912
1030,55,7040
1031,55,7040
1032,55,7040
1033,54,6912
1034,54,6912
1035,54,6912
1036,55,7040
1037,56,7168
1038,56,7168
1039,54,6912
1040,54,6912
1041,55,7040
1042,55,7040
1043,55,7040
1044,55,7040
1045,55,7040
1046,55,7040
1047,55,7040
1048,54,6912
1049,52,6656
1050,54,6912
1051,52,6656
1052,52,6656
1053,51,6528
1054,51,6528
1055,52,6656
1056,54,6912
1057,52,6656
1058,53,6784
1059,52,6656
1060,53,6784
1061,53,6784
1062,53,6784
1063,53,6784
1064,53,6784
1065,53,6784
1066,53,6784
1067,52,6656
1068,53,6784
1069,52,6656
1070,53,6784
1071,52,6656
1072,53,6784
1073,53,6784
1074,52,6656
1075,55,7040
1076,55,7040
1077,54,6912
1078,55,7040
1079,55,7040
1080,54,6912
1081,53,6784
1082,53,6784
1083,54,6912
1084,53,6784
1085,54,6912
1086,53,6784
1087,55,7040
1088,55,7040
1089,55,7040
1090,54,6912
1091,54,6912
1092,54,6912
1093,54,6912
1094,53,6784
1095,54,6912
1096,54,6912
1097,55,7040
1098,56,7168
1099,55,7040
1100,55,7040
1101,55,7040
1102,54,6912
1103,54,6912
1104,55,7040
1105,55,7040
1106,54,6912
1107,55,7040
1108,54,6912
1109,55,7040
1110,54,6912
1111,54,6912
1112,53,6784
1113,54,6912
1114,54,6912
1115,53,6784
1116,52,6656
1117,51,6528
1118,53,6784
1119,51,6528
1120,51,6528
1121,51,6528
1122,52,6656
1123,52,6656
1124,52,6656
1125,54,6912
1126,54,6912
1127,53,6784
1128,52,6656
1129,52,6656
1130,53,6784
1131,53,6784
1132,53,6784
1133,53,6784
1134,53,6784
1135,52,6656
1136,51,6528
1137,51,6528
1138,51,6528
1139,50,6400
1140,50,6400
1141,51,6528
1142,51,6528
1143,50,6400
1144,50,6400
1145,52,6656
1146,51,6528
1147,52,6656
1148,51,6528
1149,53,6784
1150,52,6656
1151,51,6528
1152,52,6656
1153,52,6656
1154,52,6656
1155,51,6528
1156,52,6656
1157,53,6784
1158,53,6784
1159,53,6784
1160,53,6784
1161,53,6784
1162,53,6784
1163,53,6784
1164,51,6528
1165,52,6656
1166,52,6656
1167,52,6656
1168,52,6656
1169,52,6656
1170,52,6656
1171,51,6528
1172,52,6656
1173,52,6656
1174,55,7040
1175,52,6656
1176,52,6656
1177,50,6400
1178,49,6272
1179,49,6272
1180,49,6272
1181,50,6400
1182,50,6400
1183,50,6400
1184,51,6528
1185,52,6656
1186,52,6656
1187,50,6400
1188,50,6400
1189,50,6400
1190,51,6528
1191,52,6656
1192,52,6656
1193,51,6528
1194,51,6528
1195,51,6528
1196,51,6528
1197,52,6656
1198,52,6656
1199,51,6528
1200,51,6528
1201,52,6656
1202,51,6528
1203,52,6656
1204,51,6528
1205,52,6656
1206,52,6656
1207,50,6400
1208,51,6528
1209,52,6656
1210,51,6528
1211,51,6528
1212,49,6272
1213,49,6272
1214,50,6400
1215,49,6272
1216,51,6528
1217,50,6400
1218,49,6272
1219,50,6400
1220,50,6400
1221,50,6400
1222,51,6528
1223,52,6656
1224,50,6400
1225,51,6528
1226,51,6528
1227,53,6784
1228,50,6400
1229,50,6400
1230,51,6528
1231,51,6528
1232,51,6528
1233,49,6272
1234,50,6400
1235,51,6528
1236,51,6528
1237,51,6528
1238,51,6528
1239,51,6528
1240,51,6528
1241,53,6784
1242,53,6784
1243,53,6784
1244,53,6784
1245,52,6656
1246,52,6656
1247,51,6528
1248,51,6528
1249,51,6528
1250,51,6528
1251,51,6528
1252,51,6528
1253,50,6400
1254,52,6656
1255,51,6528
1256,51,6528
1257,51,6528
1258,52,6656
1259,52,6656
1260,52,6656
1261,52,6656
1262,52,6656
1263,51,6528
1264,50,6400
1265,51,6528
1266,51,6528
1267,50,6400
1268,51,6528
1269,50,6400
1270,52,6656
1271,52,6656
1272,53,6784
1273,54,6912
1274,54,6912
1275,52,6656
1276,52,6656
1277,52,6656
1278,52,6656
1279,51,6528
1280,52,6656
1281,53,6784
1282,53,6784
1283,50,6400
1284,52,6656
1285,51,6528
1286,49,6272
1287,50,6400
1288,51,6528
1289,50,6400
1290,50,6400
1291,51,6528
1292,50,6400
1293,50,6400
1294,51,6528
1295,50,6400
1296,50,6400
1297,52,6656
1298,50,6400
1299,50,6400
1300,52,6656
1301,52,6656
1302,50,6400
1303,48,6144
1304,49,6272
1305,49,6272
1306,50,6400
1307,51,6528
1308,50,6400
1309,51,6528
1310,51,6528
1311,52,6656
1312,51,6528
1313,51,6528
1314,52,6656
1315,53,6784
1316,53,6784
1317,53,6784
1318,53,6784
1319,52,6656
1320,54,6912
1321,54,6912
1322,54,6912
1323,53,6784
1324,53,6784
1325,54,6912
1326,54,6912
1327,52,6656
1328,53,6784
1329,50,6400
1330,52,6656
1331,53,6784
1332,53,6784
1333,56,7168
1334,56,7168
1335,55,7040
1336,55,7040
1337,56,7168
1338,54,6912
1339,55,7040
1340,55,7040
1341,54,6912
1342,54,6912
1343,54,6912
1344,53,6784
1345,53,6784
1346,53,6784
1347,53,6784
1348,53,6784
1349,54,6912
1350,54,6912
1351,54,6912
1352,54,6912
1353,54,6912
1354,54,6912
1355,54,6912
1356,54,6912
1357,55,7040
1358,53,6784
1359,55,7040
1360,55,7040
1361,54,6912
1362,55,7040
1363,54,6912
1364,54,6912
1365,54,6912
1366,54,6912
1367,55,7040
1368,55,7040
1369,55,7040
1370,54,6912
1371,54,6912
1372,53,6784
1373,54,6912
1374,53,6784
1375,52,6656
1376,53,6784
1377,53,6784
1378,53,6784
1379,51,6528
1380,52,6656
1381,53,6784
1382,52,6656
1383,51,6528
1384,52,6656
1385,51,6528
1386,52,6656
1387,54,6912
1388,52,6656
1389,52,6656
1390,53,6784
1391,52,6656
1392,53,6784
1393,51,6528
1394,51,6528
1395,51,6528
1396,51,6528
1397,51,6528
1398,52,6656
1399,52,6656
1400,51,6528
1401,51,6528
1402,50,6400
1403,51,6528
1404,51,6528
1405,51,6528
1406,51,6528
1407,51,6528
1408,50,6400
1409,52,6656
1410,50,6400
1411,50,6400
1412,50,6400
1413,49,6272
1414,49,6272
1415,49,6272
1416,49,6272
1417,51,6528
1418,51,6528
1419,51,6528
1420,50,6400
1421,51,6528
1422,51,6528
1423,50,6400
1424,52,6656
1425,52,6656
1426,52,6656
1427,53,6784
1428,54,6912
1429,54,6912
1430,51,6528
1431,50,6400
1432,51,6528
1433,51,6528
1434,51,6528
1435,50,6400
1436,49,6272
1437,49,6272
1438,49,6272
1439,50,6400
1440,51,6528
1441,51,6528
1442,51,6528
1443,51,6528
1444,51,6528
1445,50,6400
1446,49,6272
1447,48,6144
1448,49,6272
1449,50,6400
1450,51,6528
1451,50,6400
1452,50,6400
1453,50,6400
1454,51,6528
1455,50,6400
1456,49,6272
1457,52,6656
1458,52,6656
1459,52,6656
1460,50,6400
1461,49,6272
1462,49,6272
1463,49,6272
1464,51,6528
1465,50,6400
1466,49,6272
1467,48,6144
1468,48,6144
1469,50,6400
1470,48,6144
1471,48,6144
1472,48,6144
1473,51,6528
1474,50,6400
1475,51,6528
1476,51,6528
1477,50,6400
1478,50,6400
1479,51,6528
1480,49,6272
1481,50,6400
1482,49,6272
1483,49,6272
1484,49,6272
1485,50,6400
1486,49,6272
1487,49,6272
1488,50,6400
1489,51,6528
1490,51,6528
1491,51,6528
1492,50,6400
1493,50,6400
1494,50,6400
1495,50,6400
1496,51,6528
1497,51,6528
1498,51,6528
1499,51,6528
1500,50,6400
1501,49,6272
1502,50,6400
1503,49,6272
1504,50,6400
1505,50,6400
1506,50,6400
1507,50,6400
1508,48,6144
1509,48,6144
1510,49,6272
1511,49,6272
1512,50,6400
1513,49,6272
1514,49,6272
1515,50,6400
1516,49,6272
1517,49,6272
1518,49,6272
1519,49,6272
1520,50,6400
1521,50,6400
1522,50,6400
1523,50,6400
1524,51,6528
1525,49,6272
1526,51,6528
1527,51,6528
1528,51,6528
1529,52,6656
1530,51,6528
1531,51,6528
1532,50,6400
1533,51,6528
1534,50,6400
1535,51,6528
1536,51,6528
1537,51,6528
1538,51,6528
1539,52,6656
1540,52,6656
1541,51,6528
1542,50,6400
1543,50,6400
1544,49,6272
1545,50,6400
1546,50,6400
1547,51,6528
1548,49,6272
1549,49,6272
1550,49,6272
1551,50,6400
1552,50,6400
1553,50,6400
1554,49,6272
1555,49,6272
1556,48,6144
1557,48,6144
1558,49,6272
1559,50,6400
1560,50,6400
1561,50,6400
1562,50,6400
1563,50,6400
1564,50,6400
1565,50,6400
1566,50,6400
1567,52,6656
1568,50,6400
1569,50,6400
1570,50,6400
1571,49,6272
1572,48,6144
1573,48,6144
1574,48,6144
1575,47,6016
1576,48,6144
1577,47,6016
1578,48,6144
1579,48,6144
1580,49,6272
1581,48,6144
1582,49,6272
1583,50,6400
1584,48,6144
1585,47,6016
1586,47,6016
1587,48,6144
1588,48,6144
1589,48,6144
1590,48,6144
1591,49,6272
1592,48,6144
1593,48,6144
1594,48,6144
1595,48,6144
1596,49,6272
1597,47,6016
1598,47,6016
1599,47,6016
1600,48,6144
1601,48,6144
1602,48,6144
1603,48,6144
1604,49,6272
1605,48,6144
1606,48,6144
1607,49,6272
1608,50,6400
1609,50,6400
1610,50,6400
1611,49,6272
1612,50,6400
1613,49,6272
1614,49,6272
1615,49,6272
1616,49,6272
1617,49,6272
1618,50,6400
1619,50,6400
1620,50,6400
1621,50,6400
1622,50,6400
1623,50,6400
1624,50,6400
1625,51,6528
1626,52,6656
1627,52,6656
1628,54,6912
1629,50,6400
1630,51,6528
1631,50,6400
1632,50,6400
1633,50,6400
1634,50,6400
1635,52,6656
1636,50,6400
1637,51,6528
1638,50,6400
1639,52,6656
1640,50,6400
1641,50,6400
1642,49,6272
1643,49,6272
1644,51,6528
1645,50,6400
1646,49,6272
1647,50,6400
1648,50,6400
1649,50,6400
1650,50,6400
1651,51,6528
1652,51,6528
1653,52,6656
1654,52,6656
1655,50,6400
1656,50,6400
1657,50,6400
1658,50,6400
1659,51,6528
1660,50,6400
1661,51,6528
1662,50,6400
1663,51,6528
1664,49,6272
1665,50,6400
1666,50,6400
1667,50,6400
1668,50,6400
1669,49,6272
1670,49,6272
1671,49,6272
1672,50,6400
1673,50,6400
1674,50,6400
1675,52,6656
1676,50,6400
1677,52,6656
1678,53,6784
1679,51,6528
1680,51,6528
1681,51,6528
1682,52,6656
1683,51,6528
1684,53,6784
1685,52,6656
1686,52,6656
1687,52,6656
1688,52,6656
1689,52,6656
1690,52,6656
1691,52,6656
1692,54,6912
1693,53,6784
1694,55,7040
1695,53,6784
1696,54,6912
1697,53,6784
1698,54,6912
1699,55,7040
1700,55,7040
1701,54,6912
1702,54,6912
1703,55,7040
1704,52,6656
1705,53,6784
1706,53,6784
1707,53,6784
1708,55,7040
1709,56,7168
1710,54,6912
1711,54,6912
1712,53,6784
1713,53,6784
1714,53,6784
1715,53,6784
1716,52,6656
1717,53,6784
1718,53,6784
1719,52,6656
1720,53,6784
1721,54,6912
1722,54,6912
1723,56,7168
1724,53,6784
1725,53,6784
1726,55,7040
1727,53,6784
1728,55,7040
1729,55,7040
1730,55,7040
1731,55,7040
1732,55,7040
1733,54,6912
1734,54,6912
1735,54,6912
1736,53,6784
1737,53,6784
1738,54,6912
1739,54,6912
1740,55,7040
1741,53,6784
1742,54,6912
1743,53,6784
1744,52,6656
1745,53,6784
1746,53,6784
1747,54,6912
1748,51,6528
1749,52,6656
1750,51,6528
1751,53,6784
1752,52,6656
1753,52,6656
1754,51,6528
1755,52,6656
1756,53,6784
1757,55,7040
1758,51,6528
1759,51,6528
1760,51,6528
1761,51,6528
1762,52,6656
1763,52,6656
1764,52,6656
1765,52,6656
1766,52,6656
1767,51,6528
1768,54,6912
1769,54,6912
1770,54,6912
1771,55,7040
1772,56,7168
1773,56,7168
1774,56,7168
1775,54,6912
1776,55,7040
1777,54,6912
1778,54,6912
1779,54,6912
1780,54,6912
1781,54,6912
1782,54,6912
1783,54,6912
1784,55,7040
1785,56,7168
1786,56,7168
1787,57,7296
1788,57,7296
1789,56,7168
1790,54,6912
1791,54,6912
1792,54,6912
1793,54,6912
1794,53,6784
1795,53,6784
1796,53,6784
1797,53,6784
1798,54,6912
1799,54,6912
1800,53,6784
1801,53,6784
1802,52,6656
1803,53,6784
1804,54,6912
1805,53,6784
1806,55,7040
1807,54,6912
1808,52,6656
1809,53,6784
1810,54,6912
1811,53,6784
1812,53,6784
1813,53,6784
1814,52,6656
1815,52,6656
1816,53,6784
1817,53,6784
1818,53,6784
1819,52,6656
1820,54,6912
1821,51,6528
1822,51,6528
1823,53,6784
1824,52,6656
1825,51,6528
1826,54,6912
1827,52,6656
1828,52,6656
1829,53,6784
1830,53,6784
1831,53,6784
1832,52,6656
1833,51,6528
1834,51,6528
1835,51,6528
1836,52,6656
1837,51,6528
1838,52,6656
1839,52,6656
1840,53,6784
1841,53,6784
1842,53,6784
1843,51,6528
1844,51,6528
1845,49,6272
1846,49,6272
1847,50,6400
1848,50,6400
1849,52,6656
1850,50,6400
1851,50,6400
1852,49,6272
1853,50,6400
1854,49,6272
1855,49,6272
1856,49,6272
1857,48,6144
1858,50,6400
1859,49,6272
1860,50,6400
1861,47,6016
1862,48,6144
1863,51,6528
1864,51,6528
1865,48,6144
1866,47,6016
1867,46,5888
1868,47,6016
1869,47,6016
1870,48,6144
1871,50,6400
1872,49,6272
1873,49,6272
1874,48,6144
1875,48,6144
1876,48,6144
1877,48,6144
1878,49,6272
1879,50,6400
1880,49,6272
1881,49,6272
1882,49,6272
1883,49,6272
1884,46,5888
1885,47,6016
1886,47,6016
1887,47,6016
1888,47,6016
1889,46,5888
1890,47,6016
1891,47,6016
1892,46,5888
1893,47,6016
1894,47,6016
1895,48,6144
1896,50,6400
1897,50,6400
1898,49,6272
1899,49,6272
1900,48,6144
1901,49,6272
1902,49,6272
1903,49,6272
1904,48,6144
1905,47,6016
1906,49,6272
1907,48,6144
1908,48,6144
1909,46,5888
1910,46,5888
1911,46,5888
1912,47,6016
1913,46,5888
1914,48,6144
1915,47,6016
1916,46,5888
1917,47,6016
1918,46,5888
1919,47,6016
1920,45,5760
1921,46,5888
1922,44,5632
1923,45,5760
1924,45,5760
1925,45,5760
1926,45,5760
1927,46,5888
1928,46,5888
1929,48,6144
1930,48,6144
1931,47,6016
1932,45,5760
1933,47,6016
1934,47,6016
1935,46,5888
1936,47,6016
1937,46,5888
1938,48,6144
1939,49,6272
1940,48,6144
1941,47,6016
1942,46,5888
1943,46,5888
1944,47,6016
1945,47,6016
1946,48,6144
1947,47,6016
1948,47,6016
1949,47,6016
1950,46,5888
1951,48,6144
1952,47,6016
1953,46,5888
1954,46,5888
1955,47,6016
1956,48,6144
1957,48,6144
1958,47,6016
1959,48,6144
1960,48,6144
1961,46,5888
1962,46,5888
1963,49,6272
1964,50,6400
1965,47,6016
1966,48,6144
1967,47,6016
1968,48,6144
1969,46,5888
1970,47,6016
1971,50,6400
1972,46,5888
1973,47,6016
1974,47,6016
1975,49,6272
1976,48,6144
1977,49,6272
1978,48,6144
1979,49,6272
1980,48,6144
1981,47,6016
1982,46,5888
1983,47,6016
1984,47,6016
1985,48,6144
1986,47,6016
1987,49,6272
1988,49,6272
1989,51,6528
1990,50,6400
1991,52,6656
1992,52,6656
1993,51,6528
1994,53,6784
1995,51,6528
1996,51,6528
1997,50,6400
1998,49,6272
1999,50,6400
2000,49,6272
