RandomSeed,4066,Population size:128,Bit Length:64,Crossover Rate:0.7,Mutation Rate:0.005
gen,BestFitness,FitnessEval
1,43,5504
2,42,5376
3,41,5248
4,41,5248
5,40,5120
6,40,5120
7,41,5248
8,42,5376
9,42,5376
10,42,5376
11,43,5504
12,42,5376
13,43,5504
14,42,5376
15,41,5248
16,45,5760
17,43,5504
18,43,5504
19,44,5632
20,44,5632
21,45,5760
22,45,5760
23,46,5888
24,46,5888
25,46,5888
26,47,6016
27,46,5888
28,46,5888
29,46,5888
30,47,6016
31,46,5888
32,45,5760
33,45,5760
34,47,6016
35,45,5760
36,43,5504
37,45,5760
38,46,5888
39,47,6016
40,47,6016
41,47,6016
42,47,6016
43,46,5888
44,46,5888
45,45,5760
46,46,5888
47,47,6016
48,46,5888
49,45,5760
50,43,5504
51,44,5632
52,45,5760
53,45,5760
54,45,5760
55,46,5888
56,44,5632
57,43,5504
58,43,5504
59,44,5632
60,44,5632
61,44,5632
62,44,5632
63,45,5760
64,45,5760
65,44,5632
66,45,5760
67,45,5760
68,46,5888
69,46,5888
70,46,5888
71,47,6016
72,45,5760
73,46,5888
74,45,5760
75,47,6016
76,47,6016
77,47,6016
78,45,5760
79,47,6016
80,46,5888
81,47,6016
82,47,6016
83,49,6272
84,47,6016
85,47,6016
86,47,6016
87,47,6016
88,48,6144
89,47,6016
90,47,6016
91,48,6144
92,46,5888
93,47,6016
94,47,6016
95,47,6016
96,48,6144
97,48,6144
98,47,6016
99,46,5888
100,46,5888
101,46,5888
102,47,6016
103,48,6144
104,48,6144
105,50,6400
106,48,6144
107,48,6144
108,48,6144
109,49,6272
110,47,6016
111,48,6144
112,47,6016
113,48,6144
114,48,6144
115,48,6144
116,48,6144
117,49,6272
118,47,6016
119,49,6272
120,49,6272
121,49,6272
122,47,6016
123,48,6144
124,47,6016
125,48,6144
126,48,6144
127,47,6016
128,48,6144
129,48,6144
130,49,6272
131,48,6144
132,48,6144
133,48,6144
134,48,6144
135,48,6144
136,47,6016
137,49,6272
138,49,6272
139,49,6272
140,47,6016
141,48,6144
142,49,6272
143,50,6400
144,48,6144
145,49,6272
146,49,6272
147,50,6400
148,49,6272
149,49,6272
150,49,6272
151,49,6272
152,49,6272
153,48,6144
154,49,6272
155,47,6016
156,47,6016
157,47,6016
158,47,6016
159,47,6016
160,47,6016
161,47,6016
162,47,6016
163,49,6272
164,48,6144
165,49,6272
166,48,6144
167,49,6272
168,50,6400
169,48,6144
170,49,6272
171,50,6400
172,50,6400
173,50,6400
174,51,6528
175,49,6272
176,50,6400
177,49,6272
178,48,6144
179,49,6272
180,48,6144
181,49,6272
182,50,6400
183,49,6272
184,48,6144
185,49,6272
186,48,6144
187,50,6400
188,49,6272
189,48,6144
190,50,6400
191,50,6400
192,51,6528
193,52,6656
194,52,6656
195,49,6272
196,50,6400
197,50,6400
198,51,6528
199,50,6400
200,50,6400
201,50,6400
202,51,6528
203,50,6400
204,52,6656
205,52,6656
206,51,6528
207,51,6528
208,51,6528
209,50,6400
210,49,6272
211,50,6400
212,51,6528
213,51,6528
214,49,6272
215,50,6400
216,50,6400
217,51,6528
218,51,6528
219,50,6400
220,50,6400
221,50,6400
222,50,6400
223,50,6400
224,50,6400
225,51,6528
226,49,6272
227,51,6528
228,51,6528
229,50,6400
230,49,6272
231,50,6400
232,50,6400
233,50,6400
234,53,6784
235,50,6400
236,52,6656
237,52,6656
238,52,6656
239,52,6656
240,52,6656
241,52,6656
242,51,6528
243,51,6528
244,49,6272
245,50,6400
246,49,6272
247,53,6784
248,53,6784
249,53,6784
250,50,6400
251,50,6400
252,49,6272
253,49,6272
254,50,6400
255,49,6272
256,50,6400
257,50,6400
258,50,6400
259,50,6400
260,50,6400
261,51,6528
262,51,6528
263,50,6400
264,50,6400
265,50,6400
266,51,6528
267,50,6400
268,50,6400
269,50,6400
270,50,6400
271,49,6272
272,50,6400
273,52,6656
274,53,6784
275,53,6784
276,53,6784
277,52,6656
278,51,6528
279,51,6528
280,51,6528
281,52,6656
282,50,6400
283,54,6912
284,54,6912
285,51,6528
286,51,6528
287,51,6528
288,51,6528
289,52,6656
290,50,6400
291,50,6400
292,51,6528
293,51,6528
294,49,6272
295,50,6400
296,50,6400
297,51,6528
298,52,6656
299,51,6528
300,50,6400
301,49,6272
302,49,6272
303,50,6400
304,51,6528
305,51,6528
306,51,6528
307,52,6656
308,52,6656
309,52,6656
310,52,6656
311,53,6784
312,52,6656
313,51,6528
314,52,6656
315,51,6528
316,50,6400
317,50,6400
318,51,6528
319,51,6528
320,51,6528
321,52,6656
322,53,6784
323,54,6912
324,51,6528
325,50,6400
326,53,6784
327,51,6528
328,52,6656
329,52,6656
330,52,6656
331,51,6528
332,52,6656
333,53,6784
334,53,6784
335,52,6656
336,54,6912
337,54,6912
338,54,6912
339,53,6784
340,54,6912
341,53,6784
342,54,6912
343,54,6912
344,53,6784
345,53,6784
346,52,6656
347,53,6784
348,51,6528
349,52,6656
350,51,6528
351,52,6656
352,52,6656
353,51,6528
354,51,6528
355,53,6784
356,51,6528
357,52,6656
358,54,6912
359,54,6912
360,53,6784
361,53,6784
362,52,6656
363,51,6528
364,53,6784
365,53,6784
366,51,6528
367,52,6656
368,53,6784
369,52,6656
370,53,6784
371,51,6528
372,51,6528
373,51,6528
374,53,6784
375,51,6528
376,52,6656
377,53,6784
378,52,6656
379,52,6656
380,52,6656
381,52,6656
382,53,6784
383,54,6912
384,54,6912
385,51,6528
386,52,6656
387,52,6656
388,51,6528
389,55,7040
390,52,6656
391,51,6528
392,50,6400
393,54,6912
394,51,6528
395,52,6656
396,51,6528
397,51,6528
398,53,6784
399,51,6528
400,51,6528
401,52,6656
402,53,6784
403,52,6656
404,52,6656
405,50,6400
406,51,6528
407,50,6400
408,50,6400
409,50,6400
410,50,6400
411,50,6400
412,50,6400
413,51,6528
414,51,6528
415,52,6656
416,50,6400
417,50,6400
418,50,6400
419,50,6400
420,50,6400
421,52,6656
422,51,6528
423,50,6400
424,51,6528
425,51,6528
426,51,6528
427,50,6400
428,52,6656
429,52,6656
430,51,6528
431,52,6656
432,52,6656
433,52,6656
434,51,6528
435,50,6400
436,51,6528
437,52,6656
438,52,6656
439,52,6656
440,52,6656
441,51,6528
442,51,6528
443,52,6656
444,52,6656
445,51,6528
446,51,6528
447,50,6400
448,51,6528
449,50,6400
450,50,6400
451,52,6656
452,52,6656
453,52,6656
454,53,6784
455,53,6784
456,54,6912
457,54,6912
458,54,6912
459,54,6912
460,53,6784
461,53,6784
462,53,6784
463,53,6784
464,51,6528
465,53,6784
466,51,6528
467,52,6656
468,53,6784
469,52,6656
470,52,6656
471,52,6656
472,52,6656
473,53,6784
474,53,6784
475,54,6912
476,55,7040
477,53,6784
478,53,6784
479,53,6784
480,53,6784
481,53,6784
482,53,6784
483,54,6912
484,54,6912
485,54,6912
486,54,6912
487,54,6912
488,54,6912
489,54,6912
490,55,7040
491,54,6912
492,55,7040
493,55,7040
494,55,7040
495,55,7040
496,55,7040
497,55,7040
498,56,7168
499,54,6912
500,55,7040
501,55,7040
502,55,7040
503,55,7040
504,54,6912
505,55,7040
506,55,7040
507,54,6912
508,53,6784
509,53,6784
510,54,6912
511,53,6784
512,53,6784
513,53,6784
514,53,6784
515,53,6784
516,52,6656
517,54,6912
518,54,6912
519,53,6784
520,52,6656
521,52,6656
522,52,6656
523,52,6656
524,52,6656
525,53,6784
526,52,6656
527,52,6656
528,53,6784
529,52,6656
530,52,6656
531,52,6656
532,53,6784
533,51,6528
534,53,6784
535,53,6784
536,51,6528
537,51,6528
538,51,6528
539,52,6656
540,52,6656
541,52,6656
542,53,6784
543,53,6784
544,53,6784
545,53,6784
546,53,6784
547,52,6656
548,51,6528
549,50,6400
550,50,6400
551,52,6656
552,52,6656
553,51,6528
554,51,6528
555,51,6528
556,51,6528
557,52,6656
558,51,6528
559,52,6656
560,52,6656
561,53,6784
562,52,6656
563,52,6656
564,53,6784
565,54,6912
566,53,6784
567,52,6656
568,53,6784
569,52,6656
570,51,6528
571,51,6528
572,54,6912
573,55,7040
574,52,6656
575,51,6528
576,52,6656
577,51,6528
578,53,6784
579,53,6784
580,53,6784
581,52,6656
582,51,6528
583,51,6528
584,52,6656
585,52,6656
586,52,6656
587,52,6656
588,53,6784
589,52,6656
590,52,6656
591,53,6784
592,52,6656
593,52,6656
594,50,6400
595,51,6528
596,51,6528
597,53,6784
598,51,6528
599,50,6400
600,50,6400
601,52,6656
602,53,6784
603,54,6912
604,54,6912
605,54,6912
606,54,6912
607,54,6912
608,53,6784
609,53,6784
610,53,6784
611,53,6784
612,52,6656
613,53,6784
614,54,6912
615,55,7040
616,52,6656
617,52,6656
618,53,6784
619,50,6400
620,51,6528
621,52,6656
622,52,6656
623,50,6400
624,51,6528
625,50,6400
626,51,6528
627,51,6528
628,51,6528
629,50,6400
630,50,6400
631,50,6400
632,50,6400
633,52,6656
634,53,6784
635,54,6912
636,52,6656
637,51,6528
638,50,6400
639,50,6400
640,50,6400
641,51,6528
642,50,6400
643,52,6656
644,50,6400
645,50,6400
646,50,6400
647,50,6400
648,50,6400
649,51,6528
650,50,6400
651,50,6400
652,51,6528
653,50,6400
654,50,6400
655,50,6400
656,50,6400
657,51,6528
658,51,6528
659,52,6656
660,52,6656
661,52,6656
662,51,6528
663,51,6528
664,50,6400
665,52,6656
666,50,6400
667,52,6656
668,51,6528
669,51,6528
670,51,6528
671,52,6656
672,51,6528
673,52,6656
674,53,6784
675,52,6656
676,51,6528
677,52,6656
678,51,6528
679,51,6528
680,51,6528
681,50,6400
682,53,6784
683,51,6528
684,52,6656
685,52,6656
686,53,6784
687,53,6784
688,52,6656
689,53,6784
690,52,6656
691,52,6656
692,53,6784
693,53,6784
694,54,6912
695,52,6656
696,53,6784
697,54,6912
698,54,6912
699,54,6912
700,54,6912
701,54,6912
702,54,6912
703,54,6912
704,53,6784
705,53,6784
706,54,6912
707,54,6912
708,53,6784
709,55,7040
710,53,6784
711,51,6528
712,51,6528
713,53,6784
714,53,6784
715,53,6784
716,56,7168
717,57,7296
718,57,7296
719,57,7296
720,57,7296
721,54,6912
722,55,7040
723,55,7040
724,54,6912
725,57,7296
726,55,7040
727,56,7168
728,57,7296
729,57,7296
730,57,7296
731,57,7296
732,55,7040
733,55,7040
734,54,6912
735,53,6784
736,53,6784
737,53,6784
738,53,6784
739,54,6912
740,54,6912
741,54,6912
742,54,6912
743,55,7040
744,54,6912
745,53,6784
746,52,6656
747,52,6656
748,53,6784
749,53,6784
750,51,6528
751,53,6784
752,52,6656
753,52,6656
754,50,6400
755,51,6528
756,50,6400
757,51,6528
758,50,6400
759,51,6528
760,52,6656
761,49,6272
762,49,6272
763,52,6656
764,53,6784
765,52,6656
766,49,6272
767,49,6272
768,50,6400
769,49,6272
770,49,6272
771,49,6272
772,50,6400
773,51,6528
774,51,6528
775,50,6400
776,50,6400
777,50,6400
778,50,6400
779,51,6528
780,50,6400
781,49,6272
782,48,6144
783,50,6400
784,50,6400
785,49,6272
786,51,6528
787,51,6528
788,50,6400
789,49,6272
790,50,6400
791,51,6528
792,51,6528
793,51,6528
794,51,6528
795,49,6272
796,50,6400
797,49,6272
798,49,6272
799,50,6400
800,50,6400
801,50,6400
802,50,6400
803,51,6528
804,50,6400
805,51,6528
806,49,6272
807,47,6016
808,47,6016
809,47,6016
810,49,6272
811,50,6400
812,48,6144
813,48,6144
814,47,6016
815,46,5888
816,46,5888
817,51,6528
818,50,6400
819,49,6272
820,51,6528
821,51,6528
822,52,6656
823,49,6272
824,50,6400
825,51,6528
826,49,6272
827,50,6400
828,50,6400
829,50,6400
830,51,6528
831,52,6656
832,49,6272
833,50,6400
834,50,6400
835,51,6528
836,50,6400
837,50,6400
838,49,6272
839,50,6400
840,50,6400
841,51,6528
842,50,6400
843,50,6400
844,52,6656
845,52,6656
846,48,6144
847,48,6144
848,49,6272
849,50,6400
850,50,6400
851,51,6528
852,50,6400
853,50,6400
854,49,6272
855,49,6272
856,49,6272
857,49,6272
858,49,6272
859,48,6144
860,48,6144
861,47,6016
862,48,6144
863,48,6144
864,47,6016
865,47,6016
866,48,6144
867,50,6400
868,50,6400
869,50,6400
870,50,6400
871,50,6400
872,48,6144
873,48,6144
874,48,6144
875,48,6144
876,49,6272
877,49,6272
878,49,6272
879,50,6400
880,51,6528
881,52,6656
882,50,6400
883,50,6400
884,51,6528
885,51,6528
886,52,6656
887,53,6784
888,53,6784
889,54,6912
890,53,6784
891,52,6656
892,52,6656
893,52,6656
894,54,6912
895,54,6912
896,54,6912
897,54,6912
898,55,7040
899,54,6912
900,53,6784
901,54,6912
902,52,6656
903,52,6656
904,52,6656
905,51,6528
906,52,6656
907,53,6784
908,52,6656
909,53,6784
910,53,6784
911,54,6912
912,54,6912
913,55,7040
914,56,7168
915,54,6912
916,54,6912
917,53,6784
918,54,6912
919,54,6912
920,53,6784
921,53,6784
922,54,6912
923,54,6912
924,53,6784
925,52,6656
926,53,6784
927,53,6784
928,53,6784
929,53,6784
930,53,6784
931,53,6784
932,53,6784
933,55,7040
934,55,7040
935,55,7040
936,55,7040
937,55,7040
938,54,6912
939,56,7168
940,55,7040
941,54,6912
942,54,6912
943,55,7040
944,54,6912
945,54,6912
946,54,6912
947,54,6912
948,54,6912
949,53,6784
950,54,6912
951,53,6784
952,55,7040
953,54,6912
954,55,7040
955,54,6912
956,54,6912
957,55,7040
958,55,7040
959,54,6912
960,54,6912
961,54,6912
962,55,7040
963,53,6784
964,54,6912
965,54,6912
966,53,6784
967,52,6656
968,54,6912
969,53,6784
970,53,6784
971,54,6912
972,54,6912
973,54,6912
974,55,7040
975,56,7168
976,55,7040
977,54,6912
978,54,6912
979,53,6784
980,55,7040
981,54,6912
982,54,6912
983,54,6912
984,54,6912
985,54,6912
986,54,6912
987,54,6912
988,55,7040
989,55,7040
990,54,6912
991,54,6912
992,54,6912
993,57,7296
994,54,6912
995,54,6912
996,54,6912
997,54,6912
998,55,7040
999,55,7040
1000,55,7040
1001,54,6912
1002,52,6656
1003,52,6656
1004,52,6656
1005,52,6656
1006,52,6656
1007,52,6656
1008,53,6784
1009,53,6784
1010,53,6784
1011,54,6912
1012,54,6912
1013,53,6784
1014,52,6656
1015,53,6784
1016,53,6784
1017,51,6528
1018,51,6528
1019,52,6656
1020,53,6784
1021,52,6656
1022,52,6656
1023,52,6656
1024,52,6656
1025,53,6784
1026,54,6912
1027,54,6912
1028,54,6912
1029,53,6784
1030,54,6912
1031,54,6912
1032,54,6912
1033,55,7040
1034,54,6912
1035,52,6656
1036,53,6784
1037,52,6656
1038,52,6656
1039,52,6656
1040,52,6656
1041,52,6656
1042,52,6656
1043,52,6656
1044,51,6528
1045,51,6528
1046,51,6528
1047,51,6528
1048,52,6656
1049,50,6400
1050,50,6400
1051,51,6528
1052,49,6272
1053,50,6400
1054,50,6400
1055,49,6272
1056,49,6272
1057,49,6272
1058,50,6400
1059,51,6528
1060,49,6272
1061,49,6272
1062,50,6400
1063,50,6400
1064,50,6400
1065,50,6400
1066,53,6784
1067,52,6656
1068,51,6528
1069,51,6528
1070,50,6400
1071,51,6528
1072,50,6400
1073,51,6528
1074,51,6528
1075,51,6528
1076,50,6400
1077,50,6400
1078,50,6400
1079,49,6272
1080,50,6400
1081,50,6400
1082,50,6400
1083,49,6272
1084,49,6272
1085,48,6144
1086,49,6272
1087,49,6272
1088,49,6272
1089,49,6272
1090,49,6272
1091,49,6272
1092,48,6144
1093,48,6144
1094,49,6272
1095,49,6272
1096,50,6400
1097,49,6272
1098,49,6272
1099,50,6400
1100,50,6400
1101,50,6400
1102,50,6400
1103,50,6400
1104,51,6528
1105,50,6400
1106,52,6656
1107,50,6400
1108,50,6400
1109,51,6528
1110,49,6272
1111,49,6272
1112,51,6528
1113,52,6656
1114,51,6528
1115,49,6272
1116,51,6528
1117,49,6272
1118,48,6144
1119,48,6144
1120,49,6272
1121,48,6144
1122,46,5888
1123,46,5888
1124,49,6272
1125,48,6144
1126,49,6272
1127,48,6144
1128,48,6144
1129,50,6400
1130,49,6272
1131,48,6144
1132,50,6400
1133,47,6016
1134,49,6272
1135,48,6144
1136,50,6400
1137,50,6400
1138,50,6400
1139,50,6400
1140,48,6144
1141,48,6144
1142,49,6272
1143,50,6400
1144,50,6400
1145,49,6272
1146,50,6400
1147,51,6528
1148,50,6400
1149,50,6400
1150,51,6528
1151,50,6400
1152,51,6528
1153,51,6528
1154,51,6528
1155,51,6528
1156,50,6400
1157,51,6528
1158,50,6400
1159,50,6400
1160,50,6400
1161,50,6400
1162,50,6400
1163,50,6400
1164,50,6400
1165,49,6272
1166,50,6400
1167,53,6784
1168,52,6656
1169,53,6784
1170,51,6528
1171,51,6528
1172,52,6656
1173,53,6784
1174,51,6528
1175,51,6528
1176,50,6400
1177,51,6528
1178,50,6400
1179,49,6272
1180,50,6400
1181,49,6272
1182,50,6400
1183,50,6400
1184,51,6528
1185,51,6528
1186,51,6528
1187,50,6400
1188,50,6400
1189,50,6400
1190,52,6656
1191,52,6656
1192,50,6400
1193,50,6400
1194,48,6144
1195,48,6144
1196,49,6272
1197,49,6272
1198,49,6272
1199,51,6528
1200,51,6528
1201,51,6528
1202,51,6528
1203,50,6400
1204,51,6528
1205,48,6144
1206,50,6400
1207,50,6400
1208,51,6528
1209,50,6400
1210,52,6656
1211,52,6656
1212,52,6656
1213,51,6528
1214,51,6528
1215,52,6656
1216,51,6528
1217,50,6400
1218,50,6400
1219,50,6400
1220,51,6528
1221,50,6400
1222,51,6528
1223,50,6400
1224,50,6400
1225,50,6400
1226,50,6400
1227,49,6272
1228,49,6272
1229,52,6656
1230,50,6400
1231,50,6400
1232,50,6400
1233,50,6400
1234,50,6400
1235,50,6400
1236,50,6400
1237,50,6400
1238,51,6528
1239,51,6528
1240,50,6400
1241,49,6272
1242,50,6400
1243,52,6656
1244,51,6528
1245,52,6656
1246,51,6528
1247,47,6016
1248,50,6400
1249,50,6400
1250,50,6400
1251,50,6400
1252,51,6528
1253,49,6272
1254,48,6144
1255,48,6144
1256,48,6144
1257,48,6144
1258,48,6144
1259,49,6272
1260,47,6016
1261,47,6016
1262,48,6144
1263,48,6144
1264,48,6144
1265,48,6144
1266,49,6272
1267,50,6400
1268,49,6272
1269,50,6400
1270,49,6272
1271,48,6144
1272,49,6272
1273,49,6272
1274,49,6272
1275,48,6144
1276,48,6144
1277,48,6144
1278,48,6144
1279,49,6272
1280,49,6272
1281,49,6272
1282,50,6400
1283,50,6400
1284,49,6272
1285,48,6144
1286,48,6144
1287,51,6528
1288,51,6528
1289,49,6272
1290,50,6400
1291,50,6400
1292,51,6528
1293,52,6656
1294,53,6784
1295,53,6784
1296,53,6784
1297,53,6784
1298,53,6784
1299,53,6784
1300,54,6912
1301,55,7040
1302,54,6912
1303,53,6784
1304,54,6912
1305,54,6912
1306,54,6912
1307,56,7168
1308,55,7040
1309,53,6784
1310,53,6784
1311,53,6784
1312,53,6784
1313,54,6912
1314,54,6912
1315,54,6912
1316,54,6912
1317,54,6912
1318,52,6656
1319,54,6912
1320,55,7040
1321,55,7040
1322,55,7040
1323,54,6912
1324,55,7040
1325,54,6912
1326,56,7168
1327,56,7168
1328,56,7168
1329,55,7040
1330,54,6912
1331,56,7168
1332,55,7040
1333,55,7040
1334,56,7168
1335,55,7040
1336,54,6912
1337,54,6912
1338,54,6912
1339,54,6912
1340,55,7040
1341,54,6912
1342,53,6784
1343,54,6912
1344,54,6912
1345,55,7040
1346,55,7040
1347,55,7040
1348,54,6912
1349,54,6912
1350,55,7040
1351,55,7040
1352,54,6912
1353,54,6912
1354,54,6912
1355,56,7168
1356,53,6784
1357,54,6912
1358,54,6912
1359,54,6912
1360,54,6912
1361,54,6912
1362,54,6912
1363,55,7040
1364,55,7040
1365,53,6784
1366,53,6784
1367,54,6912
1368,54,6912
1369,54,6912
1370,54,6912
1371,54,6912
1372,55,7040
1373,56,7168
1374,53,6784
1375,53,6784
1376,54,6912
1377,55,7040
1378,55,7040
1379,53,6784
1380,53,6784
1381,53,6784
1382,52,6656
1383,53,6784
1384,52,6656
1385,51,6528
1386,53,6784
1387,52,6656
1388,53,6784
1389,53,6784
1390,54,6912
1391,53,6784
1392,52,6656
1393,54,6912
1394,54,6912
1395,54,6912
1396,56,7168
1397,55,7040
1398,55,7040
1399,56,7168
1400,56,7168
1401,56,7168
1402,55,7040
1403,55,7040
1404,55,7040
1405,54,6912
1406,55,7040
1407,55,7040
1408,55,7040
1409,56,7168
1410,55,7040
1411,55,7040
1412,55,7040
1413,54,6912
1414,53,6784
1415,53,6784
1416,52,6656
1417,55,7040
1418,53,6784
1419,53,6784
1420,53,6784
1421,53,6784
1422,51,6528
1423,51,6528
1424,51,6528
1425,52,6656
1426,52,6656
1427,54,6912
1428,54,6912
1429,54,6912
1430,54,6912
1431,54,6912
1432,53,6784
1433,54,6912
1434,55,7040
1435,52,6656
1436,52,6656
1437,53,6784
1438,51,6528
1439,52,6656
1440,52,6656
1441,52,6656
1442,51,6528
1443,52,6656
1444,52,6656
1445,52,6656
1446,52,6656
1447,54,6912
1448,53,6784
1449,54,6912
1450,54,6912
1451,54,6912
1452,53,6784
1453,53,6784
1454,52,6656
1455,52,6656
1456,53,6784
1457,52,6656
1458,52,6656
1459,52,6656
1460,52,6656
1461,53,6784
1462,53,6784
1463,53,6784
1464,52,6656
1465,52,6656
1466,52,6656
1467,52,6656
1468,52,6656
1469,52,6656
1470,52,6656
1471,53,6784
1472,52,6656
1473,53,6784
1474,51,6528
1475,52,6656
1476,52,6656
1477,52,6656
1478,50,6400
1479,51,6528
1480,50,6400
1481,49,6272
1482,50,6400
1483,49,6272
1484,50,6400
1485,50,6400
1486,50,6400
1487,51,6528
1488,51,6528
1489,51,6528
1490,52,6656
1491,52,6656
1492,51,6528
1493,52,6656
1494,52,6656
1495,52,6656
1496,51,6528
1497,50,6400
1498,52,6656
1499,53,6784
1500,51,6528
1501,50,6400
1502,51,6528
1503,51,6528
1504,52,6656
1505,51,6528
1506,50,6400
1507,50,6400
1508,50,6400
1509,50,6400
1510,51,6528
1511,52,6656
1512,52,6656
1513,50,6400
1514,50,6400
1515,51,6528
1516,49,6272
1517,50,6400
1518,49,6272
1519,50,6400
1520,50,6400
1521,48,6144
1522,48,6144
1523,49,6272
1524,48,6144
1525,48,6144
1526,47,6016
1527,48,6144
1528,48,6144
1529,49,6272
1530,48,6144
1531,48,6144
1532,47,6016
1533,47,6016
1534,49,6272
1535,48,6144
1536,49,6272
1537,48,6144
1538,49,6272
1539,48,6144
1540,48,6144
1541,48,6144
1542,48,6144
1543,48,6144
1544,48,6144
1545,48,6144
1546,48,6144
1547,48,6144
1548,48,6144
1549,49,6272
1550,48,6144
1551,48,6144
1552,49,6272
1553,48,6144
1554,47,6016
1555,48,6144
1556,48,6144
1557,49,6272
1558,48,6144
1559,48,6144
1560,48,6144
1561,48,6144
1562,47,6016
1563,47,6016
1564,47,6016
1565,46,5888
1566,47,6016
1567,48,6144
1568,47,6016
1569,47,6016
1570,46,5888
1571,46,5888
1572,47,6016
1573,47,6016
1574,47,6016
1575,46,5888
1576,45,5760
1577,45,5760
1578,46,5888
1579,46,5888
1580,49,6272
1581,49,6272
1582,49,6272
1583,49,6272
1584,50,6400
1585,49,6272
1586,50,6400
1587,49,6272
1588,49,6272
1589,50,6400
1590,50,6400
1591,51,6528
1592,49,6272
1593,49,6272
1594,54,6912
1595,49,6272
1596,49,6272
1597,51,6528
1598,53,6784
1599,51,6528
1600,50,6400
1601,51,6528
1602,50,6400
1603,53,6784
1604,54,6912
1605,53,6784
1606,53,6784
1607,53,6784
1608,53,6784
1609,53,6784
1610,52,6656
1611,52,6656
1612,53,6784
1613,53,6784
1614,54,6912
1615,54,6912
1616,52,6656
1617,52,6656
1618,52,6656
1619,52,6656
1620,52,6656
1621,52,6656
1622,52,6656
1623,51,6528
1624,53,6784
1625,52,6656
1626,52,6656
1627,52,6656
1628,53,6784
1629,54,6912
1630,52,6656
1631,51,6528
1632,51,6528
1633,51,6528
1634,51,6528
1635,51,6528
1636,50,6400
1637,50,6400
1638,51,6528
1639,51,6528
1640,51,6528
1641,53,6784
1642,51,6528
1643,51,6528
1644,51,6528
1645,51,6528
1646,52,6656
1647,53,6784
1648,52,6656
1649,52,6656
1650,52,6656
1651,52,6656
1652,49,6272
1653,50,6400
1654,49,6272
1655,51,6528
1656,51,6528
1657,50,6400
1658,50,6400
1659,50,6400
1660,50,6400
1661,49,6272
1662,50,6400
1663,50,6400
1664,50,6400
1665,49,6272
1666,48,6144
1667,49,6272
1668,47,6016
1669,47,6016
1670,49,6272
1671,47,6016
1672,48,6144
1673,50,6400
1674,48,6144
1675,47,6016
1676,47,6016
1677,49,6272
1678,50,6400
1679,51,6528
1680,51,6528
1681,51,6528
1682,51,6528
1683,49,6272
1684,48,6144
1685,49,6272
1686,48,6144
1687,47,6016
1688,47,6016
1689,47,6016
1690,49,6272
1691,50,6400
1692,47,6016
1693,45,5760
1694,46,5888
1695,46,5888
1696,46,5888
1697,46,5888
1698,46,5888
1699,46,5888
1700,47,6016
1701,47,6016
1702,45,5760
1703,46,5888
1704,48,6144
1705,49,6272
1706,49,6272
1707,46,5888
1708,45,5760
1709,46,5888
1710,47,6016
1711,47,6016
1712,48,6144
1713,48,6144
1714,47,6016
1715,47,6016
1716,49,6272
1717,48,6144
1718,48,6144
1719,50,6400
1720,48,6144
1721,48,6144
1722,48,6144
1723,48,6144
1724,49,6272
1725,49,6272
1726,48,6144
1727,50,6400
1728,48,6144
1729,50,6400
1730,51,6528
1731,50,6400
1732,50,6400
1733,51,6528
1734,50,6400
1735,51,6528
1736,50,6400
1737,50,6400
1738,51,6528
1739,51,6528
1740,51,6528
1741,50,6400
1742,50,6400
1743,50,6400
1744,49,6272
1745,48,6144
1746,50,6400
1747,48,6144
1748,47,6016
1749,47,6016
1750,48,6144
1751,47,6016
1752,48,6144
1753,48,6144
1754,47,6016
1755,48,6144
1756,50,6400
1757,49,6272
1758,50,6400
1759,50,6400
1760,51,6528
1761,52,6656
1762,51,6528
1763,51,6528
1764,52,6656
1765,52,6656
1766,52,6656
1767,53,6784
1768,54,6912
1769,53,6784
1770,53,6784
1771,52,6656
1772,53,6784
1773,52,6656
1774,52,6656
1775,52,6656
1776,51,6528
1777,50,6400
1778,51,6528
1779,51,6528
1780,52,6656
1781,51,6528
1782,52,6656
1783,52,6656
1784,52,6656
1785,51,6528
1786,54,6912
1787,54,6912
1788,50,6400
1789,51,6528
1790,50,6400
1791,52,6656
1792,52,6656
1793,52,6656
1794,52,6656
1795,52,6656
1796,52,6656
1797,52,6656
1798,53,6784
1799,53,6784
1800,53,6784
1801,53,6784
1802,54,6912
1803,54,6912
1804,54,6912
1805,54,6912
1806,53,6784
1807,55,7040
1808,52,6656
1809,53,6784
1810,52,6656
1811,51,6528
1812,53,6784
1813,52,6656
1814,52,6656
1815,51,6528
1816,51,6528
1817,49,6272
1818,51,6528
1819,52,6656
1820,51,6528
1821,52,6656
1822,53,6784
1823,53,6784
1824,52,6656
1825,51,6528
1826,51,6528
1827,51,6528
1828,52,6656
1829,53,6784
1830,52,6656
1831,53,6784
1832,52,6656
1833,52,6656
1834,52,6656
1835,54,6912
1836,54,6912
1837,55,7040
1838,54,6912
1839,54,6912
1840,52,6656
1841,52,6656
1842,53,6784
1843,53,6784
1844,52,6656
1845,52,6656
1846,50,6400
1847,51,6528
1848,52,6656
1849,50,6400
1850,50,6400
1851,52,6656
1852,52,6656
1853,52,6656
1854,54,6912
1855,52,6656
1856,51,6528
1857,54,6912
1858,53,6784
1859,52,6656
1860,52,6656
1861,53,6784
1862,53,6784
1863,52,6656
1864,50,6400
1865,51,6528
1866,51,6528
1867,50,6400
1868,49,6272
1869,48,6144
1870,49,6272
1871,48,6144
1872,49,6272
1873,50,6400
1874,49,6272
1875,50,6400
1876,50,6400
1877,50,6400
1878,52,6656
1879,51,6528
1880,51,6528
1881,52,6656
1882,50,6400
1883,51,6528
1884,50,6400
1885,50,6400
1886,49,6272
1887,50,6400
1888,51,6528
1889,51,6528
1890,51,6528
1891,52,6656
1892,51,6528
1893,51,6528
1894,52,6656
1895,51,6528
1896,52,6656
1897,53,6784
1898,53,6784
1899,52,6656
1900,52,6656
1901,52,6656
1902,53,6784
1903,52,6656
1904,52,6656
1905,53,6784
1906,52,6656
1907,52,6656
1908,51,6528
1909,52,6656
1910,52,6656
1911,53,6784
1912,52,6656
1913,53,6784
1914,52,6656
1915,52,6656
1916,53,6784
1917,53,6784
1918,54,6912
1919,52,6656
1920,52,6656
1921,52,6656
1922,53,6784
1923,54,6912
1924,53,6784
1925,53,6784
1926,54,6912
1927,54,6912
1928,54,6912
1929,53,6784
1930,52,6656
1931,53,6784
1932,55,7040
1933,55,7040
1934,55,7040
1935,55,7040
1936,54,6912
1937,54,6912
1938,55,7040
1939,53,6784
1940,53,6784
1941,52,6656
1942,51,6528
1943,52,6656
1944,53,6784
1945,54,6912
1946,55,7040
1947,56,7168
1948,53,6784
1949,53,6784
1950,53,6784
1951,53,6784
1952,53,6784
1953,53,6784
1954,53,6784
1955,54,6912
1956,53,6784
1957,53,6784
1958,55,7040
1959,53,6784
1960,54,6912
1961,54,6912
1962,53,6784
1963,53,6784
1964,54,6912
1965,53,6784
1966,54,6912
1967,53,6784
1968,53,6784
1969,54,6912
1970,54,6912
1971,54,6912
1972,54,6912
1973,54,6912
1974,55,7040
1975,55,7040
1976,55,7040
1977,55,7040
1978,54,6912
1979,54,6912
1980,54,6912
1981,53,6784
1982,54,6912
1983,54,6912
1984,54,6912
1985,55,7040
1986,54,6912
1987,53,6784
1988,54,6912
1989,55,7040
1990,54,6912
1991,54,6912
1992,54,6912
1993,55,7040
1994,55,7040
1995,55,7040
1996,55,7040
1997,54,6912
1998,54,6912
1999,54,6912
2000,53,6784
