RandomSeed,90927,Population size:128,Bit Length:64,Crossover Rate:0.7,Mutation Rate:0.005
gen,BestFitness,FitnessEval
1,9.0,1152
2,33.0,4224
3,33.0,4224
4,41.0,5248
5,41.0,5248
6,41.0,5248
7,41.0,5248
8,41.0,5248
9,41.0,5248
10,41.0,5248
11,41.0,5248
12,41.0,5248
13,41.0,5248
14,41.0,5248
15,41.0,5248
16,41.0,5248
17,41.0,5248
18,41.0,5248
19,41.0,5248
20,41.0,5248
21,41.0,5248
22,41.0,5248
23,41.0,5248
24,41.0,5248
25,41.0,5248
26,41.0,5248
27,41.0,5248
28,41.0,5248
29,41.0,5248
30,41.0,5248
31,41.0,5248
32,41.0,5248
33,41.0,5248
34,41.0,5248
35,41.0,5248
36,41.0,5248
37,41.0,5248
38,41.0,5248
39,41.0,5248
40,41.0,5248
41,41.0,5248
42,41.0,5248
43,41.0,5248
44,41.0,5248
45,41.0,5248
46,41.0,5248
47,41.0,5248
48,41.0,5248
49,49.0,6272
50,49.0,6272
51,49.0,6272
52,49.0,6272
53,49.0,6272
54,49.0,6272
55,49.0,6272
56,49.0,6272
57,49.0,6272
58,49.0,6272
59,49.0,6272
60,49.0,6272
61,49.0,6272
62,49.0,6272
63,49.0,6272
64,49.0,6272
65,49.0,6272
66,49.0,6272
67,49.0,6272
68,49.0,6272
69,49.0,6272
70,49.0,6272
71,49.0,6272
72,49.0,6272
73,49.0,6272
74,49.0,6272
75,49.0,6272
76,49.0,6272
77,49.0,6272
78,49.0,6272
79,49.0,6272
80,49.0,6272
81,49.0,6272
82,49.0,6272
83,49.0,6272
84,49.0,6272
85,49.0,6272
86,49.0,6272
87,49.0,6272
88,49.0,6272
89,49.0,6272
90,49.0,6272
91,49.0,6272
92,49.0,6272
93,49.0,6272
94,49.0,6272
95,49.0,6272
96,49.0,6272
97,49.0,6272
98,49.0,6272
99,49.0,6272
100,49.0,6272
101,49.0,6272
102,49.0,6272
103,57.0,7296
104,49.0,6272
105,49.0,6272
106,49.0,6272
107,49.0,6272
108,49.0,6272
109,57.0,7296
110,57.0,7296
111,57.0,7296
112,49.0,6272
113,49.0,6272
114,49.0,6272
115,49.0,6272
116,49.0,6272
117,57.0,7296
118,57.0,7296
119,57.0,7296
120,49.0,6272
121,57.0,7296
122,57.0,7296
123,57.0,7296
124,57.0,7296
125,57.0,7296
126,57.0,7296
127,57.0,7296
128,57.0,7296
129,57.0,7296
130,57.0,7296
131,57.0,7296
132,57.0,7296
133,57.0,7296
134,57.0,7296
135,57.0,7296
136,57.0,7296
137,57.0,7296
138,57.0,7296
139,81.0,10368
140,73.0,9344
141,57.0,7296
142,81.0,10368
143,81.0,10368
144,81.0,10368
145,81.0,10368
146,73.0,9344
147,57.0,7296
148,73.0,9344
149,73.0,9344
150,73.0,9344
151,73.0,9344
152,81.0,10368
153,81.0,10368
154,81.0,10368
155,81.0,10368
156,81.0,10368
157,81.0,10368
158,81.0,10368
159,81.0,10368
160,81.0,10368
161,81.0,10368
162,81.0,10368
163,81.0,10368
164,81.0,10368
165,81.0,10368
166,81.0,10368
167,81.0,10368
168,81.0,10368
169,81.0,10368
170,81.0,10368
171,81.0,10368
172,81.0,10368
173,81.0,10368
174,81.0,10368
175,81.0,10368
176,81.0,10368
177,81.0,10368
178,81.0,10368
179,81.0,10368
180,81.0,10368
181,81.0,10368
182,81.0,10368
183,81.0,10368
184,81.0,10368
185,81.0,10368
186,81.0,10368
187,81.0,10368
188,81.0,10368
189,81.0,10368
190,81.0,10368
191,81.0,10368
192,81.0,10368
193,81.0,10368
194,81.0,10368
195,81.0,10368
196,81.0,10368
197,81.0,10368
198,81.0,10368
199,81.0,10368
200,81.0,10368
201,81.0,10368
202,81.0,10368
203,81.0,10368
204,81.0,10368
205,81.0,10368
206,81.0,10368
207,81.0,10368
208,81.0,10368
209,81.0,10368
210,81.0,10368
211,81.0,10368
212,81.0,10368
213,81.0,10368
214,81.0,10368
215,81.0,10368
216,81.0,10368
217,81.0,10368
218,81.0,10368
219,81.0,10368
220,81.0,10368
221,81.0,10368
222,81.0,10368
223,81.0,10368
224,81.0,10368
225,81.0,10368
226,81.0,10368
227,81.0,10368
228,81.0,10368
229,81.0,10368
230,81.0,10368
231,81.0,10368
232,81.0,10368
233,81.0,10368
234,81.0,10368
235,81.0,10368
236,81.0,10368
237,81.0,10368
238,81.0,10368
239,81.0,10368
240,81.0,10368
241,81.0,10368
242,81.0,10368
243,81.0,10368
244,81.0,10368
245,81.0,10368
246,81.0,10368
247,81.0,10368
248,81.0,10368
249,81.0,10368
250,81.0,10368
251,81.0,10368
252,81.0,10368
253,81.0,10368
254,81.0,10368
255,81.0,10368
256,81.0,10368
257,81.0,10368
258,81.0,10368
259,81.0,10368
260,81.0,10368
261,81.0,10368
262,81.0,10368
263,81.0,10368
264,81.0,10368
265,81.0,10368
266,81.0,10368
267,81.0,10368
268,81.0,10368
269,81.0,10368
270,81.0,10368
271,81.0,10368
272,81.0,10368
273,81.0,10368
274,81.0,10368
275,81.0,10368
276,81.0,10368
277,81.0,10368
278,81.0,10368
279,81.0,10368
280,81.0,10368
281,81.0,10368
282,81.0,10368
283,81.0,10368
284,81.0,10368
285,81.0,10368
286,81.0,10368
287,81.0,10368
288,81.0,10368
289,81.0,10368
290,81.0,10368
291,81.0,10368
292,81.0,10368
293,81.0,10368
294,81.0,10368
295,81.0,10368
296,81.0,10368
297,81.0,10368
298,81.0,10368
299,81.0,10368
300,81.0,10368
301,81.0,10368
302,81.0,10368
303,81.0,10368
304,81.0,10368
305,81.0,10368
306,81.0,10368
307,81.0,10368
308,81.0,10368
309,81.0,10368
310,81.0,10368
311,81.0,10368
312,81.0,10368
313,81.0,10368
314,81.0,10368
315,81.0,10368
316,81.0,10368
317,81.0,10368
318,81.0,10368
319,81.0,10368
320,81.0,10368
321,81.0,10368
322,81.0,10368
323,81.0,10368
324,81.0,10368
325,81.0,10368
326,81.0,10368
327,81.0,10368
328,81.0,10368
329,81.0,10368
330,81.0,10368
331,81.0,10368
332,81.0,10368
333,81.0,10368
334,81.0,10368
335,81.0,10368
336,81.0,10368
337,81.0,10368
338,81.0,10368
339,81.0,10368
340,81.0,10368
341,81.0,10368
342,81.0,10368
343,81.0,10368
344,81.0,10368
345,81.0,10368
346,81.0,10368
347,81.0,10368
348,81.0,10368
349,81.0,10368
350,81.0,10368
351,81.0,10368
352,81.0,10368
353,81.0,10368
354,81.0,10368
355,81.0,10368
356,81.0,10368
357,81.0,10368
358,81.0,10368
359,81.0,10368
360,81.0,10368
361,81.0,10368
362,81.0,10368
363,81.0,10368
364,81.0,10368
365,81.0,10368
366,81.0,10368
367,81.0,10368
368,81.0,10368
369,81.0,10368
370,81.0,10368
371,81.0,10368
372,81.0,10368
373,81.0,10368
374,81.0,10368
375,81.0,10368
376,81.0,10368
377,81.0,10368
378,81.0,10368
379,81.0,10368
380,81.0,10368
381,81.0,10368
382,81.0,10368
383,81.0,10368
384,81.0,10368
385,81.0,10368
386,81.0,10368
387,81.0,10368
388,81.0,10368
389,81.0,10368
390,81.0,10368
391,81.0,10368
392,81.0,10368
393,81.0,10368
394,81.0,10368
395,81.0,10368
396,81.0,10368
397,81.0,10368
398,81.0,10368
399,81.0,10368
400,81.0,10368
401,81.0,10368
402,81.0,10368
403,81.0,10368
404,81.0,10368
405,81.0,10368
406,81.0,10368
407,81.0,10368
408,81.0,10368
409,81.0,10368
410,81.0,10368
411,81.0,10368
412,81.0,10368
413,81.0,10368
414,81.0,10368
415,81.0,10368
416,81.0,10368
417,81.0,10368
418,81.0,10368
419,81.0,10368
420,81.0,10368
421,81.0,10368
422,81.0,10368
423,81.0,10368
424,81.0,10368
425,81.0,10368
426,81.0,10368
427,81.0,10368
428,81.0,10368
429,81.0,10368
430,81.0,10368
431,81.0,10368
432,81.0,10368
433,81.0,10368
434,81.0,10368
435,81.0,10368
436,81.0,10368
437,81.0,10368
438,81.0,10368
439,81.0,10368
440,81.0,10368
441,81.0,10368
442,81.0,10368
443,81.0,10368
444,81.0,10368
445,81.0,10368
446,81.0,10368
447,81.0,10368
448,81.0,10368
449,81.0,10368
450,81.0,10368
451,81.0,10368
452,81.0,10368
453,81.0,10368
454,81.0,10368
455,81.0,10368
456,81.0,10368
457,81.0,10368
458,81.0,10368
459,81.0,10368
460,81.0,10368
461,81.0,10368
462,81.0,10368
463,81.0,10368
464,81.0,10368
465,81.0,10368
466,81.0,10368
467,81.0,10368
468,81.0,10368
469,81.0,10368
470,81.0,10368
471,81.0,10368
472,81.0,10368
473,81.0,10368
474,81.0,10368
475,81.0,10368
476,81.0,10368
477,81.0,10368
478,81.0,10368
479,81.0,10368
480,81.0,10368
481,81.0,10368
482,81.0,10368
483,81.0,10368
484,81.0,10368
485,81.0,10368
486,81.0,10368
487,81.0,10368
488,81.0,10368
489,81.0,10368
490,81.0,10368
491,81.0,10368
492,81.0,10368
493,81.0,10368
494,81.0,10368
495,81.0,10368
496,81.0,10368
497,81.0,10368
498,81.0,10368
499,81.0,10368
500,81.0,10368
501,81.0,10368
502,81.0,10368
503,81.0,10368
504,81.0,10368
505,81.0,10368
506,81.0,10368
507,81.0,10368
508,81.0,10368
509,81.0,10368
510,81.0,10368
511,81.0,10368
512,81.0,10368
513,81.0,10368
514,137.0,17536
515,81.0,10368
516,81.0,10368
517,81.0,10368
518,81.0,10368
519,81.0,10368
520,81.0,10368
521,73.0,9344
522,81.0,10368
523,81.0,10368
524,73.0,9344
525,73.0,9344
526,73.0,9344
527,73.0,9344
528,73.0,9344
529,73.0,9344
530,73.0,9344
531,73.0,9344
532,73.0,9344
533,73.0,9344
534,73.0,9344
535,81.0,10368
536,81.0,10368
537,73.0,9344
538,73.0,9344
539,73.0,9344
540,73.0,9344
541,81.0,10368
542,81.0,10368
543,81.0,10368
544,73.0,9344
545,81.0,10368
546,73.0,9344
547,81.0,10368
548,81.0,10368
549,81.0,10368
550,81.0,10368
551,81.0,10368
552,81.0,10368
553,81.0,10368
554,81.0,10368
555,81.0,10368
556,81.0,10368
557,81.0,10368
558,81.0,10368
559,73.0,9344
560,81.0,10368
561,81.0,10368
562,81.0,10368
563,81.0,10368
564,81.0,10368
565,81.0,10368
566,81.0,10368
567,81.0,10368
568,81.0,10368
569,81.0,10368
570,81.0,10368
571,81.0,10368
572,81.0,10368
573,81.0,10368
574,81.0,10368
575,81.0,10368
576,81.0,10368
577,81.0,10368
578,81.0,10368
579,81.0,10368
580,81.0,10368
581,81.0,10368
582,81.0,10368
583,81.0,10368
584,81.0,10368
585,81.0,10368
586,81.0,10368
587,81.0,10368
588,81.0,10368
589,81.0,10368
590,81.0,10368
591,81.0,10368
592,81.0,10368
593,81.0,10368
594,81.0,10368
595,81.0,10368
596,81.0,10368
597,137.0,17536
598,81.0,10368
599,81.0,10368
600,137.0,17536
601,137.0,17536
602,137.0,17536
603,81.0,10368
604,81.0,10368
605,81.0,10368
606,81.0,10368
607,81.0,10368
608,81.0,10368
609,81.0,10368
610,81.0,10368
611,81.0,10368
612,81.0,10368
613,81.0,10368
614,81.0,10368
615,81.0,10368
616,81.0,10368
617,81.0,10368
618,81.0,10368
619,81.0,10368
620,81.0,10368
621,81.0,10368
622,81.0,10368
623,81.0,10368
624,81.0,10368
625,81.0,10368
626,81.0,10368
627,81.0,10368
628,81.0,10368
629,81.0,10368
630,81.0,10368
631,81.0,10368
632,81.0,10368
633,81.0,10368
634,81.0,10368
635,81.0,10368
636,81.0,10368
637,81.0,10368
638,81.0,10368
639,81.0,10368
640,81.0,10368
641,81.0,10368
642,81.0,10368
643,81.0,10368
644,81.0,10368
645,81.0,10368
646,81.0,10368
647,81.0,10368
648,81.0,10368
649,81.0,10368
650,81.0,10368
651,81.0,10368
652,81.0,10368
653,81.0,10368
654,81.0,10368
655,81.0,10368
656,81.0,10368
657,81.0,10368
658,81.0,10368
659,81.0,10368
660,81.0,10368
661,81.0,10368
662,81.0,10368
663,81.0,10368
664,81.0,10368
665,81.0,10368
666,81.0,10368
667,81.0,10368
668,81.0,10368
669,81.0,10368
670,81.0,10368
671,81.0,10368
672,81.0,10368
673,81.0,10368
674,81.0,10368
675,81.0,10368
676,81.0,10368
677,81.0,10368
678,81.0,10368
679,81.0,10368
680,81.0,10368
681,81.0,10368
682,81.0,10368
683,81.0,10368
684,81.0,10368
685,81.0,10368
686,81.0,10368
687,81.0,10368
688,81.0,10368
689,81.0,10368
690,81.0,10368
691,81.0,10368
692,81.0,10368
693,81.0,10368
694,129.0,16512
695,129.0,16512
696,81.0,10368
697,81.0,10368
698,81.0,10368
699,81.0,10368
700,81.0,10368
701,81.0,10368
702,81.0,10368
703,81.0,10368
704,73.0,9344
705,129.0,16512
706,129.0,16512
707,129.0,16512
708,129.0,16512
709,129.0,16512
710,129.0,16512
711,129.0,16512
712,129.0,16512
713,129.0,16512
714,129.0,16512
715,129.0,16512
716,129.0,16512
717,129.0,16512
718,129.0,16512
719,129.0,16512
720,129.0,16512
721,129.0,16512
722,129.0,16512
723,129.0,16512
724,129.0,16512
725,129.0,16512
726,129.0,16512
727,129.0,16512
728,129.0,16512
729,129.0,16512
730,129.0,16512
731,129.0,16512
732,129.0,16512
733,129.0,16512
734,129.0,16512
735,129.0,16512
736,129.0,16512
737,129.0,16512
738,129.0,16512
739,129.0,16512
740,129.0,16512
741,129.0,16512
742,129.0,16512
743,129.0,16512
744,129.0,16512
745,129.0,16512
746,129.0,16512
747,129.0,16512
748,129.0,16512
749,129.0,16512
750,129.0,16512
751,129.0,16512
752,137.0,17536
753,129.0,16512
754,129.0,16512
755,129.0,16512
756,129.0,16512
757,129.0,16512
758,129.0,16512
759,129.0,16512
760,129.0,16512
761,129.0,16512
762,129.0,16512
763,129.0,16512
764,129.0,16512
765,129.0,16512
766,129.0,16512
767,129.0,16512
768,129.0,16512
769,129.0,16512
770,129.0,16512
771,129.0,16512
772,129.0,16512
773,129.0,16512
774,129.0,16512
775,129.0,16512
776,129.0,16512
777,129.0,16512
778,129.0,16512
779,129.0,16512
780,129.0,16512
781,129.0,16512
782,129.0,16512
783,129.0,16512
784,129.0,16512
785,129.0,16512
786,129.0,16512
787,129.0,16512
788,129.0,16512
789,129.0,16512
790,129.0,16512
791,129.0,16512
792,129.0,16512
793,129.0,16512
794,129.0,16512
795,129.0,16512
796,129.0,16512
797,129.0,16512
798,129.0,16512
799,129.0,16512
800,129.0,16512
801,129.0,16512
802,129.0,16512
803,129.0,16512
804,129.0,16512
805,129.0,16512
806,129.0,16512
807,129.0,16512
808,129.0,16512
809,129.0,16512
810,129.0,16512
811,129.0,16512
812,129.0,16512
813,129.0,16512
814,129.0,16512
815,129.0,16512
816,129.0,16512
817,129.0,16512
818,129.0,16512
819,129.0,16512
820,129.0,16512
821,129.0,16512
822,129.0,16512
823,129.0,16512
824,129.0,16512
825,129.0,16512
826,129.0,16512
827,129.0,16512
828,129.0,16512
829,129.0,16512
830,129.0,16512
831,129.0,16512
832,129.0,16512
833,129.0,16512
834,129.0,16512
835,129.0,16512
836,129.0,16512
837,129.0,16512
838,129.0,16512
839,129.0,16512
840,129.0,16512
841,129.0,16512
842,129.0,16512
843,129.0,16512
844,129.0,16512
845,129.0,16512
846,129.0,16512
847,129.0,16512
848,129.0,16512
849,129.0,16512
850,129.0,16512
851,129.0,16512
852,129.0,16512
853,129.0,16512
854,129.0,16512
855,129.0,16512
856,129.0,16512
857,129.0,16512
858,129.0,16512
859,129.0,16512
860,129.0,16512
861,129.0,16512
862,129.0,16512
863,129.0,16512
864,129.0,16512
865,129.0,16512
866,129.0,16512
867,129.0,16512
868,129.0,16512
869,129.0,16512
870,129.0,16512
871,129.0,16512
872,129.0,16512
873,129.0,16512
874,129.0,16512
875,129.0,16512
876,129.0,16512
877,129.0,16512
878,129.0,16512
879,129.0,16512
880,129.0,16512
881,129.0,16512
882,129.0,16512
883,129.0,16512
884,129.0,16512
885,129.0,16512
886,129.0,16512
887,129.0,16512
888,129.0,16512
889,129.0,16512
890,129.0,16512
891,129.0,16512
892,129.0,16512
893,129.0,16512
894,129.0,16512
895,129.0,16512
896,129.0,16512
897,129.0,16512
898,129.0,16512
899,129.0,16512
900,129.0,16512
901,129.0,16512
902,129.0,16512
903,129.0,16512
904,129.0,16512
905,129.0,16512
906,129.0,16512
907,129.0,16512
908,129.0,16512
909,129.0,16512
910,129.0,16512
911,129.0,16512
912,129.0,16512
913,129.0,16512
914,129.0,16512
915,129.0,16512
916,129.0,16512
917,129.0,16512
918,129.0,16512
919,129.0,16512
920,129.0,16512
921,129.0,16512
922,129.0,16512
923,129.0,16512
924,129.0,16512
925,129.0,16512
926,129.0,16512
927,129.0,16512
928,129.0,16512
929,129.0,16512
930,129.0,16512
931,129.0,16512
932,129.0,16512
933,129.0,16512
934,129.0,16512
935,129.0,16512
936,129.0,16512
937,129.0,16512
938,129.0,16512
939,129.0,16512
940,129.0,16512
941,129.0,16512
942,129.0,16512
943,129.0,16512
944,129.0,16512
945,129.0,16512
946,129.0,16512
947,129.0,16512
948,129.0,16512
949,129.0,16512
950,129.0,16512
951,129.0,16512
952,129.0,16512
953,129.0,16512
954,129.0,16512
955,129.0,16512
956,129.0,16512
957,129.0,16512
958,129.0,16512
959,129.0,16512
960,129.0,16512
961,129.0,16512
962,129.0,16512
963,129.0,16512
964,129.0,16512
965,129.0,16512
966,129.0,16512
967,129.0,16512
968,129.0,16512
969,129.0,16512
970,129.0,16512
971,129.0,16512
972,129.0,16512
973,129.0,16512
974,129.0,16512
975,129.0,16512
976,129.0,16512
977,129.0,16512
978,129.0,16512
979,129.0,16512
980,137.0,17536
981,129.0,16512
982,129.0,16512
983,137.0,17536
984,137.0,17536
985,137.0,17536
986,129.0,16512
987,129.0,16512
988,129.0,16512
989,129.0,16512
990,129.0,16512
991,129.0,16512
992,129.0,16512
993,129.0,16512
994,129.0,16512
995,129.0,16512
996,129.0,16512
997,129.0,16512
998,129.0,16512
999,129.0,16512
1000,129.0,16512
1001,129.0,16512
1002,129.0,16512
1003,129.0,16512
1004,129.0,16512
1005,129.0,16512
1006,129.0,16512
1007,129.0,16512
1008,129.0,16512
1009,129.0,16512
1010,129.0,16512
1011,129.0,16512
1012,129.0,16512
1013,129.0,16512
1014,129.0,16512
1015,129.0,16512
1016,129.0,16512
1017,129.0,16512
1018,129.0,16512
1019,129.0,16512
1020,129.0,16512
1021,129.0,16512
1022,129.0,16512
1023,129.0,16512
1024,129.0,16512
1025,129.0,16512
1026,129.0,16512
1027,129.0,16512
1028,129.0,16512
1029,129.0,16512
1030,129.0,16512
1031,129.0,16512
1032,129.0,16512
1033,129.0,16512
1034,129.0,16512
1035,129.0,16512
1036,129.0,16512
1037,129.0,16512
1038,129.0,16512
1039,129.0,16512
1040,129.0,16512
1041,129.0,16512
1042,129.0,16512
1043,129.0,16512
1044,129.0,16512
1045,129.0,16512
1046,129.0,16512
1047,129.0,16512
1048,129.0,16512
1049,129.0,16512
1050,129.0,16512
1051,129.0,16512
1052,129.0,16512
1053,129.0,16512
1054,129.0,16512
1055,129.0,16512
1056,129.0,16512
1057,129.0,16512
1058,129.0,16512
1059,129.0,16512
1060,129.0,16512
1061,129.0,16512
1062,129.0,16512
1063,129.0,16512
1064,129.0,16512
1065,129.0,16512
1066,129.0,16512
1067,129.0,16512
1068,129.0,16512
1069,129.0,16512
1070,129.0,16512
1071,129.0,16512
1072,129.0,16512
1073,129.0,16512
1074,129.0,16512
1075,129.0,16512
1076,129.0,16512
1077,129.0,16512
1078,129.0,16512
1079,129.0,16512
1080,129.0,16512
1081,129.0,16512
1082,129.0,16512
1083,129.0,16512
1084,129.0,16512
1085,129.0,16512
1086,129.0,16512
1087,129.0,16512
1088,129.0,16512
1089,129.0,16512
1090,129.0,16512
1091,129.0,16512
1092,129.0,16512
1093,129.0,16512
1094,129.0,16512
1095,129.0,16512
1096,129.0,16512
1097,129.0,16512
1098,129.0,16512
1099,129.0,16512
1100,129.0,16512
1101,129.0,16512
1102,129.0,16512
1103,129.0,16512
1104,129.0,16512
1105,129.0,16512
1106,129.0,16512
1107,129.0,16512
1108,129.0,16512
1109,129.0,16512
1110,129.0,16512
1111,129.0,16512
1112,129.0,16512
1113,129.0,16512
1114,129.0,16512
1115,129.0,16512
1116,129.0,16512
1117,129.0,16512
1118,129.0,16512
1119,129.0,16512
1120,129.0,16512
1121,129.0,16512
1122,129.0,16512
1123,129.0,16512
1124,129.0,16512
1125,129.0,16512
1126,129.0,16512
1127,129.0,16512
1128,129.0,16512
1129,129.0,16512
1130,129.0,16512
1131,129.0,16512
1132,129.0,16512
1133,129.0,16512
1134,129.0,16512
1135,129.0,16512
1136,129.0,16512
1137,129.0,16512
1138,129.0,16512
1139,129.0,16512
1140,129.0,16512
1141,129.0,16512
1142,129.0,16512
1143,129.0,16512
1144,129.0,16512
1145,129.0,16512
1146,129.0,16512
1147,129.0,16512
1148,129.0,16512
1149,129.0,16512
1150,129.0,16512
1151,129.0,16512
1152,129.0,16512
1153,129.0,16512
1154,129.0,16512
1155,129.0,16512
1156,129.0,16512
1157,129.0,16512
1158,129.0,16512
1159,129.0,16512
1160,129.0,16512
1161,129.0,16512
1162,129.0,16512
1163,129.0,16512
1164,129.0,16512
1165,129.0,16512
1166,129.0,16512
1167,129.0,16512
1168,129.0,16512
1169,129.0,16512
1170,129.0,16512
1171,129.0,16512
1172,129.0,16512
1173,129.0,16512
1174,129.0,16512
1175,129.0,16512
1176,129.0,16512
1177,129.0,16512
1178,129.0,16512
1179,129.0,16512
1180,129.0,16512
1181,129.0,16512
1182,129.0,16512
1183,129.0,16512
1184,129.0,16512
1185,129.0,16512
1186,129.0,16512
1187,129.0,16512
1188,129.0,16512
1189,129.0,16512
1190,129.0,16512
1191,129.0,16512
1192,129.0,16512
1193,129.0,16512
1194,129.0,16512
1195,129.0,16512
1196,129.0,16512
1197,129.0,16512
1198,129.0,16512
1199,129.0,16512
1200,129.0,16512
1201,129.0,16512
1202,129.0,16512
1203,129.0,16512
1204,129.0,16512
1205,129.0,16512
1206,129.0,16512
1207,129.0,16512
1208,129.0,16512
1209,129.0,16512
1210,129.0,16512
1211,129.0,16512
1212,129.0,16512
1213,129.0,16512
1214,129.0,16512
1215,129.0,16512
1216,129.0,16512
1217,129.0,16512
1218,129.0,16512
1219,129.0,16512
1220,129.0,16512
1221,129.0,16512
1222,129.0,16512
1223,129.0,16512
1224,129.0,16512
1225,129.0,16512
1226,129.0,16512
1227,129.0,16512
1228,129.0,16512
1229,129.0,16512
1230,129.0,16512
1231,129.0,16512
1232,129.0,16512
1233,129.0,16512
1234,129.0,16512
1235,129.0,16512
1236,129.0,16512
1237,129.0,16512
1238,129.0,16512
1239,129.0,16512
1240,129.0,16512
1241,129.0,16512
1242,129.0,16512
1243,129.0,16512
1244,129.0,16512
1245,129.0,16512
1246,129.0,16512
1247,129.0,16512
1248,129.0,16512
1249,129.0,16512
1250,129.0,16512
1251,129.0,16512
1252,129.0,16512
1253,129.0,16512
1254,129.0,16512
1255,129.0,16512
1256,129.0,16512
1257,129.0,16512
1258,129.0,16512
1259,129.0,16512
1260,129.0,16512
1261,129.0,16512
1262,129.0,16512
1263,129.0,16512
1264,129.0,16512
1265,129.0,16512
1266,129.0,16512
1267,129.0,16512
1268,129.0,16512
1269,129.0,16512
1270,129.0,16512
1271,129.0,16512
1272,129.0,16512
1273,129.0,16512
1274,129.0,16512
1275,129.0,16512
1276,129.0,16512
1277,129.0,16512
1278,129.0,16512
1279,129.0,16512
1280,129.0,16512
1281,129.0,16512
1282,129.0,16512
1283,129.0,16512
1284,129.0,16512
1285,129.0,16512
1286,129.0,16512
1287,129.0,16512
1288,129.0,16512
1289,129.0,16512
1290,129.0,16512
1291,129.0,16512
1292,129.0,16512
1293,129.0,16512
1294,129.0,16512
1295,129.0,16512
1296,129.0,16512
1297,129.0,16512
1298,129.0,16512
1299,129.0,16512
1300,129.0,16512
1301,129.0,16512
1302,129.0,16512
1303,129.0,16512
1304,129.0,16512
1305,129.0,16512
1306,129.0,16512
1307,129.0,16512
1308,129.0,16512
1309,129.0,16512
1310,129.0,16512
1311,129.0,16512
1312,129.0,16512
1313,129.0,16512
1314,129.0,16512
1315,129.0,16512
1316,129.0,16512
1317,129.0,16512
1318,129.0,16512
1319,129.0,16512
1320,129.0,16512
1321,129.0,16512
1322,129.0,16512
1323,129.0,16512
1324,129.0,16512
1325,129.0,16512
1326,129.0,16512
1327,129.0,16512
1328,129.0,16512
1329,129.0,16512
1330,129.0,16512
1331,129.0,16512
1332,129.0,16512
1333,129.0,16512
1334,129.0,16512
1335,129.0,16512
1336,129.0,16512
1337,129.0,16512
1338,129.0,16512
1339,129.0,16512
1340,129.0,16512
1341,129.0,16512
1342,129.0,16512
1343,129.0,16512
1344,129.0,16512
1345,129.0,16512
1346,129.0,16512
1347,129.0,16512
1348,129.0,16512
1349,129.0,16512
1350,129.0,16512
1351,129.0,16512
1352,129.0,16512
1353,129.0,16512
1354,129.0,16512
1355,129.0,16512
1356,129.0,16512
1357,129.0,16512
1358,129.0,16512
1359,129.0,16512
1360,129.0,16512
1361,129.0,16512
1362,129.0,16512
1363,129.0,16512
1364,129.0,16512
1365,129.0,16512
1366,129.0,16512
1367,129.0,16512
1368,129.0,16512
1369,129.0,16512
1370,129.0,16512
1371,129.0,16512
1372,129.0,16512
1373,129.0,16512
1374,129.0,16512
1375,129.0,16512
1376,129.0,16512
1377,129.0,16512
1378,129.0,16512
1379,129.0,16512
1380,129.0,16512
1381,129.0,16512
1382,129.0,16512
1383,129.0,16512
1384,129.0,16512
1385,129.0,16512
1386,129.0,16512
1387,129.0,16512
1388,129.0,16512
1389,129.0,16512
1390,129.0,16512
1391,129.0,16512
1392,129.0,16512
1393,129.0,16512
1394,129.0,16512
1395,129.0,16512
1396,129.0,16512
1397,129.0,16512
1398,129.0,16512
1399,129.0,16512
1400,129.0,16512
1401,129.0,16512
1402,129.0,16512
1403,129.0,16512
1404,129.0,16512
1405,129.0,16512
1406,129.0,16512
1407,129.0,16512
1408,129.0,16512
1409,129.0,16512
1410,129.0,16512
1411,129.0,16512
1412,129.0,16512
1413,129.0,16512
1414,129.0,16512
1415,129.0,16512
1416,129.0,16512
1417,129.0,16512
1418,129.0,16512
1419,129.0,16512
1420,129.0,16512
1421,129.0,16512
1422,129.0,16512
1423,129.0,16512
1424,129.0,16512
1425,129.0,16512
1426,129.0,16512
1427,129.0,16512
1428,129.0,16512
1429,129.0,16512
1430,129.0,16512
1431,129.0,16512
1432,129.0,16512
1433,129.0,16512
1434,129.0,16512
1435,129.0,16512
1436,129.0,16512
1437,129.0,16512
1438,129.0,16512
1439,129.0,16512
1440,129.0,16512
1441,129.0,16512
1442,129.0,16512
1443,129.0,16512
1444,129.0,16512
1445,129.0,16512
1446,129.0,16512
1447,129.0,16512
1448,129.0,16512
1449,129.0,16512
1450,129.0,16512
1451,129.0,16512
1452,129.0,16512
1453,129.0,16512
1454,129.0,16512
1455,129.0,16512
1456,129.0,16512
1457,129.0,16512
1458,129.0,16512
1459,129.0,16512
1460,129.0,16512
1461,129.0,16512
1462,129.0,16512
1463,129.0,16512
1464,129.0,16512
1465,129.0,16512
1466,129.0,16512
1467,129.0,16512
1468,129.0,16512
1469,129.0,16512
1470,129.0,16512
1471,129.0,16512
1472,129.0,16512
1473,129.0,16512
1474,129.0,16512
1475,129.0,16512
1476,129.0,16512
1477,129.0,16512
1478,129.0,16512
1479,129.0,16512
1480,129.0,16512
1481,129.0,16512
1482,129.0,16512
1483,129.0,16512
1484,129.0,16512
1485,129.0,16512
1486,129.0,16512
1487,129.0,16512
1488,129.0,16512
1489,129.0,16512
1490,129.0,16512
1491,129.0,16512
1492,129.0,16512
1493,129.0,16512
1494,129.0,16512
1495,129.0,16512
1496,129.0,16512
1497,129.0,16512
1498,129.0,16512
1499,129.0,16512
1500,129.0,16512
1501,129.0,16512
1502,129.0,16512
1503,129.0,16512
1504,129.0,16512
1505,129.0,16512
1506,129.0,16512
1507,129.0,16512
1508,129.0,16512
1509,129.0,16512
1510,129.0,16512
1511,129.0,16512
1512,129.0,16512
1513,129.0,16512
1514,129.0,16512
1515,129.0,16512
1516,129.0,16512
1517,129.0,16512
1518,129.0,16512
1519,129.0,16512
1520,129.0,16512
1521,129.0,16512
1522,129.0,16512
1523,129.0,16512
1524,129.0,16512
1525,129.0,16512
1526,129.0,16512
1527,129.0,16512
1528,129.0,16512
1529,129.0,16512
1530,129.0,16512
1531,129.0,16512
1532,129.0,16512
1533,129.0,16512
1534,129.0,16512
1535,129.0,16512
1536,129.0,16512
1537,129.0,16512
1538,129.0,16512
1539,129.0,16512
1540,129.0,16512
1541,129.0,16512
1542,129.0,16512
1543,129.0,16512
1544,129.0,16512
1545,129.0,16512
1546,129.0,16512
1547,129.0,16512
1548,129.0,16512
1549,129.0,16512
1550,129.0,16512
1551,129.0,16512
1552,129.0,16512
1553,129.0,16512
1554,129.0,16512
1555,129.0,16512
1556,129.0,16512
1557,129.0,16512
1558,129.0,16512
1559,129.0,16512
1560,129.0,16512
1561,129.0,16512
1562,129.0,16512
1563,129.0,16512
1564,129.0,16512
1565,129.0,16512
1566,129.0,16512
1567,129.0,16512
1568,129.0,16512
1569,129.0,16512
1570,129.0,16512
1571,129.0,16512
1572,129.0,16512
1573,129.0,16512
1574,129.0,16512
1575,129.0,16512
1576,129.0,16512
1577,129.0,16512
1578,129.0,16512
1579,129.0,16512
1580,129.0,16512
1581,129.0,16512
1582,129.0,16512
1583,129.0,16512
1584,129.0,16512
1585,129.0,16512
1586,129.0,16512
1587,129.0,16512
1588,129.0,16512
1589,129.0,16512
1590,129.0,16512
1591,129.0,16512
1592,129.0,16512
1593,129.0,16512
1594,129.0,16512
1595,129.0,16512
1596,129.0,16512
1597,129.0,16512
1598,129.0,16512
1599,129.0,16512
1600,129.0,16512
1601,129.0,16512
1602,129.0,16512
1603,129.0,16512
1604,129.0,16512
1605,129.0,16512
1606,129.0,16512
1607,129.0,16512
1608,129.0,16512
1609,129.0,16512
1610,129.0,16512
1611,129.0,16512
1612,129.0,16512
1613,129.0,16512
1614,129.0,16512
1615,129.0,16512
1616,129.0,16512
1617,129.0,16512
1618,129.0,16512
1619,129.0,16512
1620,129.0,16512
1621,129.0,16512
1622,129.0,16512
1623,129.0,16512
1624,129.0,16512
1625,129.0,16512
1626,129.0,16512
1627,129.0,16512
1628,129.0,16512
1629,129.0,16512
1630,129.0,16512
1631,129.0,16512
1632,129.0,16512
1633,129.0,16512
1634,129.0,16512
1635,129.0,16512
1636,129.0,16512
1637,129.0,16512
1638,129.0,16512
1639,129.0,16512
1640,129.0,16512
1641,129.0,16512
1642,129.0,16512
1643,129.0,16512
1644,129.0,16512
1645,129.0,16512
1646,129.0,16512
1647,129.0,16512
1648,129.0,16512
1649,129.0,16512
1650,129.0,16512
1651,129.0,16512
1652,129.0,16512
1653,129.0,16512
1654,129.0,16512
1655,129.0,16512
1656,129.0,16512
1657,129.0,16512
1658,129.0,16512
1659,129.0,16512
1660,129.0,16512
1661,129.0,16512
1662,129.0,16512
1663,129.0,16512
1664,129.0,16512
1665,129.0,16512
1666,129.0,16512
1667,129.0,16512
1668,129.0,16512
1669,129.0,16512
1670,129.0,16512
1671,129.0,16512
1672,129.0,16512
1673,129.0,16512
1674,129.0,16512
1675,129.0,16512
1676,129.0,16512
1677,129.0,16512
1678,129.0,16512
1679,129.0,16512
1680,129.0,16512
1681,129.0,16512
1682,129.0,16512
1683,129.0,16512
1684,129.0,16512
1685,129.0,16512
1686,129.0,16512
1687,129.0,16512
1688,129.0,16512
1689,129.0,16512
1690,129.0,16512
1691,129.0,16512
1692,129.0,16512
1693,129.0,16512
1694,129.0,16512
1695,129.0,16512
1696,129.0,16512
1697,129.0,16512
1698,129.0,16512
1699,129.0,16512
1700,129.0,16512
1701,129.0,16512
1702,129.0,16512
1703,129.0,16512
1704,129.0,16512
1705,129.0,16512
1706,129.0,16512
1707,129.0,16512
1708,129.0,16512
1709,129.0,16512
1710,129.0,16512
1711,129.0,16512
1712,129.0,16512
1713,129.0,16512
1714,129.0,16512
1715,129.0,16512
1716,129.0,16512
1717,129.0,16512
1718,129.0,16512
1719,129.0,16512
1720,129.0,16512
1721,129.0,16512
1722,129.0,16512
1723,129.0,16512
1724,129.0,16512
1725,129.0,16512
1726,129.0,16512
1727,129.0,16512
1728,129.0,16512
1729,129.0,16512
1730,129.0,16512
1731,129.0,16512
1732,129.0,16512
1733,129.0,16512
1734,129.0,16512
1735,129.0,16512
1736,129.0,16512
1737,129.0,16512
1738,129.0,16512
1739,129.0,16512
1740,129.0,16512
1741,129.0,16512
1742,129.0,16512
1743,129.0,16512
1744,129.0,16512
1745,129.0,16512
1746,129.0,16512
1747,129.0,16512
1748,129.0,16512
1749,129.0,16512
1750,129.0,16512
1751,129.0,16512
1752,129.0,16512
1753,129.0,16512
1754,129.0,16512
1755,129.0,16512
1756,129.0,16512
1757,129.0,16512
1758,129.0,16512
1759,129.0,16512
1760,129.0,16512
1761,129.0,16512
1762,129.0,16512
1763,129.0,16512
1764,129.0,16512
1765,129.0,16512
1766,129.0,16512
1767,129.0,16512
1768,129.0,16512
1769,129.0,16512
1770,129.0,16512
1771,129.0,16512
1772,129.0,16512
1773,129.0,16512
1774,129.0,16512
1775,129.0,16512
1776,129.0,16512
1777,129.0,16512
1778,129.0,16512
1779,129.0,16512
1780,129.0,16512
1781,129.0,16512
1782,129.0,16512
1783,129.0,16512
1784,129.0,16512
1785,129.0,16512
1786,129.0,16512
1787,129.0,16512
1788,129.0,16512
1789,129.0,16512
1790,129.0,16512
1791,129.0,16512
1792,129.0,16512
1793,129.0,16512
1794,129.0,16512
1795,129.0,16512
1796,129.0,16512
1797,129.0,16512
1798,129.0,16512
1799,129.0,16512
1800,129.0,16512
1801,129.0,16512
1802,129.0,16512
1803,129.0,16512
1804,129.0,16512
1805,129.0,16512
1806,129.0,16512
1807,129.0,16512
1808,129.0,16512
1809,129.0,16512
1810,129.0,16512
1811,129.0,16512
1812,129.0,16512
1813,129.0,16512
1814,129.0,16512
1815,129.0,16512
1816,129.0,16512
1817,129.0,16512
1818,129.0,16512
1819,129.0,16512
1820,129.0,16512
1821,129.0,16512
1822,129.0,16512
1823,129.0,16512
1824,129.0,16512
1825,129.0,16512
1826,129.0,16512
1827,129.0,16512
1828,129.0,16512
1829,129.0,16512
1830,129.0,16512
1831,129.0,16512
1832,129.0,16512
1833,129.0,16512
1834,129.0,16512
1835,129.0,16512
1836,129.0,16512
1837,129.0,16512
1838,129.0,16512
1839,129.0,16512
1840,129.0,16512
1841,129.0,16512
1842,129.0,16512
1843,129.0,16512
1844,129.0,16512
1845,129.0,16512
1846,129.0,16512
1847,129.0,16512
1848,129.0,16512
1849,129.0,16512
1850,129.0,16512
1851,129.0,16512
1852,129.0,16512
1853,129.0,16512
1854,129.0,16512
1855,129.0,16512
1856,129.0,16512
1857,129.0,16512
1858,129.0,16512
1859,129.0,16512
1860,129.0,16512
1861,129.0,16512
1862,129.0,16512
1863,129.0,16512
1864,129.0,16512
1865,129.0,16512
1866,129.0,16512
1867,129.0,16512
1868,129.0,16512
1869,129.0,16512
1870,129.0,16512
1871,129.0,16512
1872,129.0,16512
1873,129.0,16512
1874,129.0,16512
1875,129.0,16512
1876,129.0,16512
1877,129.0,16512
1878,129.0,16512
1879,129.0,16512
1880,129.0,16512
1881,129.0,16512
1882,129.0,16512
1883,129.0,16512
1884,129.0,16512
1885,129.0,16512
1886,129.0,16512
1887,129.0,16512
1888,129.0,16512
1889,129.0,16512
1890,129.0,16512
1891,129.0,16512
1892,129.0,16512
1893,129.0,16512
1894,129.0,16512
1895,129.0,16512
1896,129.0,16512
1897,129.0,16512
1898,129.0,16512
1899,129.0,16512
1900,129.0,16512
1901,129.0,16512
1902,129.0,16512
1903,129.0,16512
1904,129.0,16512
1905,129.0,16512
1906,129.0,16512
1907,129.0,16512
1908,129.0,16512
1909,129.0,16512
1910,129.0,16512
1911,129.0,16512
1912,129.0,16512
1913,129.0,16512
1914,129.0,16512
1915,129.0,16512
1916,129.0,16512
1917,137.0,17536
1918,137.0,17536
1919,129.0,16512
1920,129.0,16512
1921,129.0,16512
1922,129.0,16512
1923,129.0,16512
1924,129.0,16512
1925,129.0,16512
1926,129.0,16512
1927,129.0,16512
1928,129.0,16512
1929,129.0,16512
1930,129.0,16512
1931,129.0,16512
1932,129.0,16512
1933,129.0,16512
1934,129.0,16512
1935,129.0,16512
1936,129.0,16512
1937,129.0,16512
1938,137.0,17536
1939,129.0,16512
1940,129.0,16512
1941,129.0,16512
1942,137.0,17536
1943,137.0,17536
1944,137.0,17536
1945,137.0,17536
1946,137.0,17536
1947,137.0,17536
1948,137.0,17536
1949,137.0,17536
1950,129.0,16512
1951,129.0,16512
1952,129.0,16512
1953,129.0,16512
1954,129.0,16512
1955,129.0,16512
1956,137.0,17536
1957,137.0,17536
1958,137.0,17536
1959,137.0,17536
1960,137.0,17536
1961,137.0,17536
1962,137.0,17536
1963,137.0,17536
1964,137.0,17536
1965,137.0,17536
1966,137.0,17536
1967,137.0,17536
1968,137.0,17536
1969,137.0,17536
1970,137.0,17536
1971,137.0,17536
1972,137.0,17536
1973,137.0,17536
1974,137.0,17536
1975,137.0,17536
1976,137.0,17536
1977,137.0,17536
1978,137.0,17536
1979,137.0,17536
1980,137.0,17536
1981,137.0,17536
1982,137.0,17536
1983,137.0,17536
1984,129.0,16512
1985,137.0,17536
1986,129.0,16512
1987,129.0,16512
1988,129.0,16512
1989,129.0,16512
1990,137.0,17536
1991,129.0,16512
1992,137.0,17536
1993,129.0,16512
1994,129.0,16512
1995,137.0,17536
1996,137.0,17536
1997,137.0,17536
1998,129.0,16512
1999,137.0,17536
2000,137.0,17536
