RandomSeed,9469,Population size:128,Bit Length:64,Crossover Rate:0.7,Mutation Rate:0.005
gen,BestFitness,FitnessEval
1,17.0,2176
2,17.0,2176
3,17.0,2176
4,17.0,2176
5,25.0,3200
6,25.0,3200
7,25.0,3200
8,33.0,4224
9,25.0,3200
10,25.0,3200
11,25.0,3200
12,25.0,3200
13,25.0,3200
14,25.0,3200
15,25.0,3200
16,25.0,3200
17,25.0,3200
18,25.0,3200
19,49.0,6272
20,49.0,6272
21,49.0,6272
22,49.0,6272
23,49.0,6272
24,49.0,6272
25,73.0,9344
26,73.0,9344
27,73.0,9344
28,73.0,9344
29,49.0,6272
30,49.0,6272
31,49.0,6272
32,49.0,6272
33,49.0,6272
34,49.0,6272
35,49.0,6272
36,49.0,6272
37,49.0,6272
38,73.0,9344
39,49.0,6272
40,49.0,6272
41,49.0,6272
42,49.0,6272
43,49.0,6272
44,49.0,6272
45,49.0,6272
46,49.0,6272
47,49.0,6272
48,49.0,6272
49,49.0,6272
50,49.0,6272
51,49.0,6272
52,49.0,6272
53,49.0,6272
54,49.0,6272
55,49.0,6272
56,49.0,6272
57,49.0,6272
58,49.0,6272
59,49.0,6272
60,49.0,6272
61,49.0,6272
62,49.0,6272
63,49.0,6272
64,49.0,6272
65,65.0,8320
66,65.0,8320
67,49.0,6272
68,49.0,6272
69,49.0,6272
70,49.0,6272
71,49.0,6272
72,49.0,6272
73,49.0,6272
74,49.0,6272
75,49.0,6272
76,49.0,6272
77,49.0,6272
78,49.0,6272
79,49.0,6272
80,49.0,6272
81,49.0,6272
82,49.0,6272
83,49.0,6272
84,49.0,6272
85,49.0,6272
86,49.0,6272
87,49.0,6272
88,49.0,6272
89,49.0,6272
90,49.0,6272
91,49.0,6272
92,49.0,6272
93,49.0,6272
94,49.0,6272
95,49.0,6272
96,49.0,6272
97,49.0,6272
98,65.0,8320
99,49.0,6272
100,49.0,6272
101,49.0,6272
102,49.0,6272
103,49.0,6272
104,49.0,6272
105,73.0,9344
106,73.0,9344
107,65.0,8320
108,73.0,9344
109,65.0,8320
110,73.0,9344
111,73.0,9344
112,73.0,9344
113,73.0,9344
114,73.0,9344
115,73.0,9344
116,73.0,9344
117,73.0,9344
118,73.0,9344
119,73.0,9344
120,73.0,9344
121,73.0,9344
122,73.0,9344
123,73.0,9344
124,73.0,9344
125,73.0,9344
126,73.0,9344
127,73.0,9344
128,73.0,9344
129,73.0,9344
130,73.0,9344
131,73.0,9344
132,73.0,9344
133,73.0,9344
134,73.0,9344
135,73.0,9344
136,73.0,9344
137,73.0,9344
138,73.0,9344
139,73.0,9344
140,73.0,9344
141,73.0,9344
142,73.0,9344
143,73.0,9344
144,73.0,9344
145,73.0,9344
146,73.0,9344
147,73.0,9344
148,73.0,9344
149,73.0,9344
150,73.0,9344
151,73.0,9344
152,73.0,9344
153,73.0,9344
154,73.0,9344
155,73.0,9344
156,73.0,9344
157,73.0,9344
158,73.0,9344
159,73.0,9344
160,73.0,9344
161,73.0,9344
162,73.0,9344
163,73.0,9344
164,73.0,9344
165,73.0,9344
166,73.0,9344
167,73.0,9344
168,73.0,9344
169,73.0,9344
170,73.0,9344
171,73.0,9344
172,73.0,9344
173,73.0,9344
174,73.0,9344
175,73.0,9344
176,73.0,9344
177,73.0,9344
178,73.0,9344
179,73.0,9344
180,73.0,9344
181,73.0,9344
182,73.0,9344
183,73.0,9344
184,73.0,9344
185,73.0,9344
186,73.0,9344
187,73.0,9344
188,73.0,9344
189,73.0,9344
190,73.0,9344
191,73.0,9344
192,73.0,9344
193,73.0,9344
194,73.0,9344
195,73.0,9344
196,73.0,9344
197,73.0,9344
198,73.0,9344
199,73.0,9344
200,73.0,9344
201,73.0,9344
202,73.0,9344
203,73.0,9344
204,73.0,9344
205,73.0,9344
206,73.0,9344
207,73.0,9344
208,73.0,9344
209,81.0,10368
210,81.0,10368
211,73.0,9344
212,73.0,9344
213,73.0,9344
214,73.0,9344
215,73.0,9344
216,73.0,9344
217,73.0,9344
218,73.0,9344
219,73.0,9344
220,73.0,9344
221,73.0,9344
222,73.0,9344
223,73.0,9344
224,73.0,9344
225,73.0,9344
226,73.0,9344
227,73.0,9344
228,73.0,9344
229,73.0,9344
230,73.0,9344
231,73.0,9344
232,73.0,9344
233,73.0,9344
234,73.0,9344
235,73.0,9344
236,73.0,9344
237,73.0,9344
238,73.0,9344
239,73.0,9344
240,73.0,9344
241,73.0,9344
242,73.0,9344
243,73.0,9344
244,73.0,9344
245,73.0,9344
246,73.0,9344
247,73.0,9344
248,73.0,9344
249,73.0,9344
250,73.0,9344
251,73.0,9344
252,73.0,9344
253,73.0,9344
254,73.0,9344
255,73.0,9344
256,73.0,9344
257,73.0,9344
258,73.0,9344
259,73.0,9344
260,73.0,9344
261,73.0,9344
262,73.0,9344
263,73.0,9344
264,73.0,9344
265,73.0,9344
266,73.0,9344
267,73.0,9344
268,73.0,9344
269,73.0,9344
270,73.0,9344
271,73.0,9344
272,73.0,9344
273,73.0,9344
274,73.0,9344
275,73.0,9344
276,73.0,9344
277,73.0,9344
278,73.0,9344
279,73.0,9344
280,73.0,9344
281,73.0,9344
282,73.0,9344
283,73.0,9344
284,73.0,9344
285,73.0,9344
286,73.0,9344
287,73.0,9344
288,73.0,9344
289,73.0,9344
290,73.0,9344
291,73.0,9344
292,73.0,9344
293,73.0,9344
294,73.0,9344
295,73.0,9344
296,73.0,9344
297,73.0,9344
298,73.0,9344
299,73.0,9344
300,73.0,9344
301,73.0,9344
302,73.0,9344
303,73.0,9344
304,73.0,9344
305,73.0,9344
306,73.0,9344
307,73.0,9344
308,73.0,9344
309,73.0,9344
310,73.0,9344
311,73.0,9344
312,73.0,9344
313,73.0,9344
314,73.0,9344
315,73.0,9344
316,73.0,9344
317,73.0,9344
318,73.0,9344
319,73.0,9344
320,73.0,9344
321,73.0,9344
322,73.0,9344
323,73.0,9344
324,73.0,9344
325,73.0,9344
326,73.0,9344
327,73.0,9344
328,73.0,9344
329,73.0,9344
330,73.0,9344
331,73.0,9344
332,73.0,9344
333,73.0,9344
334,73.0,9344
335,73.0,9344
336,73.0,9344
337,73.0,9344
338,73.0,9344
339,73.0,9344
340,73.0,9344
341,73.0,9344
342,73.0,9344
343,73.0,9344
344,73.0,9344
345,73.0,9344
346,73.0,9344
347,73.0,9344
348,73.0,9344
349,73.0,9344
350,73.0,9344
351,73.0,9344
352,73.0,9344
353,73.0,9344
354,73.0,9344
355,73.0,9344
356,73.0,9344
357,73.0,9344
358,73.0,9344
359,73.0,9344
360,73.0,9344
361,73.0,9344
362,73.0,9344
363,73.0,9344
364,73.0,9344
365,73.0,9344
366,73.0,9344
367,73.0,9344
368,73.0,9344
369,73.0,9344
370,73.0,9344
371,73.0,9344
372,73.0,9344
373,73.0,9344
374,73.0,9344
375,73.0,9344
376,73.0,9344
377,73.0,9344
378,73.0,9344
379,73.0,9344
380,73.0,9344
381,73.0,9344
382,73.0,9344
383,73.0,9344
384,73.0,9344
385,73.0,9344
386,73.0,9344
387,73.0,9344
388,73.0,9344
389,73.0,9344
390,73.0,9344
391,73.0,9344
392,73.0,9344
393,73.0,9344
394,73.0,9344
395,73.0,9344
396,73.0,9344
397,73.0,9344
398,73.0,9344
399,73.0,9344
400,81.0,10368
401,73.0,9344
402,73.0,9344
403,73.0,9344
404,73.0,9344
405,73.0,9344
406,73.0,9344
407,73.0,9344
408,73.0,9344
409,105.0,13440
410,73.0,9344
411,73.0,9344
412,81.0,10368
413,81.0,10368
414,81.0,10368
415,73.0,9344
416,73.0,9344
417,73.0,9344
418,73.0,9344
419,73.0,9344
420,73.0,9344
421,73.0,9344
422,81.0,10368
423,81.0,10368
424,81.0,10368
425,81.0,10368
426,73.0,9344
427,73.0,9344
428,73.0,9344
429,73.0,9344
430,73.0,9344
431,73.0,9344
432,73.0,9344
433,73.0,9344
434,73.0,9344
435,73.0,9344
436,73.0,9344
437,73.0,9344
438,73.0,9344
439,73.0,9344
440,73.0,9344
441,73.0,9344
442,73.0,9344
443,73.0,9344
444,73.0,9344
445,73.0,9344
446,73.0,9344
447,73.0,9344
448,81.0,10368
449,81.0,10368
450,73.0,9344
451,73.0,9344
452,73.0,9344
453,73.0,9344
454,81.0,10368
455,81.0,10368
456,81.0,10368
457,73.0,9344
458,73.0,9344
459,73.0,9344
460,73.0,9344
461,73.0,9344
462,73.0,9344
463,73.0,9344
464,73.0,9344
465,73.0,9344
466,73.0,9344
467,73.0,9344
468,73.0,9344
469,73.0,9344
470,73.0,9344
471,73.0,9344
472,73.0,9344
473,73.0,9344
474,73.0,9344
475,73.0,9344
476,73.0,9344
477,73.0,9344
478,73.0,9344
479,73.0,9344
480,73.0,9344
481,73.0,9344
482,73.0,9344
483,73.0,9344
484,73.0,9344
485,73.0,9344
486,73.0,9344
487,73.0,9344
488,73.0,9344
489,73.0,9344
490,73.0,9344
491,73.0,9344
492,73.0,9344
493,73.0,9344
494,73.0,9344
495,73.0,9344
496,73.0,9344
497,73.0,9344
498,73.0,9344
499,73.0,9344
500,73.0,9344
501,73.0,9344
502,73.0,9344
503,73.0,9344
504,73.0,9344
505,73.0,9344
506,73.0,9344
507,73.0,9344
508,73.0,9344
509,73.0,9344
510,73.0,9344
511,73.0,9344
512,73.0,9344
513,73.0,9344
514,73.0,9344
515,73.0,9344
516,73.0,9344
517,73.0,9344
518,73.0,9344
519,73.0,9344
520,73.0,9344
521,73.0,9344
522,73.0,9344
523,73.0,9344
524,73.0,9344
525,73.0,9344
526,73.0,9344
527,73.0,9344
528,73.0,9344
529,73.0,9344
530,73.0,9344
531,73.0,9344
532,73.0,9344
533,73.0,9344
534,73.0,9344
535,73.0,9344
536,73.0,9344
537,73.0,9344
538,73.0,9344
539,73.0,9344
540,73.0,9344
541,73.0,9344
542,73.0,9344
543,73.0,9344
544,73.0,9344
545,73.0,9344
546,73.0,9344
547,73.0,9344
548,73.0,9344
549,73.0,9344
550,73.0,9344
551,73.0,9344
552,73.0,9344
553,73.0,9344
554,73.0,9344
555,73.0,9344
556,73.0,9344
557,73.0,9344
558,73.0,9344
559,73.0,9344
560,73.0,9344
561,73.0,9344
562,73.0,9344
563,73.0,9344
564,73.0,9344
565,73.0,9344
566,73.0,9344
567,73.0,9344
568,73.0,9344
569,73.0,9344
570,73.0,9344
571,73.0,9344
572,73.0,9344
573,73.0,9344
574,73.0,9344
575,73.0,9344
576,73.0,9344
577,73.0,9344
578,73.0,9344
579,73.0,9344
580,73.0,9344
581,73.0,9344
582,73.0,9344
583,73.0,9344
584,73.0,9344
585,73.0,9344
586,73.0,9344
587,73.0,9344
588,73.0,9344
589,73.0,9344
590,73.0,9344
591,73.0,9344
592,73.0,9344
593,73.0,9344
594,73.0,9344
595,73.0,9344
596,81.0,10368
597,73.0,9344
598,73.0,9344
599,73.0,9344
600,81.0,10368
601,81.0,10368
602,81.0,10368
603,81.0,10368
604,81.0,10368
605,81.0,10368
606,81.0,10368
607,81.0,10368
608,81.0,10368
609,81.0,10368
610,81.0,10368
611,81.0,10368
612,81.0,10368
613,81.0,10368
614,81.0,10368
615,81.0,10368
616,81.0,10368
617,81.0,10368
618,81.0,10368
619,81.0,10368
620,81.0,10368
621,81.0,10368
622,81.0,10368
623,81.0,10368
624,81.0,10368
625,81.0,10368
626,81.0,10368
627,81.0,10368
628,81.0,10368
629,81.0,10368
630,73.0,9344
631,73.0,9344
632,73.0,9344
633,73.0,9344
634,73.0,9344
635,73.0,9344
636,73.0,9344
637,73.0,9344
638,73.0,9344
639,73.0,9344
640,73.0,9344
641,73.0,9344
642,73.0,9344
643,73.0,9344
644,73.0,9344
645,73.0,9344
646,73.0,9344
647,73.0,9344
648,73.0,9344
649,73.0,9344
650,73.0,9344
651,73.0,9344
652,81.0,10368
653,81.0,10368
654,81.0,10368
655,81.0,10368
656,81.0,10368
657,81.0,10368
658,81.0,10368
659,81.0,10368
660,81.0,10368
661,81.0,10368
662,81.0,10368
663,81.0,10368
664,73.0,9344
665,73.0,9344
666,73.0,9344
667,73.0,9344
668,73.0,9344
669,73.0,9344
670,73.0,9344
671,73.0,9344
672,73.0,9344
673,73.0,9344
674,73.0,9344
675,73.0,9344
676,73.0,9344
677,73.0,9344
678,73.0,9344
679,73.0,9344
680,73.0,9344
681,73.0,9344
682,73.0,9344
683,73.0,9344
684,73.0,9344
685,73.0,9344
686,73.0,9344
687,73.0,9344
688,73.0,9344
689,73.0,9344
690,73.0,9344
691,73.0,9344
692,73.0,9344
693,73.0,9344
694,73.0,9344
695,73.0,9344
696,73.0,9344
697,73.0,9344
698,73.0,9344
699,73.0,9344
700,73.0,9344
701,73.0,9344
702,73.0,9344
703,73.0,9344
704,73.0,9344
705,73.0,9344
706,73.0,9344
707,73.0,9344
708,73.0,9344
709,73.0,9344
710,73.0,9344
711,73.0,9344
712,73.0,9344
713,73.0,9344
714,73.0,9344
715,73.0,9344
716,73.0,9344
717,73.0,9344
718,73.0,9344
719,73.0,9344
720,73.0,9344
721,73.0,9344
722,73.0,9344
723,81.0,10368
724,73.0,9344
725,73.0,9344
726,73.0,9344
727,73.0,9344
728,73.0,9344
729,73.0,9344
730,73.0,9344
731,73.0,9344
732,73.0,9344
733,73.0,9344
734,73.0,9344
735,73.0,9344
736,73.0,9344
737,73.0,9344
738,73.0,9344
739,73.0,9344
740,73.0,9344
741,73.0,9344
742,73.0,9344
743,73.0,9344
744,73.0,9344
745,73.0,9344
746,73.0,9344
747,73.0,9344
748,73.0,9344
749,73.0,9344
750,73.0,9344
751,73.0,9344
752,73.0,9344
753,73.0,9344
754,73.0,9344
755,73.0,9344
756,73.0,9344
757,73.0,9344
758,73.0,9344
759,73.0,9344
760,73.0,9344
761,73.0,9344
762,73.0,9344
763,73.0,9344
764,73.0,9344
765,73.0,9344
766,73.0,9344
767,73.0,9344
768,73.0,9344
769,73.0,9344
770,73.0,9344
771,73.0,9344
772,73.0,9344
773,73.0,9344
774,73.0,9344
775,73.0,9344
776,73.0,9344
777,73.0,9344
778,73.0,9344
779,73.0,9344
780,73.0,9344
781,73.0,9344
782,73.0,9344
783,73.0,9344
784,73.0,9344
785,73.0,9344
786,73.0,9344
787,73.0,9344
788,73.0,9344
789,73.0,9344
790,73.0,9344
791,73.0,9344
792,73.0,9344
793,73.0,9344
794,73.0,9344
795,73.0,9344
796,73.0,9344
797,73.0,9344
798,73.0,9344
799,73.0,9344
800,73.0,9344
801,73.0,9344
802,73.0,9344
803,73.0,9344
804,73.0,9344
805,73.0,9344
806,73.0,9344
807,73.0,9344
808,73.0,9344
809,73.0,9344
810,73.0,9344
811,73.0,9344
812,73.0,9344
813,73.0,9344
814,73.0,9344
815,73.0,9344
816,73.0,9344
817,73.0,9344
818,73.0,9344
819,81.0,10368
820,73.0,9344
821,73.0,9344
822,73.0,9344
823,73.0,9344
824,73.0,9344
825,73.0,9344
826,73.0,9344
827,73.0,9344
828,73.0,9344
829,73.0,9344
830,73.0,9344
831,73.0,9344
832,73.0,9344
833,73.0,9344
834,73.0,9344
835,73.0,9344
836,73.0,9344
837,73.0,9344
838,73.0,9344
839,73.0,9344
840,73.0,9344
841,73.0,9344
842,73.0,9344
843,73.0,9344
844,73.0,9344
845,73.0,9344
846,73.0,9344
847,73.0,9344
848,73.0,9344
849,73.0,9344
850,73.0,9344
851,73.0,9344
852,73.0,9344
853,73.0,9344
854,73.0,9344
855,73.0,9344
856,73.0,9344
857,73.0,9344
858,73.0,9344
859,73.0,9344
860,73.0,9344
861,73.0,9344
862,73.0,9344
863,73.0,9344
864,73.0,9344
865,73.0,9344
866,73.0,9344
867,73.0,9344
868,73.0,9344
869,73.0,9344
870,73.0,9344
871,73.0,9344
872,73.0,9344
873,73.0,9344
874,73.0,9344
875,73.0,9344
876,73.0,9344
877,73.0,9344
878,73.0,9344
879,73.0,9344
880,73.0,9344
881,73.0,9344
882,73.0,9344
883,73.0,9344
884,73.0,9344
885,73.0,9344
886,73.0,9344
887,73.0,9344
888,73.0,9344
889,73.0,9344
890,73.0,9344
891,73.0,9344
892,73.0,9344
893,73.0,9344
894,73.0,9344
895,73.0,9344
896,73.0,9344
897,73.0,9344
898,73.0,9344
899,73.0,9344
900,73.0,9344
901,73.0,9344
902,73.0,9344
903,73.0,9344
904,73.0,9344
905,73.0,9344
906,73.0,9344
907,73.0,9344
908,73.0,9344
909,73.0,9344
910,73.0,9344
911,73.0,9344
912,73.0,9344
913,73.0,9344
914,73.0,9344
915,73.0,9344
916,73.0,9344
917,73.0,9344
918,73.0,9344
919,73.0,9344
920,73.0,9344
921,73.0,9344
922,73.0,9344
923,73.0,9344
924,73.0,9344
925,73.0,9344
926,73.0,9344
927,73.0,9344
928,73.0,9344
929,73.0,9344
930,73.0,9344
931,73.0,9344
932,73.0,9344
933,73.0,9344
934,73.0,9344
935,73.0,9344
936,73.0,9344
937,73.0,9344
938,73.0,9344
939,73.0,9344
940,73.0,9344
941,73.0,9344
942,73.0,9344
943,73.0,9344
944,73.0,9344
945,73.0,9344
946,73.0,9344
947,73.0,9344
948,73.0,9344
949,73.0,9344
950,73.0,9344
951,73.0,9344
952,73.0,9344
953,73.0,9344
954,73.0,9344
955,73.0,9344
956,73.0,9344
957,73.0,9344
958,73.0,9344
959,73.0,9344
960,73.0,9344
961,73.0,9344
962,73.0,9344
963,73.0,9344
964,73.0,9344
965,73.0,9344
966,73.0,9344
967,73.0,9344
968,73.0,9344
969,73.0,9344
970,73.0,9344
971,73.0,9344
972,73.0,9344
973,73.0,9344
974,73.0,9344
975,73.0,9344
976,73.0,9344
977,73.0,9344
978,73.0,9344
979,73.0,9344
980,73.0,9344
981,73.0,9344
982,73.0,9344
983,73.0,9344
984,73.0,9344
985,73.0,9344
986,73.0,9344
987,73.0,9344
988,73.0,9344
989,73.0,9344
990,73.0,9344
991,73.0,9344
992,73.0,9344
993,73.0,9344
994,73.0,9344
995,73.0,9344
996,73.0,9344
997,73.0,9344
998,73.0,9344
999,73.0,9344
1000,73.0,9344
1001,73.0,9344
1002,73.0,9344
1003,73.0,9344
1004,73.0,9344
1005,73.0,9344
1006,73.0,9344
1007,73.0,9344
1008,73.0,9344
1009,73.0,9344
1010,73.0,9344
1011,73.0,9344
1012,73.0,9344
1013,73.0,9344
1014,73.0,9344
1015,73.0,9344
1016,73.0,9344
1017,73.0,9344
1018,73.0,9344
1019,73.0,9344
1020,73.0,9344
1021,73.0,9344
1022,73.0,9344
1023,73.0,9344
1024,73.0,9344
1025,73.0,9344
1026,73.0,9344
1027,73.0,9344
1028,73.0,9344
1029,73.0,9344
1030,73.0,9344
1031,73.0,9344
1032,73.0,9344
1033,73.0,9344
1034,73.0,9344
1035,73.0,9344
1036,73.0,9344
1037,73.0,9344
1038,73.0,9344
1039,73.0,9344
1040,73.0,9344
1041,73.0,9344
1042,73.0,9344
1043,73.0,9344
1044,73.0,9344
1045,73.0,9344
1046,73.0,9344
1047,73.0,9344
1048,73.0,9344
1049,73.0,9344
1050,73.0,9344
1051,73.0,9344
1052,73.0,9344
1053,73.0,9344
1054,73.0,9344
1055,73.0,9344
1056,73.0,9344
1057,73.0,9344
1058,73.0,9344
1059,73.0,9344
1060,73.0,9344
1061,73.0,9344
1062,73.0,9344
1063,73.0,9344
1064,73.0,9344
1065,73.0,9344
1066,73.0,9344
1067,73.0,9344
1068,73.0,9344
1069,73.0,9344
1070,73.0,9344
1071,73.0,9344
1072,73.0,9344
1073,73.0,9344
1074,73.0,9344
1075,73.0,9344
1076,73.0,9344
1077,73.0,9344
1078,73.0,9344
1079,73.0,9344
1080,73.0,9344
1081,73.0,9344
1082,73.0,9344
1083,73.0,9344
1084,73.0,9344
1085,73.0,9344
1086,73.0,9344
1087,73.0,9344
1088,73.0,9344
1089,73.0,9344
1090,73.0,9344
1091,81.0,10368
1092,81.0,10368
1093,81.0,10368
1094,73.0,9344
1095,81.0,10368
1096,73.0,9344
1097,73.0,9344
1098,73.0,9344
1099,73.0,9344
1100,73.0,9344
1101,73.0,9344
1102,73.0,9344
1103,73.0,9344
1104,73.0,9344
1105,73.0,9344
1106,73.0,9344
1107,73.0,9344
1108,73.0,9344
1109,73.0,9344
1110,73.0,9344
1111,73.0,9344
1112,73.0,9344
1113,73.0,9344
1114,73.0,9344
1115,73.0,9344
1116,73.0,9344
1117,73.0,9344
1118,73.0,9344
1119,73.0,9344
1120,73.0,9344
1121,73.0,9344
1122,73.0,9344
1123,73.0,9344
1124,73.0,9344
1125,73.0,9344
1126,73.0,9344
1127,73.0,9344
1128,73.0,9344
1129,73.0,9344
1130,73.0,9344
1131,73.0,9344
1132,73.0,9344
1133,73.0,9344
1134,73.0,9344
1135,73.0,9344
1136,73.0,9344
1137,73.0,9344
1138,73.0,9344
1139,73.0,9344
1140,73.0,9344
1141,81.0,10368
1142,73.0,9344
1143,73.0,9344
1144,73.0,9344
1145,73.0,9344
1146,81.0,10368
1147,81.0,10368
1148,81.0,10368
1149,81.0,10368
1150,81.0,10368
1151,81.0,10368
1152,81.0,10368
1153,81.0,10368
1154,81.0,10368
1155,81.0,10368
1156,81.0,10368
1157,81.0,10368
1158,81.0,10368
1159,81.0,10368
1160,81.0,10368
1161,81.0,10368
1162,81.0,10368
1163,81.0,10368
1164,81.0,10368
1165,81.0,10368
1166,81.0,10368
1167,81.0,10368
1168,81.0,10368
1169,73.0,9344
1170,73.0,9344
1171,73.0,9344
1172,81.0,10368
1173,81.0,10368
1174,81.0,10368
1175,73.0,9344
1176,73.0,9344
1177,73.0,9344
1178,81.0,10368
1179,81.0,10368
1180,81.0,10368
1181,81.0,10368
1182,81.0,10368
1183,81.0,10368
1184,81.0,10368
1185,81.0,10368
1186,81.0,10368
1187,81.0,10368
1188,81.0,10368
1189,81.0,10368
1190,81.0,10368
1191,81.0,10368
1192,81.0,10368
1193,81.0,10368
1194,81.0,10368
1195,81.0,10368
1196,81.0,10368
1197,81.0,10368
1198,81.0,10368
1199,81.0,10368
1200,81.0,10368
1201,81.0,10368
1202,81.0,10368
1203,81.0,10368
1204,81.0,10368
1205,81.0,10368
1206,81.0,10368
1207,81.0,10368
1208,81.0,10368
1209,81.0,10368
1210,81.0,10368
1211,81.0,10368
1212,81.0,10368
1213,73.0,9344
1214,73.0,9344
1215,81.0,10368
1216,81.0,10368
1217,81.0,10368
1218,81.0,10368
1219,81.0,10368
1220,81.0,10368
1221,81.0,10368
1222,81.0,10368
1223,81.0,10368
1224,81.0,10368
1225,81.0,10368
1226,81.0,10368
1227,81.0,10368
1228,81.0,10368
1229,81.0,10368
1230,81.0,10368
1231,73.0,9344
1232,73.0,9344
1233,73.0,9344
1234,73.0,9344
1235,73.0,9344
1236,73.0,9344
1237,81.0,10368
1238,81.0,10368
1239,73.0,9344
1240,73.0,9344
1241,73.0,9344
1242,73.0,9344
1243,73.0,9344
1244,73.0,9344
1245,73.0,9344
1246,73.0,9344
1247,73.0,9344
1248,73.0,9344
1249,73.0,9344
1250,73.0,9344
1251,73.0,9344
1252,73.0,9344
1253,73.0,9344
1254,73.0,9344
1255,73.0,9344
1256,73.0,9344
1257,73.0,9344
1258,73.0,9344
1259,73.0,9344
1260,73.0,9344
1261,73.0,9344
1262,73.0,9344
1263,73.0,9344
1264,73.0,9344
1265,73.0,9344
1266,73.0,9344
1267,73.0,9344
1268,73.0,9344
1269,73.0,9344
1270,73.0,9344
1271,73.0,9344
1272,73.0,9344
1273,73.0,9344
1274,73.0,9344
1275,73.0,9344
1276,73.0,9344
1277,73.0,9344
1278,73.0,9344
1279,73.0,9344
1280,73.0,9344
1281,73.0,9344
1282,73.0,9344
1283,73.0,9344
1284,73.0,9344
1285,73.0,9344
1286,73.0,9344
1287,73.0,9344
1288,73.0,9344
1289,73.0,9344
1290,73.0,9344
1291,81.0,10368
1292,81.0,10368
1293,81.0,10368
1294,73.0,9344
1295,73.0,9344
1296,73.0,9344
1297,73.0,9344
1298,73.0,9344
1299,73.0,9344
1300,73.0,9344
1301,73.0,9344
1302,73.0,9344
1303,73.0,9344
1304,73.0,9344
1305,73.0,9344
1306,73.0,9344
1307,73.0,9344
1308,73.0,9344
1309,73.0,9344
1310,73.0,9344
1311,73.0,9344
1312,73.0,9344
1313,73.0,9344
1314,73.0,9344
1315,73.0,9344
1316,73.0,9344
1317,73.0,9344
1318,81.0,10368
1319,73.0,9344
1320,73.0,9344
1321,73.0,9344
1322,81.0,10368
1323,81.0,10368
1324,73.0,9344
1325,73.0,9344
1326,73.0,9344
1327,81.0,10368
1328,73.0,9344
1329,73.0,9344
1330,73.0,9344
1331,73.0,9344
1332,73.0,9344
1333,73.0,9344
1334,73.0,9344
1335,73.0,9344
1336,73.0,9344
1337,73.0,9344
1338,73.0,9344
1339,73.0,9344
1340,73.0,9344
1341,73.0,9344
1342,65.0,8320
1343,65.0,8320
1344,65.0,8320
1345,65.0,8320
1346,65.0,8320
1347,65.0,8320
1348,65.0,8320
1349,65.0,8320
1350,65.0,8320
1351,65.0,8320
1352,65.0,8320
1353,73.0,9344
1354,65.0,8320
1355,65.0,8320
1356,65.0,8320
1357,73.0,9344
1358,73.0,9344
1359,73.0,9344
1360,73.0,9344
1361,73.0,9344
1362,65.0,8320
1363,65.0,8320
1364,65.0,8320
1365,73.0,9344
1366,73.0,9344
1367,73.0,9344
1368,73.0,9344
1369,73.0,9344
1370,65.0,8320
1371,65.0,8320
1372,65.0,8320
1373,73.0,9344
1374,73.0,9344
1375,73.0,9344
1376,73.0,9344
1377,73.0,9344
1378,73.0,9344
1379,73.0,9344
1380,73.0,9344
1381,73.0,9344
1382,73.0,9344
1383,73.0,9344
1384,73.0,9344
1385,73.0,9344
1386,73.0,9344
1387,73.0,9344
1388,73.0,9344
1389,73.0,9344
1390,73.0,9344
1391,73.0,9344
1392,73.0,9344
1393,73.0,9344
1394,65.0,8320
1395,65.0,8320
1396,65.0,8320
1397,73.0,9344
1398,73.0,9344
1399,73.0,9344
1400,73.0,9344
1401,65.0,8320
1402,73.0,9344
1403,73.0,9344
1404,73.0,9344
1405,73.0,9344
1406,73.0,9344
1407,73.0,9344
1408,73.0,9344
1409,73.0,9344
1410,73.0,9344
1411,73.0,9344
1412,65.0,8320
1413,65.0,8320
1414,65.0,8320
1415,65.0,8320
1416,65.0,8320
1417,65.0,8320
1418,65.0,8320
1419,65.0,8320
1420,65.0,8320
1421,73.0,9344
1422,73.0,9344
1423,65.0,8320
1424,65.0,8320
1425,65.0,8320
1426,65.0,8320
1427,73.0,9344
1428,73.0,9344
1429,65.0,8320
1430,73.0,9344
1431,65.0,8320
1432,65.0,8320
1433,65.0,8320
1434,65.0,8320
1435,65.0,8320
1436,65.0,8320
1437,65.0,8320
1438,65.0,8320
1439,65.0,8320
1440,65.0,8320
1441,65.0,8320
1442,65.0,8320
1443,65.0,8320
1444,65.0,8320
1445,65.0,8320
1446,65.0,8320
1447,65.0,8320
1448,65.0,8320
1449,65.0,8320
1450,65.0,8320
1451,65.0,8320
1452,65.0,8320
1453,65.0,8320
1454,65.0,8320
1455,65.0,8320
1456,65.0,8320
1457,65.0,8320
1458,65.0,8320
1459,65.0,8320
1460,65.0,8320
1461,65.0,8320
1462,65.0,8320
1463,65.0,8320
1464,65.0,8320
1465,65.0,8320
1466,65.0,8320
1467,65.0,8320
1468,65.0,8320
1469,65.0,8320
1470,65.0,8320
1471,73.0,9344
1472,65.0,8320
1473,65.0,8320
1474,65.0,8320
1475,73.0,9344
1476,65.0,8320
1477,65.0,8320
1478,65.0,8320
1479,65.0,8320
1480,65.0,8320
1481,73.0,9344
1482,73.0,9344
1483,73.0,9344
1484,65.0,8320
1485,73.0,9344
1486,65.0,8320
1487,65.0,8320
1488,65.0,8320
1489,65.0,8320
1490,65.0,8320
1491,65.0,8320
1492,65.0,8320
1493,65.0,8320
1494,65.0,8320
1495,65.0,8320
1496,65.0,8320
1497,65.0,8320
1498,65.0,8320
1499,65.0,8320
1500,65.0,8320
1501,65.0,8320
1502,65.0,8320
1503,65.0,8320
1504,65.0,8320
1505,65.0,8320
1506,65.0,8320
1507,73.0,9344
1508,73.0,9344
1509,73.0,9344
1510,73.0,9344
1511,73.0,9344
1512,73.0,9344
1513,73.0,9344
1514,73.0,9344
1515,65.0,8320
1516,65.0,8320
1517,65.0,8320
1518,65.0,8320
1519,65.0,8320
1520,65.0,8320
1521,65.0,8320
1522,65.0,8320
1523,65.0,8320
1524,65.0,8320
1525,65.0,8320
1526,65.0,8320
1527,65.0,8320
1528,65.0,8320
1529,65.0,8320
1530,65.0,8320
1531,65.0,8320
1532,65.0,8320
1533,65.0,8320
1534,65.0,8320
1535,65.0,8320
1536,65.0,8320
1537,73.0,9344
1538,73.0,9344
1539,73.0,9344
1540,65.0,8320
1541,65.0,8320
1542,65.0,8320
1543,73.0,9344
1544,73.0,9344
1545,73.0,9344
1546,73.0,9344
1547,73.0,9344
1548,73.0,9344
1549,73.0,9344
1550,73.0,9344
1551,65.0,8320
1552,65.0,8320
1553,65.0,8320
1554,65.0,8320
1555,73.0,9344
1556,73.0,9344
1557,73.0,9344
1558,65.0,8320
1559,65.0,8320
1560,65.0,8320
1561,65.0,8320
1562,65.0,8320
1563,73.0,9344
1564,73.0,9344
1565,65.0,8320
1566,65.0,8320
1567,65.0,8320
1568,65.0,8320
1569,65.0,8320
1570,65.0,8320
1571,65.0,8320
1572,65.0,8320
1573,65.0,8320
1574,65.0,8320
1575,65.0,8320
1576,65.0,8320
1577,65.0,8320
1578,65.0,8320
1579,65.0,8320
1580,65.0,8320
1581,65.0,8320
1582,65.0,8320
1583,65.0,8320
1584,65.0,8320
1585,65.0,8320
1586,65.0,8320
1587,65.0,8320
1588,65.0,8320
1589,65.0,8320
1590,65.0,8320
1591,65.0,8320
1592,65.0,8320
1593,65.0,8320
1594,65.0,8320
1595,65.0,8320
1596,65.0,8320
1597,65.0,8320
1598,65.0,8320
1599,65.0,8320
1600,65.0,8320
1601,65.0,8320
1602,65.0,8320
1603,65.0,8320
1604,65.0,8320
1605,65.0,8320
1606,65.0,8320
1607,65.0,8320
1608,65.0,8320
1609,65.0,8320
1610,65.0,8320
1611,65.0,8320
1612,65.0,8320
1613,65.0,8320
1614,65.0,8320
1615,65.0,8320
1616,65.0,8320
1617,65.0,8320
1618,65.0,8320
1619,65.0,8320
1620,65.0,8320
1621,65.0,8320
1622,65.0,8320
1623,65.0,8320
1624,65.0,8320
1625,65.0,8320
1626,65.0,8320
1627,65.0,8320
1628,65.0,8320
1629,65.0,8320
1630,65.0,8320
1631,65.0,8320
1632,65.0,8320
1633,65.0,8320
1634,65.0,8320
1635,65.0,8320
1636,65.0,8320
1637,65.0,8320
1638,65.0,8320
1639,65.0,8320
1640,65.0,8320
1641,65.0,8320
1642,65.0,8320
1643,65.0,8320
1644,65.0,8320
1645,65.0,8320
1646,65.0,8320
1647,65.0,8320
1648,65.0,8320
1649,65.0,8320
1650,65.0,8320
1651,65.0,8320
1652,65.0,8320
1653,65.0,8320
1654,65.0,8320
1655,65.0,8320
1656,65.0,8320
1657,65.0,8320
1658,65.0,8320
1659,65.0,8320
1660,65.0,8320
1661,65.0,8320
1662,65.0,8320
1663,65.0,8320
1664,65.0,8320
1665,65.0,8320
1666,65.0,8320
1667,65.0,8320
1668,65.0,8320
1669,65.0,8320
1670,65.0,8320
1671,65.0,8320
1672,65.0,8320
1673,65.0,8320
1674,65.0,8320
1675,65.0,8320
1676,65.0,8320
1677,65.0,8320
1678,65.0,8320
1679,65.0,8320
1680,65.0,8320
1681,65.0,8320
1682,65.0,8320
1683,65.0,8320
1684,65.0,8320
1685,65.0,8320
1686,65.0,8320
1687,65.0,8320
1688,65.0,8320
1689,65.0,8320
1690,65.0,8320
1691,65.0,8320
1692,65.0,8320
1693,65.0,8320
1694,65.0,8320
1695,65.0,8320
1696,65.0,8320
1697,65.0,8320
1698,65.0,8320
1699,65.0,8320
1700,65.0,8320
1701,65.0,8320
1702,65.0,8320
1703,65.0,8320
1704,65.0,8320
1705,65.0,8320
1706,65.0,8320
1707,65.0,8320
1708,65.0,8320
1709,65.0,8320
1710,65.0,8320
1711,65.0,8320
1712,65.0,8320
1713,65.0,8320
1714,65.0,8320
1715,65.0,8320
1716,65.0,8320
1717,65.0,8320
1718,65.0,8320
1719,65.0,8320
1720,65.0,8320
1721,65.0,8320
1722,65.0,8320
1723,65.0,8320
1724,65.0,8320
1725,65.0,8320
1726,65.0,8320
1727,65.0,8320
1728,65.0,8320
1729,65.0,8320
1730,65.0,8320
1731,65.0,8320
1732,65.0,8320
1733,65.0,8320
1734,73.0,9344
1735,73.0,9344
1736,73.0,9344
1737,73.0,9344
1738,65.0,8320
1739,65.0,8320
1740,65.0,8320
1741,65.0,8320
1742,65.0,8320
1743,65.0,8320
1744,65.0,8320
1745,65.0,8320
1746,65.0,8320
1747,65.0,8320
1748,65.0,8320
1749,65.0,8320
1750,65.0,8320
1751,65.0,8320
1752,65.0,8320
1753,65.0,8320
1754,65.0,8320
1755,65.0,8320
1756,65.0,8320
1757,65.0,8320
1758,65.0,8320
1759,65.0,8320
1760,65.0,8320
1761,65.0,8320
1762,65.0,8320
1763,65.0,8320
1764,65.0,8320
1765,65.0,8320
1766,65.0,8320
1767,65.0,8320
1768,65.0,8320
1769,65.0,8320
1770,65.0,8320
1771,65.0,8320
1772,65.0,8320
1773,65.0,8320
1774,65.0,8320
1775,65.0,8320
1776,65.0,8320
1777,65.0,8320
1778,65.0,8320
1779,65.0,8320
1780,65.0,8320
1781,65.0,8320
1782,65.0,8320
1783,65.0,8320
1784,65.0,8320
1785,65.0,8320
1786,65.0,8320
1787,65.0,8320
1788,65.0,8320
1789,65.0,8320
1790,65.0,8320
1791,65.0,8320
1792,65.0,8320
1793,65.0,8320
1794,65.0,8320
1795,65.0,8320
1796,65.0,8320
1797,65.0,8320
1798,65.0,8320
1799,65.0,8320
1800,65.0,8320
1801,65.0,8320
1802,65.0,8320
1803,65.0,8320
1804,65.0,8320
1805,73.0,9344
1806,65.0,8320
1807,65.0,8320
1808,65.0,8320
1809,73.0,9344
1810,65.0,8320
1811,65.0,8320
1812,65.0,8320
1813,73.0,9344
1814,65.0,8320
1815,65.0,8320
1816,73.0,9344
1817,73.0,9344
1818,73.0,9344
1819,73.0,9344
1820,73.0,9344
1821,73.0,9344
1822,73.0,9344
1823,73.0,9344
1824,73.0,9344
1825,65.0,8320
1826,73.0,9344
1827,65.0,8320
1828,65.0,8320
1829,65.0,8320
1830,65.0,8320
1831,65.0,8320
1832,65.0,8320
1833,65.0,8320
1834,65.0,8320
1835,65.0,8320
1836,65.0,8320
1837,65.0,8320
1838,65.0,8320
1839,65.0,8320
1840,65.0,8320
1841,65.0,8320
1842,65.0,8320
1843,65.0,8320
1844,65.0,8320
1845,65.0,8320
1846,65.0,8320
1847,65.0,8320
1848,65.0,8320
1849,65.0,8320
1850,65.0,8320
1851,65.0,8320
1852,65.0,8320
1853,65.0,8320
1854,65.0,8320
1855,65.0,8320
1856,65.0,8320
1857,65.0,8320
1858,65.0,8320
1859,65.0,8320
1860,65.0,8320
1861,65.0,8320
1862,65.0,8320
1863,65.0,8320
1864,65.0,8320
1865,65.0,8320
1866,65.0,8320
1867,65.0,8320
1868,65.0,8320
1869,65.0,8320
1870,65.0,8320
1871,65.0,8320
1872,65.0,8320
1873,65.0,8320
1874,65.0,8320
1875,65.0,8320
1876,65.0,8320
1877,65.0,8320
1878,73.0,9344
1879,65.0,8320
1880,65.0,8320
1881,65.0,8320
1882,65.0,8320
1883,65.0,8320
1884,65.0,8320
1885,65.0,8320
1886,65.0,8320
1887,65.0,8320
1888,65.0,8320
1889,65.0,8320
1890,65.0,8320
1891,65.0,8320
1892,65.0,8320
1893,65.0,8320
1894,65.0,8320
1895,65.0,8320
1896,65.0,8320
1897,65.0,8320
1898,65.0,8320
1899,65.0,8320
1900,65.0,8320
1901,65.0,8320
1902,65.0,8320
1903,65.0,8320
1904,65.0,8320
1905,65.0,8320
1906,65.0,8320
1907,65.0,8320
1908,65.0,8320
1909,65.0,8320
1910,65.0,8320
1911,65.0,8320
1912,65.0,8320
1913,65.0,8320
1914,65.0,8320
1915,65.0,8320
1916,65.0,8320
1917,65.0,8320
1918,65.0,8320
1919,65.0,8320
1920,65.0,8320
1921,65.0,8320
1922,65.0,8320
1923,65.0,8320
1924,65.0,8320
1925,65.0,8320
1926,65.0,8320
1927,65.0,8320
1928,65.0,8320
1929,65.0,8320
1930,73.0,9344
1931,73.0,9344
1932,73.0,9344
1933,73.0,9344
1934,73.0,9344
1935,73.0,9344
1936,73.0,9344
1937,73.0,9344
1938,73.0,9344
1939,73.0,9344
1940,73.0,9344
1941,73.0,9344
1942,73.0,9344
1943,73.0,9344
1944,73.0,9344
1945,73.0,9344
1946,73.0,9344
1947,73.0,9344
1948,73.0,9344
1949,73.0,9344
1950,73.0,9344
1951,73.0,9344
1952,73.0,9344
1953,73.0,9344
1954,73.0,9344
1955,73.0,9344
1956,73.0,9344
1957,73.0,9344
1958,73.0,9344
1959,73.0,9344
1960,73.0,9344
1961,73.0,9344
1962,73.0,9344
1963,73.0,9344
1964,73.0,9344
1965,73.0,9344
1966,73.0,9344
1967,73.0,9344
1968,73.0,9344
1969,73.0,9344
1970,73.0,9344
1971,73.0,9344
1972,73.0,9344
1973,73.0,9344
1974,73.0,9344
1975,73.0,9344
1976,73.0,9344
1977,73.0,9344
1978,73.0,9344
1979,73.0,9344
1980,73.0,9344
1981,73.0,9344
1982,73.0,9344
1983,73.0,9344
1984,73.0,9344
1985,73.0,9344
1986,73.0,9344
1987,73.0,9344
1988,73.0,9344
1989,73.0,9344
1990,73.0,9344
1991,73.0,9344
1992,73.0,9344
1993,73.0,9344
1994,73.0,9344
1995,73.0,9344
1996,73.0,9344
1997,73.0,9344
1998,73.0,9344
1999,73.0,9344
2000,73.0,9344
