RandomSeed,62724,Population size:128,Bit Length:64,Crossover Rate:0.7,Mutation Rate:0.005
gen,BestFitness,FitnessEval
1,40,5120
2,39,4992
3,41,5248
4,41,5248
5,40,5120
6,40,5120
7,39,4992
8,41,5248
9,43,5504
10,42,5376
11,44,5632
12,44,5632
13,44,5632
14,45,5760
15,44,5632
16,44,5632
17,44,5632
18,43,5504
19,44,5632
20,46,5888
21,45,5760
22,45,5760
23,46,5888
24,47,6016
25,46,5888
26,46,5888
27,45,5760
28,46,5888
29,46,5888
30,45,5760
31,46,5888
32,46,5888
33,45,5760
34,47,6016
35,49,6272
36,46,5888
37,45,5760
38,46,5888
39,46,5888
40,45,5760
41,45,5760
42,45,5760
43,45,5760
44,45,5760
45,45,5760
46,46,5888
47,47,6016
48,48,6144
49,48,6144
50,45,5760
51,46,5888
52,44,5632
53,45,5760
54,44,5632
55,45,5760
56,45,5760
57,46,5888
58,45,5760
59,45,5760
60,45,5760
61,45,5760
62,46,5888
63,46,5888
64,45,5760
65,45,5760
66,46,5888
67,46,5888
68,46,5888
69,45,5760
70,45,5760
71,44,5632
72,46,5888
73,45,5760
74,47,6016
75,47,6016
76,45,5760
77,44,5632
78,46,5888
79,46,5888
80,47,6016
81,48,6144
82,48,6144
83,44,5632
84,45,5760
85,45,5760
86,46,5888
87,46,5888
88,46,5888
89,47,6016
90,48,6144
91,47,6016
92,47,6016
93,48,6144
94,47,6016
95,49,6272
96,48,6144
97,49,6272
98,47,6016
99,47,6016
100,47,6016
101,46,5888
102,46,5888
103,46,5888
104,46,5888
105,46,5888
106,46,5888
107,47,6016
108,47,6016
109,46,5888
110,46,5888
111,47,6016
112,48,6144
113,48,6144
114,48,6144
115,50,6400
116,49,6272
117,47,6016
118,48,6144
119,47,6016
120,47,6016
121,47,6016
122,46,5888
123,47,6016
124,46,5888
125,47,6016
126,47,6016
127,47,6016
128,47,6016
129,47,6016
130,47,6016
131,47,6016
132,48,6144
133,47,6016
134,48,6144
135,48,6144
136,47,6016
137,48,6144
138,48,6144
139,49,6272
140,50,6400
141,50,6400
142,50,6400
143,50,6400
144,51,6528
145,51,6528
146,50,6400
147,50,6400
148,50,6400
149,51,6528
150,50,6400
151,50,6400
152,50,6400
153,51,6528
154,53,6784
155,53,6784
156,53,6784
157,51,6528
158,51,6528
159,51,6528
160,51,6528
161,51,6528
162,52,6656
163,54,6912
164,52,6656
165,51,6528
166,52,6656
167,51,6528
168,52,6656
169,52,6656
170,51,6528
171,52,6656
172,52,6656
173,53,6784
174,53,6784
175,52,6656
176,53,6784
177,52,6656
178,53,6784
179,53,6784
180,53,6784
181,53,6784
182,53,6784
183,53,6784
184,53,6784
185,52,6656
186,52,6656
187,51,6528
188,52,6656
189,52,6656
190,51,6528
191,52,6656
192,53,6784
193,51,6528
194,50,6400
195,50,6400
196,50,6400
197,49,6272
198,49,6272
199,49,6272
200,50,6400
201,50,6400
202,50,6400
203,51,6528
204,52,6656
205,51,6528
206,52,6656
207,50,6400
208,50,6400
209,50,6400
210,50,6400
211,51,6528
212,50,6400
213,51,6528
214,52,6656
215,51,6528
216,52,6656
217,51,6528
218,51,6528
219,51,6528
220,51,6528
221,51,6528
222,51,6528
223,50,6400
224,51,6528
225,51,6528
226,53,6784
227,53,6784
228,52,6656
229,51,6528
230,49,6272
231,50,6400
232,50,6400
233,50,6400
234,49,6272
235,49,6272
236,49,6272
237,49,6272
238,49,6272
239,50,6400
240,50,6400
241,51,6528
242,51,6528
243,51,6528
244,52,6656
245,51,6528
246,53,6784
247,53,6784
248,53,6784
249,53,6784
250,53,6784
251,53,6784
252,51,6528
253,51,6528
254,51,6528
255,52,6656
256,51,6528
257,50,6400
258,50,6400
259,50,6400
260,51,6528
261,50,6400
262,51,6528
263,51,6528
264,50,6400
265,50,6400
266,51,6528
267,49,6272
268,51,6528
269,50,6400
270,49,6272
271,48,6144
272,49,6272
273,49,6272
274,49,6272
275,49,6272
276,49,6272
277,48,6144
278,49,6272
279,48,6144
280,50,6400
281,49,6272
282,49,6272
283,49,6272
284,49,6272
285,48,6144
286,50,6400
287,50,6400
288,50,6400
289,50,6400
290,51,6528
291,50,6400
292,50,6400
293,48,6144
294,50,6400
295,48,6144
296,49,6272
297,50,6400
298,48,6144
299,49,6272
300,49,6272
301,49,6272
302,50,6400
303,50,6400
304,50,6400
305,50,6400
306,50,6400
307,50,6400
308,49,6272
309,49,6272
310,48,6144
311,49,6272
312,48,6144
313,49,6272
314,49,6272
315,49,6272
316,49,6272
317,52,6656
318,50,6400
319,50,6400
320,50,6400
321,49,6272
322,49,6272
323,48,6144
324,49,6272
325,49,6272
326,50,6400
327,50,6400
328,50,6400
329,51,6528
330,51,6528
331,50,6400
332,51,6528
333,51,6528
334,51,6528
335,51,6528
336,51,6528
337,51,6528
338,52,6656
339,51,6528
340,51,6528
341,51,6528
342,50,6400
343,50,6400
344,51,6528
345,52,6656
346,51,6528
347,51,6528
348,51,6528
349,53,6784
350,52,6656
351,53,6784
352,53,6784
353,51,6528
354,52,6656
355,51,6528
356,51,6528
357,51,6528
358,52,6656
359,51,6528
360,52,6656
361,52,6656
362,50,6400
363,51,6528
364,52,6656
365,53,6784
366,56,7168
367,56,7168
368,54,6912
369,55,7040
370,52,6656
371,54,6912
372,51,6528
373,53,6784
374,53,6784
375,51,6528
376,53,6784
377,54,6912
378,56,7168
379,54,6912
380,54,6912
381,56,7168
382,57,7296
383,55,7040
384,56,7168
385,56,7168
386,56,7168
387,55,7040
388,56,7168
389,55,7040
390,57,7296
391,57,7296
392,55,7040
393,56,7168
394,57,7296
395,57,7296
396,58,7424
397,57,7296
398,55,7040
399,56,7168
400,57,7296
401,57,7296
402,57,7296
403,55,7040
404,56,7168
405,57,7296
406,56,7168
407,57,7296
408,57,7296
409,55,7040
410,56,7168
411,56,7168
412,57,7296
413,57,7296
414,56,7168
415,56,7168
416,57,7296
417,56,7168
418,54,6912
419,56,7168
420,55,7040
421,54,6912
422,54,6912
423,54,6912
424,54,6912
425,55,7040
426,55,7040
427,54,6912
428,54,6912
429,56,7168
430,54,6912
431,54,6912
432,54,6912
433,55,7040
434,56,7168
435,56,7168
436,56,7168
437,56,7168
438,56,7168
439,54,6912
440,54,6912
441,53,6784
442,54,6912
443,56,7168
444,55,7040
445,54,6912
446,55,7040
447,55,7040
448,54,6912
449,55,7040
450,55,7040
451,55,7040
452,56,7168
453,56,7168
454,54,6912
455,54,6912
456,55,7040
457,54,6912
458,54,6912
459,55,7040
460,56,7168
461,55,7040
462,54,6912
463,54,6912
464,54,6912
465,53,6784
466,53,6784
467,54,6912
468,54,6912
469,54,6912
470,55,7040
471,55,7040
472,55,7040
473,55,7040
474,54,6912
475,55,7040
476,56,7168
477,56,7168
478,54,6912
479,54,6912
480,55,7040
481,54,6912
482,55,7040
483,55,7040
484,56,7168
485,54,6912
486,54,6912
487,53,6784
488,53,6784
489,54,6912
490,54,6912
491,54,6912
492,54,6912
493,54,6912
494,55,7040
495,54,6912
496,54,6912
497,54,6912
498,54,6912
499,55,7040
500,56,7168
501,55,7040
502,56,7168
503,54,6912
504,53,6784
505,54,6912
506,54,6912
507,52,6656
508,52,6656
509,53,6784
510,53,6784
511,53,6784
512,52,6656
513,53,6784
514,53,6784
515,53,6784
516,53,6784
517,53,6784
518,53,6784
519,54,6912
520,54,6912
521,54,6912
522,53,6784
523,54,6912
524,52,6656
525,53,6784
526,52,6656
527,51,6528
528,52,6656
529,52,6656
530,53,6784
531,54,6912
532,54,6912
533,54,6912
534,57,7296
535,56,7168
536,55,7040
537,54,6912
538,54,6912
539,54,6912
540,55,7040
541,55,7040
542,56,7168
543,56,7168
544,57,7296
545,56,7168
546,56,7168
547,57,7296
548,54,6912
549,54,6912
550,55,7040
551,55,7040
552,57,7296
553,53,6784
554,54,6912
555,54,6912
556,55,7040
557,57,7296
558,57,7296
559,57,7296
560,56,7168
561,55,7040
562,55,7040
563,55,7040
564,55,7040
565,53,6784
566,53,6784
567,53,6784
568,54,6912
569,53,6784
570,53,6784
571,54,6912
572,54,6912
573,55,7040
574,55,7040
575,55,7040
576,54,6912
577,55,7040
578,56,7168
579,56,7168
580,54,6912
581,54,6912
582,54,6912
583,53,6784
584,53,6784
585,54,6912
586,54,6912
587,54,6912
588,54,6912
589,54,6912
590,54,6912
591,54,6912
592,54,6912
593,53,6784
594,53,6784
595,52,6656
596,53,6784
597,54,6912
598,53,6784
599,53,6784
600,54,6912
601,52,6656
602,54,6912
603,56,7168
604,57,7296
605,53,6784
606,54,6912
607,55,7040
608,56,7168
609,56,7168
610,57,7296
611,57,7296
612,57,7296
613,57,7296
614,56,7168
615,56,7168
616,56,7168
617,55,7040
618,57,7296
619,56,7168
620,55,7040
621,55,7040
622,56,7168
623,56,7168
624,56,7168
625,55,7040
626,55,7040
627,55,7040
628,55,7040
629,54,6912
630,55,7040
631,55,7040
632,55,7040
633,55,7040
634,55,7040
635,55,7040
636,54,6912
637,54,6912
638,54,6912
639,54,6912
640,54,6912
641,53,6784
642,53,6784
643,54,6912
644,54,6912
645,54,6912
646,54,6912
647,54,6912
648,54,6912
649,55,7040
650,54,6912
651,54,6912
652,53,6784
653,52,6656
654,53,6784
655,53,6784
656,54,6912
657,55,7040
658,55,7040
659,54,6912
660,53,6784
661,53,6784
662,53,6784
663,53,6784
664,52,6656
665,52,6656
666,53,6784
667,52,6656
668,54,6912
669,54,6912
670,54,6912
671,55,7040
672,54,6912
673,53,6784
674,53,6784
675,56,7168
676,53,6784
677,53,6784
678,53,6784
679,54,6912
680,54,6912
681,54,6912
682,54,6912
683,52,6656
684,55,7040
685,56,7168
686,55,7040
687,55,7040
688,55,7040
689,53,6784
690,54,6912
691,53,6784
692,53,6784
693,55,7040
694,52,6656
695,52,6656
696,52,6656
697,52,6656
698,52,6656
699,52,6656
700,52,6656
701,52,6656
702,52,6656
703,52,6656
704,52,6656
705,53,6784
706,51,6528
707,51,6528
708,50,6400
709,54,6912
710,54,6912
711,54,6912
712,51,6528
713,51,6528
714,53,6784
715,51,6528
716,52,6656
717,52,6656
718,54,6912
719,54,6912
720,52,6656
721,52,6656
722,53,6784
723,53,6784
724,52,6656
725,52,6656
726,51,6528
727,52,6656
728,53,6784
729,53,6784
730,52,6656
731,52,6656
732,51,6528
733,50,6400
734,50,6400
735,49,6272
736,49,6272
737,49,6272
738,49,6272
739,49,6272
740,50,6400
741,51,6528
742,50,6400
743,50,6400
744,50,6400
745,47,6016
746,49,6272
747,50,6400
748,51,6528
749,52,6656
750,52,6656
751,50,6400
752,54,6912
753,51,6528
754,53,6784
755,53,6784
756,56,7168
757,53,6784
758,53,6784
759,55,7040
760,54,6912
761,55,7040
762,55,7040
763,55,7040
764,54,6912
765,54,6912
766,55,7040
767,55,7040
768,54,6912
769,55,7040
770,52,6656
771,54,6912
772,54,6912
773,52,6656
774,52,6656
775,52,6656
776,52,6656
777,51,6528
778,52,6656
779,52,6656
780,52,6656
781,54,6912
782,52,6656
783,51,6528
784,51,6528
785,51,6528
786,50,6400
787,50,6400
788,51,6528
789,51,6528
790,51,6528
791,51,6528
792,51,6528
793,51,6528
794,50,6400
795,51,6528
796,51,6528
797,52,6656
798,52,6656
799,53,6784
800,54,6912
801,54,6912
802,55,7040
803,52,6656
804,54,6912
805,56,7168
806,53,6784
807,54,6912
808,52,6656
809,52,6656
810,51,6528
811,52,6656
812,52,6656
813,51,6528
814,50,6400
815,51,6528
816,50,6400
817,50,6400
818,50,6400
819,49,6272
820,50,6400
821,50,6400
822,50,6400
823,51,6528
824,50,6400
825,51,6528
826,51,6528
827,51,6528
828,50,6400
829,51,6528
830,50,6400
831,51,6528
832,51,6528
833,50,6400
834,51,6528
835,51,6528
836,49,6272
837,49,6272
838,51,6528
839,52,6656
840,54,6912
841,54,6912
842,52,6656
843,53,6784
844,51,6528
845,51,6528
846,52,6656
847,52,6656
848,52,6656
849,52,6656
850,52,6656
851,53,6784
852,52,6656
853,51,6528
854,53,6784
855,54,6912
856,55,7040
857,55,7040
858,54,6912
859,53,6784
860,53,6784
861,53,6784
862,54,6912
863,54,6912
864,54,6912
865,54,6912
866,53,6784
867,53,6784
868,53,6784
869,54,6912
870,53,6784
871,53,6784
872,54,6912
873,54,6912
874,55,7040
875,55,7040
876,54,6912
877,54,6912
878,54,6912
879,55,7040
880,56,7168
881,55,7040
882,53,6784
883,53,6784
884,53,6784
885,53,6784
886,53,6784
887,54,6912
888,54,6912
889,54,6912
890,54,6912
891,53,6784
892,54,6912
893,54,6912
894,53,6784
895,53,6784
896,53,6784
897,52,6656
898,54,6912
899,54,6912
900,53,6784
901,53,6784
902,55,7040
903,55,7040
904,55,7040
905,54,6912
906,54,6912
907,55,7040
908,55,7040
909,54,6912
910,53,6784
911,53,6784
912,53,6784
913,54,6912
914,53,6784
915,52,6656
916,52,6656
917,52,6656
918,52,6656
919,52,6656
920,52,6656
921,52,6656
922,51,6528
923,52,6656
924,52,6656
925,52,6656
926,53,6784
927,53,6784
928,53,6784
929,53,6784
930,51,6528
931,52,6656
932,53,6784
933,53,6784
934,51,6528
935,52,6656
936,52,6656
937,52,6656
938,52,6656
939,51,6528
940,51,6528
941,51,6528
942,53,6784
943,53,6784
944,53,6784
945,53,6784
946,52,6656
947,52,6656
948,53,6784
949,54,6912
950,53,6784
951,53,6784
952,54,6912
953,54,6912
954,52,6656
955,53,6784
956,53,6784
957,52,6656
958,53,6784
959,52,6656
960,53,6784
961,53,6784
962,54,6912
963,54,6912
964,51,6528
965,52,6656
966,52,6656
967,52,6656
968,52,6656
969,52,6656
970,52,6656
971,52,6656
972,53,6784
973,53,6784
974,51,6528
975,50,6400
976,51,6528
977,50,6400
978,51,6528
979,52,6656
980,49,6272
981,49,6272
982,52,6656
983,50,6400
984,50,6400
985,50,6400
986,50,6400
987,52,6656
988,50,6400
989,50,6400
990,51,6528
991,51,6528
992,51,6528
993,51,6528
994,50,6400
995,50,6400
996,50,6400
997,50,6400
998,51,6528
999,50,6400
1000,49,6272
1001,48,6144
1002,49,6272
1003,50,6400
1004,49,6272
1005,51,6528
1006,51,6528
1007,51,6528
1008,51,6528
1009,50,6400
1010,51,6528
1011,53,6784
1012,49,6272
1013,50,6400
1014,49,6272
1015,49,6272
1016,48,6144
1017,48,6144
1018,49,6272
1019,48,6144
1020,50,6400
1021,50,6400
1022,50,6400
1023,50,6400
1024,52,6656
1025,52,6656
1026,52,6656
1027,50,6400
1028,50,6400
1029,49,6272
1030,50,6400
1031,53,6784
1032,50,6400
1033,50,6400
1034,50,6400
1035,49,6272
1036,49,6272
1037,51,6528
1038,51,6528
1039,49,6272
1040,49,6272
1041,51,6528
1042,50,6400
1043,49,6272
1044,51,6528
1045,51,6528
1046,48,6144
1047,49,6272
1048,49,6272
1049,49,6272
1050,50,6400
1051,49,6272
1052,50,6400
1053,50,6400
1054,50,6400
1055,47,6016
1056,48,6144
1057,48,6144
1058,47,6016
1059,46,5888
1060,46,5888
1061,47,6016
1062,46,5888
1063,48,6144
1064,48,6144
1065,49,6272
1066,48,6144
1067,48,6144
1068,49,6272
1069,50,6400
1070,48,6144
1071,50,6400
1072,51,6528
1073,49,6272
1074,49,6272
1075,48,6144
1076,48,6144
1077,48,6144
1078,48,6144
1079,49,6272
1080,48,6144
1081,47,6016
1082,46,5888
1083,47,6016
1084,47,6016
1085,47,6016
1086,48,6144
1087,48,6144
1088,49,6272
1089,49,6272
1090,49,6272
1091,48,6144
1092,49,6272
1093,48,6144
1094,48,6144
1095,49,6272
1096,48,6144
1097,49,6272
1098,49,6272
1099,47,6016
1100,48,6144
1101,48,6144
1102,49,6272
1103,49,6272
1104,50,6400
1105,51,6528
1106,48,6144
1107,50,6400
1108,48,6144
1109,49,6272
1110,48,6144
1111,48,6144
1112,49,6272
1113,47,6016
1114,47,6016
1115,47,6016
1116,49,6272
1117,47,6016
1118,48,6144
1119,50,6400
1120,51,6528
1121,51,6528
1122,49,6272
1123,49,6272
1124,49,6272
1125,49,6272
1126,50,6400
1127,50,6400
1128,48,6144
1129,48,6144
1130,51,6528
1131,48,6144
1132,49,6272
1133,49,6272
1134,49,6272
1135,51,6528
1136,48,6144
1137,48,6144
1138,51,6528
1139,48,6144
1140,49,6272
1141,48,6144
1142,48,6144
1143,49,6272
1144,50,6400
1145,51,6528
1146,52,6656
1147,51,6528
1148,51,6528
1149,49,6272
1150,49,6272
1151,50,6400
1152,50,6400
1153,50,6400
1154,50,6400
1155,51,6528
1156,52,6656
1157,50,6400
1158,51,6528
1159,49,6272
1160,49,6272
1161,49,6272
1162,49,6272
1163,52,6656
1164,49,6272
1165,50,6400
1166,49,6272
1167,49,6272
1168,50,6400
1169,51,6528
1170,49,6272
1171,49,6272
1172,49,6272
1173,49,6272
1174,50,6400
1175,50,6400
1176,49,6272
1177,50,6400
1178,49,6272
1179,50,6400
1180,49,6272
1181,51,6528
1182,51,6528
1183,50,6400
1184,50,6400
1185,49,6272
1186,51,6528
1187,51,6528
1188,50,6400
1189,51,6528
1190,50,6400
1191,50,6400
1192,50,6400
1193,49,6272
1194,50,6400
1195,49,6272
1196,49,6272
1197,50,6400
1198,51,6528
1199,50,6400
1200,50,6400
1201,49,6272
1202,50,6400
1203,50,6400
1204,50,6400
1205,50,6400
1206,50,6400
1207,50,6400
1208,49,6272
1209,50,6400
1210,49,6272
1211,50,6400
1212,50,6400
1213,50,6400
1214,51,6528
1215,53,6784
1216,50,6400
1217,51,6528
1218,51,6528
1219,49,6272
1220,51,6528
1221,51,6528
1222,50,6400
1223,51,6528
1224,51,6528
1225,50,6400
1226,50,6400
1227,49,6272
1228,48,6144
1229,49,6272
1230,50,6400
1231,48,6144
1232,49,6272
1233,48,6144
1234,49,6272
1235,49,6272
1236,49,6272
1237,49,6272
1238,49,6272
1239,48,6144
1240,49,6272
1241,50,6400
1242,50,6400
1243,48,6144
1244,49,6272
1245,48,6144
1246,50,6400
1247,49,6272
1248,48,6144
1249,48,6144
1250,48,6144
1251,48,6144
1252,49,6272
1253,50,6400
1254,50,6400
1255,51,6528
1256,48,6144
1257,49,6272
1258,48,6144
1259,48,6144
1260,48,6144
1261,49,6272
1262,50,6400
1263,49,6272
1264,49,6272
1265,48,6144
1266,48,6144
1267,49,6272
1268,48,6144
1269,48,6144
1270,48,6144
1271,50,6400
1272,48,6144
1273,49,6272
1274,50,6400
1275,48,6144
1276,48,6144
1277,47,6016
1278,47,6016
1279,48,6144
1280,50,6400
1281,48,6144
1282,47,6016
1283,48,6144
1284,47,6016
1285,47,6016
1286,48,6144
1287,45,5760
1288,45,5760
1289,46,5888
1290,47,6016
1291,47,6016
1292,47,6016
1293,47,6016
1294,47,6016
1295,47,6016
1296,47,6016
1297,47,6016
1298,47,6016
1299,47,6016
1300,47,6016
1301,47,6016
1302,45,5760
1303,45,5760
1304,47,6016
1305,46,5888
1306,46,5888
1307,46,5888
1308,46,5888
1309,46,5888
1310,46,5888
1311,45,5760
1312,45,5760
1313,45,5760
1314,45,5760
1315,46,5888
1316,46,5888
1317,45,5760
1318,45,5760
1319,46,5888
1320,46,5888
1321,46,5888
1322,46,5888
1323,46,5888
1324,45,5760
1325,46,5888
1326,47,6016
1327,47,6016
1328,48,6144
1329,47,6016
1330,47,6016
1331,47,6016
1332,46,5888
1333,47,6016
1334,45,5760
1335,46,5888
1336,45,5760
1337,44,5632
1338,44,5632
1339,44,5632
1340,45,5760
1341,45,5760
1342,46,5888
1343,46,5888
1344,45,5760
1345,44,5632
1346,46,5888
1347,46,5888
1348,47,6016
1349,47,6016
1350,47,6016
1351,48,6144
1352,48,6144
1353,48,6144
1354,49,6272
1355,49,6272
1356,49,6272
1357,49,6272
1358,47,6016
1359,48,6144
1360,48,6144
1361,47,6016
1362,47,6016
1363,47,6016
1364,48,6144
1365,49,6272
1366,49,6272
1367,50,6400
1368,49,6272
1369,48,6144
1370,48,6144
1371,46,5888
1372,47,6016
1373,47,6016
1374,49,6272
1375,47,6016
1376,48,6144
1377,49,6272
1378,51,6528
1379,47,6016
1380,48,6144
1381,48,6144
1382,47,6016
1383,48,6144
1384,48,6144
1385,47,6016
1386,47,6016
1387,47,6016
1388,47,6016
1389,46,5888
1390,47,6016
1391,48,6144
1392,48,6144
1393,46,5888
1394,46,5888
1395,47,6016
1396,47,6016
1397,49,6272
1398,49,6272
1399,49,6272
1400,48,6144
1401,48,6144
1402,48,6144
1403,48,6144
1404,48,6144
1405,48,6144
1406,48,6144
1407,48,6144
1408,49,6272
1409,51,6528
1410,51,6528
1411,50,6400
1412,50,6400
1413,50,6400
1414,49,6272
1415,48,6144
1416,48,6144
1417,48,6144
1418,50,6400
1419,50,6400
1420,51,6528
1421,50,6400
1422,50,6400
1423,51,6528
1424,51,6528
1425,51,6528
1426,51,6528
1427,51,6528
1428,51,6528
1429,52,6656
1430,52,6656
1431,53,6784
1432,53,6784
1433,53,6784
1434,52,6656
1435,52,6656
1436,54,6912
1437,53,6784
1438,52,6656
1439,51,6528
1440,53,6784
1441,53,6784
1442,52,6656
1443,52,6656
1444,54,6912
1445,53,6784
1446,53,6784
1447,55,7040
1448,53,6784
1449,53,6784
1450,53,6784
1451,54,6912
1452,53,6784
1453,53,6784
1454,54,6912
1455,54,6912
1456,54,6912
1457,54,6912
1458,54,6912
1459,56,7168
1460,55,7040
1461,55,7040
1462,55,7040
1463,55,7040
1464,55,7040
1465,56,7168
1466,55,7040
1467,55,7040
1468,55,7040
1469,55,7040
1470,55,7040
1471,56,7168
1472,56,7168
1473,56,7168
1474,55,7040
1475,55,7040
1476,55,7040
1477,53,6784
1478,53,6784
1479,54,6912
1480,54,6912
1481,54,6912
1482,54,6912
1483,54,6912
1484,55,7040
1485,55,7040
1486,55,7040
1487,55,7040
1488,55,7040
1489,54,6912
1490,54,6912
1491,54,6912
1492,55,7040
1493,55,7040
1494,55,7040
1495,55,7040
1496,54,6912
1497,54,6912
1498,54,6912
1499,55,7040
1500,54,6912
1501,54,6912
1502,55,7040
1503,54,6912
1504,53,6784
1505,55,7040
1506,56,7168
1507,54,6912
1508,55,7040
1509,53,6784
1510,53,6784
1511,52,6656
1512,52,6656
1513,52,6656
1514,54,6912
1515,52,6656
1516,52,6656
1517,52,6656
1518,52,6656
1519,52,6656
1520,52,6656
1521,51,6528
1522,51,6528
1523,51,6528
1524,52,6656
1525,55,7040
1526,53,6784
1527,52,6656
1528,52,6656
1529,50,6400
1530,53,6784
1531,53,6784
1532,50,6400
1533,49,6272
1534,49,6272
1535,50,6400
1536,50,6400
1537,50,6400
1538,49,6272
1539,49,6272
1540,49,6272
1541,50,6400
1542,48,6144
1543,49,6272
1544,49,6272
1545,50,6400
1546,51,6528
1547,50,6400
1548,50,6400
1549,50,6400
1550,48,6144
1551,48,6144
1552,49,6272
1553,49,6272
1554,50,6400
1555,49,6272
1556,49,6272
1557,49,6272
1558,49,6272
1559,48,6144
1560,50,6400
1561,50,6400
1562,50,6400
1563,49,6272
1564,50,6400
1565,51,6528
1566,51,6528
1567,50,6400
1568,49,6272
1569,49,6272
1570,50,6400
1571,50,6400
1572,51,6528
1573,49,6272
1574,50,6400
1575,53,6784
1576,50,6400
1577,50,6400
1578,54,6912
1579,50,6400
1580,50,6400
1581,50,6400
1582,51,6528
1583,51,6528
1584,52,6656
1585,52,6656
1586,53,6784
1587,53,6784
1588,53,6784
1589,54,6912
1590,52,6656
1591,52,6656
1592,52,6656
1593,53,6784
1594,51,6528
1595,52,6656
1596,53,6784
1597,54,6912
1598,54,6912
1599,52,6656
1600,52,6656
1601,53,6784
1602,52,6656
1603,51,6528
1604,51,6528
1605,53,6784
1606,51,6528
1607,51,6528
1608,52,6656
1609,50,6400
1610,51,6528
1611,51,6528
1612,52,6656
1613,51,6528
1614,51,6528
1615,51,6528
1616,50,6400
1617,50,6400
1618,50,6400
1619,52,6656
1620,50,6400
1621,51,6528
1622,51,6528
1623,51,6528
1624,50,6400
1625,52,6656
1626,50,6400
1627,50,6400
1628,52,6656
1629,51,6528
1630,52,6656
1631,51,6528
1632,51,6528
1633,51,6528
1634,50,6400
1635,50,6400
1636,51,6528
1637,51,6528
1638,51,6528
1639,51,6528
1640,51,6528
1641,51,6528
1642,50,6400
1643,50,6400
1644,50,6400
1645,49,6272
1646,50,6400
1647,52,6656
1648,50,6400
1649,50,6400
1650,51,6528
1651,51,6528
1652,50,6400
1653,51,6528
1654,50,6400
1655,51,6528
1656,52,6656
1657,55,7040
1658,55,7040
1659,54,6912
1660,53,6784
1661,50,6400
1662,50,6400
1663,52,6656
1664,53,6784
1665,54,6912
1666,54,6912
1667,52,6656
1668,54,6912
1669,51,6528
1670,52,6656
1671,52,6656
1672,53,6784
1673,54,6912
1674,53,6784
1675,52,6656
1676,52,6656
1677,52,6656
1678,52,6656
1679,52,6656
1680,52,6656
1681,52,6656
1682,52,6656
1683,51,6528
1684,51,6528
1685,51,6528
1686,51,6528
1687,51,6528
1688,50,6400
1689,52,6656
1690,51,6528
1691,51,6528
1692,50,6400
1693,50,6400
1694,50,6400
1695,50,6400
1696,51,6528
1697,49,6272
1698,48,6144
1699,48,6144
1700,48,6144
1701,49,6272
1702,50,6400
1703,51,6528
1704,48,6144
1705,47,6016
1706,47,6016
1707,47,6016
1708,47,6016
1709,46,5888
1710,46,5888
1711,47,6016
1712,46,5888
1713,46,5888
1714,47,6016
1715,44,5632
1716,44,5632
1717,45,5760
1718,45,5760
1719,46,5888
1720,46,5888
1721,46,5888
1722,45,5760
1723,48,6144
1724,46,5888
1725,46,5888
1726,48,6144
1727,47,6016
1728,47,6016
1729,48,6144
1730,48,6144
1731,47,6016
1732,47,6016
1733,46,5888
1734,46,5888
1735,46,5888
1736,46,5888
1737,45,5760
1738,46,5888
1739,46,5888
1740,46,5888
1741,47,6016
1742,47,6016
1743,47,6016
1744,48,6144
1745,49,6272
1746,49,6272
1747,49,6272
1748,49,6272
1749,49,6272
1750,50,6400
1751,48,6144
1752,49,6272
1753,49,6272
1754,47,6016
1755,48,6144
1756,48,6144
1757,48,6144
1758,48,6144
1759,49,6272
1760,48,6144
1761,49,6272
1762,50,6400
1763,50,6400
1764,48,6144
1765,50,6400
1766,51,6528
1767,51,6528
1768,50,6400
1769,49,6272
1770,50,6400
1771,50,6400
1772,49,6272
1773,48,6144
1774,50,6400
1775,50,6400
1776,47,6016
1777,48,6144
1778,48,6144
1779,48,6144
1780,50,6400
1781,48,6144
1782,48,6144
1783,49,6272
1784,49,6272
1785,50,6400
1786,50,6400
1787,50,6400
1788,49,6272
1789,49,6272
1790,49,6272
1791,49,6272
1792,48,6144
1793,51,6528
1794,51,6528
1795,53,6784
1796,51,6528
1797,52,6656
1798,52,6656
1799,51,6528
1800,52,6656
1801,52,6656
1802,53,6784
1803,52,6656
1804,52,6656
1805,51,6528
1806,53,6784
1807,51,6528
1808,52,6656
1809,51,6528
1810,51,6528
1811,50,6400
1812,50,6400
1813,50,6400
1814,52,6656
1815,51,6528
1816,51,6528
1817,49,6272
1818,49,6272
1819,50,6400
1820,49,6272
1821,50,6400
1822,50,6400
1823,50,6400
1824,50,6400
1825,49,6272
1826,47,6016
1827,48,6144
1828,48,6144
1829,47,6016
1830,47,6016
1831,49,6272
1832,47,6016
1833,47,6016
1834,46,5888
1835,47,6016
1836,48,6144
1837,47,6016
1838,46,5888
1839,46,5888
1840,49,6272
1841,48,6144
1842,45,5760
1843,46,5888
1844,45,5760
1845,47,6016
1846,48,6144
1847,48,6144
1848,47,6016
1849,48,6144
1850,48,6144
1851,48,6144
1852,47,6016
1853,47,6016
1854,47,6016
1855,47,6016
1856,46,5888
1857,46,5888
1858,47,6016
1859,46,5888
1860,47,6016
1861,48,6144
1862,47,6016
1863,47,6016
1864,46,5888
1865,47,6016
1866,47,6016
1867,47,6016
1868,46,5888
1869,46,5888
1870,47,6016
1871,47,6016
1872,47,6016
1873,47,6016
1874,47,6016
1875,47,6016
1876,47,6016
1877,47,6016
1878,46,5888
1879,47,6016
1880,48,6144
1881,47,6016
1882,48,6144
1883,47,6016
1884,47,6016
1885,50,6400
1886,48,6144
1887,48,6144
1888,47,6016
1889,48,6144
1890,49,6272
1891,49,6272
1892,49,6272
1893,48,6144
1894,48,6144
1895,48,6144
1896,49,6272
1897,47,6016
1898,47,6016
1899,48,6144
1900,47,6016
1901,47,6016
1902,48,6144
1903,48,6144
1904,48,6144
1905,49,6272
1906,50,6400
1907,50,6400
1908,47,6016
1909,49,6272
1910,50,6400
1911,51,6528
1912,49,6272
1913,48,6144
1914,47,6016
1915,48,6144
1916,50,6400
1917,48,6144
1918,50,6400
1919,49,6272
1920,49,6272
1921,48,6144
1922,48,6144
1923,50,6400
1924,50,6400
1925,49,6272
1926,48,6144
1927,50,6400
1928,50,6400
1929,48,6144
1930,47,6016
1931,48,6144
1932,46,5888
1933,49,6272
1934,50,6400
1935,47,6016
1936,47,6016
1937,47,6016
1938,48,6144
1939,48,6144
1940,48,6144
1941,48,6144
1942,48,6144
1943,48,6144
1944,48,6144
1945,47,6016
1946,47,6016
1947,48,6144
1948,47,6016
1949,48,6144
1950,50,6400
1951,50,6400
1952,51,6528
1953,51,6528
1954,49,6272
1955,53,6784
1956,50,6400
1957,50,6400
1958,49,6272
1959,49,6272
1960,49,6272
1961,49,6272
1962,49,6272
1963,49,6272
1964,51,6528
1965,50,6400
1966,50,6400
1967,51,6528
1968,50,6400
1969,51,6528
1970,50,6400
1971,50,6400
1972,51,6528
1973,50,6400
1974,50,6400
1975,49,6272
1976,49,6272
1977,49,6272
1978,49,6272
1979,50,6400
1980,48,6144
1981,49,6272
1982,49,6272
1983,49,6272
1984,48,6144
1985,48,6144
1986,49,6272
1987,47,6016
1988,46,5888
1989,47,6016
1990,46,5888
1991,46,5888
1992,47,6016
1993,47,6016
1994,48,6144
1995,49,6272
1996,49,6272
1997,46,5888
1998,46,5888
1999,47,6016
2000,47,6016
