RandomSeed,24329,Population size:128,Bit Length:64,Crossover Rate:0.7,Mutation Rate:0.005
gen,BestFitness,FitnessEval
1,44,5632
2,45,5760
3,42,5376
4,42,5376
5,43,5504
6,43,5504
7,43,5504
8,41,5248
9,44,5632
10,41,5248
11,41,5248
12,42,5376
13,41,5248
14,43,5504
15,42,5376
16,43,5504
17,43,5504
18,44,5632
19,44,5632
20,44,5632
21,44,5632
22,45,5760
23,45,5760
24,44,5632
25,43,5504
26,46,5888
27,44,5632
28,43,5504
29,44,5632
30,44,5632
31,46,5888
32,46,5888
33,44,5632
34,44,5632
35,47,6016
36,45,5760
37,43,5504
38,43,5504
39,46,5888
40,43,5504
41,43,5504
42,43,5504
43,44,5632
44,44,5632
45,44,5632
46,45,5760
47,45,5760
48,47,6016
49,45,5760
50,45,5760
51,44,5632
52,45,5760
53,44,5632
54,44,5632
55,46,5888
56,45,5760
57,45,5760
58,46,5888
59,48,6144
60,46,5888
61,46,5888
62,48,6144
63,46,5888
64,46,5888
65,50,6400
66,48,6144
67,47,6016
68,46,5888
69,46,5888
70,46,5888
71,46,5888
72,46,5888
73,45,5760
74,47,6016
75,48,6144
76,46,5888
77,48,6144
78,49,6272
79,48,6144
80,49,6272
81,50,6400
82,51,6528
83,50,6400
84,50,6400
85,50,6400
86,49,6272
87,49,6272
88,49,6272
89,48,6144
90,48,6144
91,48,6144
92,50,6400
93,50,6400
94,50,6400
95,49,6272
96,49,6272
97,50,6400
98,50,6400
99,50,6400
100,48,6144
101,48,6144
102,48,6144
103,49,6272
104,50,6400
105,49,6272
106,50,6400
107,48,6144
108,49,6272
109,49,6272
110,47,6016
111,48,6144
112,47,6016
113,49,6272
114,49,6272
115,49,6272
116,50,6400
117,51,6528
118,50,6400
119,51,6528
120,52,6656
121,50,6400
122,50,6400
123,50,6400
124,50,6400
125,50,6400
126,48,6144
127,52,6656
128,52,6656
129,51,6528
130,50,6400
131,51,6528
132,51,6528
133,51,6528
134,50,6400
135,49,6272
136,50,6400
137,50,6400
138,49,6272
139,49,6272
140,48,6144
141,49,6272
142,50,6400
143,49,6272
144,48,6144
145,48,6144
146,49,6272
147,49,6272
148,50,6400
149,51,6528
150,50,6400
151,50,6400
152,53,6784
153,49,6272
154,49,6272
155,49,6272
156,48,6144
157,48,6144
158,47,6016
159,47,6016
160,48,6144
161,48,6144
162,47,6016
163,48,6144
164,47,6016
165,47,6016
166,47,6016
167,47,6016
168,49,6272
169,47,6016
170,46,5888
171,47,6016
172,47,6016
173,47,6016
174,48,6144
175,48,6144
176,50,6400
177,48,6144
178,48,6144
179,48,6144
180,49,6272
181,47,6016
182,47,6016
183,47,6016
184,48,6144
185,48,6144
186,48,6144
187,48,6144
188,48,6144
189,49,6272
190,50,6400
191,47,6016
192,50,6400
193,48,6144
194,47,6016
195,49,6272
196,46,5888
197,46,5888
198,45,5760
199,46,5888
200,46,5888
201,45,5760
202,46,5888
203,47,6016
204,46,5888
205,47,6016
206,46,5888
207,48,6144
208,49,6272
209,47,6016
210,49,6272
211,47,6016
212,48,6144
213,46,5888
214,48,6144
215,47,6016
216,47,6016
217,48,6144
218,47,6016
219,47,6016
220,47,6016
221,48,6144
222,47,6016
223,48,6144
224,48,6144
225,49,6272
226,47,6016
227,48,6144
228,50,6400
229,50,6400
230,50,6400
231,50,6400
232,49,6272
233,48,6144
234,49,6272
235,49,6272
236,50,6400
237,51,6528
238,51,6528
239,51,6528
240,50,6400
241,49,6272
242,49,6272
243,49,6272
244,50,6400
245,49,6272
246,49,6272
247,49,6272
248,49,6272
249,49,6272
250,49,6272
251,48,6144
252,47,6016
253,48,6144
254,48,6144
255,47,6016
256,47,6016
257,48,6144
258,48,6144
259,48,6144
260,48,6144
261,49,6272
262,49,6272
263,49,6272
264,50,6400
265,51,6528
266,52,6656
267,53,6784
268,52,6656
269,51,6528
270,51,6528
271,51,6528
272,49,6272
273,48,6144
274,48,6144
275,47,6016
276,48,6144
277,48,6144
278,49,6272
279,48,6144
280,48,6144
281,48,6144
282,48,6144
283,48,6144
284,49,6272
285,49,6272
286,50,6400
287,51,6528
288,52,6656
289,51,6528
290,50,6400
291,50,6400
292,50,6400
293,51,6528
294,51,6528
295,51,6528
296,50,6400
297,50,6400
298,52,6656
299,51,6528
300,51,6528
301,51,6528
302,50,6400
303,50,6400
304,50,6400
305,50,6400
306,50,6400
307,51,6528
308,50,6400
309,50,6400
310,51,6528
311,51,6528
312,50,6400
313,50,6400
314,50,6400
315,52,6656
316,52,6656
317,52,6656
318,53,6784
319,53,6784
320,52,6656
321,52,6656
322,51,6528
323,53,6784
324,54,6912
325,54,6912
326,54,6912
327,56,7168
328,55,7040
329,54,6912
330,55,7040
331,55,7040
332,55,7040
333,57,7296
334,57,7296
335,55,7040
336,55,7040
337,57,7296
338,58,7424
339,58,7424
340,57,7296
341,57,7296
342,57,7296
343,57,7296
344,57,7296
345,56,7168
346,57,7296
347,58,7424
348,59,7552
349,59,7552
350,58,7424
351,60,7680
352,60,7680
353,60,7680
354,58,7424
355,57,7296
356,58,7424
357,57,7296
358,57,7296
359,58,7424
360,57,7296
361,58,7424
362,59,7552
363,59,7552
364,60,7680
365,59,7552
366,58,7424
367,58,7424
368,58,7424
369,58,7424
370,58,7424
371,57,7296
372,57,7296
373,58,7424
374,57,7296
375,57,7296
376,57,7296
377,57,7296
378,57,7296
379,56,7168
380,55,7040
381,57,7296
382,55,7040
383,56,7168
384,56,7168
385,58,7424
386,58,7424
387,57,7296
388,56,7168
389,58,7424
390,56,7168
391,56,7168
392,56,7168
393,57,7296
394,56,7168
395,56,7168
396,57,7296
397,58,7424
398,56,7168
399,55,7040
400,52,6656
401,54,6912
402,53,6784
403,55,7040
404,53,6784
405,52,6656
406,53,6784
407,53,6784
408,53,6784
409,53,6784
410,52,6656
411,53,6784
412,51,6528
413,53,6784
414,52,6656
415,52,6656
416,52,6656
417,51,6528
418,51,6528
419,53,6784
420,53,6784
421,54,6912
422,53,6784
423,54,6912
424,53,6784
425,53,6784
426,55,7040
427,53,6784
428,54,6912
429,53,6784
430,53,6784
431,53,6784
432,53,6784
433,52,6656
434,52,6656
435,52,6656
436,52,6656
437,52,6656
438,52,6656
439,53,6784
440,56,7168
441,56,7168
442,55,7040
443,55,7040
444,55,7040
445,53,6784
446,56,7168
447,56,7168
448,57,7296
449,54,6912
450,55,7040
451,53,6784
452,52,6656
453,52,6656
454,53,6784
455,53,6784
456,53,6784
457,52,6656
458,52,6656
459,54,6912
460,54,6912
461,54,6912
462,52,6656
463,53,6784
464,53,6784
465,54,6912
466,52,6656
467,50,6400
468,54,6912
469,51,6528
470,52,6656
471,51,6528
472,52,6656
473,51,6528
474,51,6528
475,51,6528
476,50,6400
477,51,6528
478,51,6528
479,50,6400
480,50,6400
481,51,6528
482,50,6400
483,49,6272
484,51,6528
485,50,6400
486,50,6400
487,50,6400
488,51,6528
489,50,6400
490,50,6400
491,50,6400
492,50,6400
493,52,6656
494,52,6656
495,52,6656
496,52,6656
497,53,6784
498,53,6784
499,53,6784
500,55,7040
501,55,7040
502,56,7168
503,55,7040
504,54,6912
505,53,6784
506,53,6784
507,54,6912
508,53,6784
509,54,6912
510,53,6784
511,53,6784
512,55,7040
513,55,7040
514,55,7040
515,54,6912
516,54,6912
517,54,6912
518,56,7168
519,55,7040
520,55,7040
521,54,6912
522,54,6912
523,54,6912
524,54,6912
525,53,6784
526,55,7040
527,54,6912
528,53,6784
529,53,6784
530,53,6784
531,54,6912
532,54,6912
533,55,7040
534,55,7040
535,53,6784
536,52,6656
537,56,7168
538,55,7040
539,53,6784
540,52,6656
541,55,7040
542,55,7040
543,55,7040
544,53,6784
545,53,6784
546,52,6656
547,52,6656
548,52,6656
549,51,6528
550,51,6528
551,53,6784
552,53,6784
553,52,6656
554,52,6656
555,52,6656
556,51,6528
557,51,6528
558,50,6400
559,49,6272
560,49,6272
561,50,6400
562,49,6272
563,50,6400
564,49,6272
565,50,6400
566,50,6400
567,50,6400
568,51,6528
569,51,6528
570,51,6528
571,50,6400
572,49,6272
573,48,6144
574,48,6144
575,49,6272
576,48,6144
577,49,6272
578,48,6144
579,49,6272
580,50,6400
581,49,6272
582,49,6272
583,49,6272
584,49,6272
585,50,6400
586,50,6400
587,50,6400
588,50,6400
589,51,6528
590,51,6528
591,50,6400
592,51,6528
593,51,6528
594,52,6656
595,51,6528
596,51,6528
597,52,6656
598,51,6528
599,52,6656
600,50,6400
601,50,6400
602,50,6400
603,50,6400
604,50,6400
605,49,6272
606,50,6400
607,49,6272
608,49,6272
609,50,6400
610,49,6272
611,50,6400
612,50,6400
613,50,6400
614,51,6528
615,51,6528
616,51,6528
617,51,6528
618,51,6528
619,50,6400
620,51,6528
621,51,6528
622,50,6400
623,53,6784
624,51,6528
625,51,6528
626,49,6272
627,50,6400
628,47,6016
629,48,6144
630,48,6144
631,48,6144
632,47,6016
633,48,6144
634,47,6016
635,47,6016
636,46,5888
637,46,5888
638,47,6016
639,49,6272
640,47,6016
641,47,6016
642,48,6144
643,48,6144
644,48,6144
645,48,6144
646,47,6016
647,47,6016
648,47,6016
649,46,5888
650,48,6144
651,48,6144
652,48,6144
653,49,6272
654,50,6400
655,48,6144
656,49,6272
657,49,6272
658,50,6400
659,50,6400
660,49,6272
661,47,6016
662,48,6144
663,48,6144
664,48,6144
665,50,6400
666,47,6016
667,49,6272
668,50,6400
669,49,6272
670,49,6272
671,48,6144
672,49,6272
673,51,6528
674,51,6528
675,51,6528
676,52,6656
677,52,6656
678,52,6656
679,53,6784
680,52,6656
681,52,6656
682,52,6656
683,52,6656
684,52,6656
685,52,6656
686,52,6656
687,53,6784
688,54,6912
689,53,6784
690,54,6912
691,53,6784
692,52,6656
693,52,6656
694,52,6656
695,52,6656
696,53,6784
697,53,6784
698,53,6784
699,54,6912
700,53,6784
701,53,6784
702,53,6784
703,53,6784
704,52,6656
705,53,6784
706,54,6912
707,53,6784
708,54,6912
709,53,6784
710,53,6784
711,53,6784
712,53,6784
713,52,6656
714,52,6656
715,53,6784
716,53,6784
717,53,6784
718,54,6912
719,53,6784
720,54,6912
721,54,6912
722,54,6912
723,54,6912
724,54,6912
725,54,6912
726,54,6912
727,53,6784
728,53,6784
729,54,6912
730,53,6784
731,53,6784
732,53,6784
733,54,6912
734,53,6784
735,53,6784
736,53,6784
737,53,6784
738,53,6784
739,53,6784
740,53,6784
741,54,6912
742,54,6912
743,55,7040
744,55,7040
745,55,7040
746,54,6912
747,54,6912
748,54,6912
749,52,6656
750,53,6784
751,53,6784
752,54,6912
753,53,6784
754,53,6784
755,55,7040
756,53,6784
757,53,6784
758,52,6656
759,53,6784
760,52,6656
761,51,6528
762,52,6656
763,50,6400
764,51,6528
765,51,6528
766,52,6656
767,51,6528
768,51,6528
769,51,6528
770,51,6528
771,51,6528
772,51,6528
773,52,6656
774,52,6656
775,51,6528
776,53,6784
777,51,6528
778,54,6912
779,54,6912
780,54,6912
781,51,6528
782,51,6528
783,52,6656
784,53,6784
785,52,6656
786,51,6528
787,52,6656
788,53,6784
789,54,6912
790,52,6656
791,52,6656
792,53,6784
793,53,6784
794,53,6784
795,53,6784
796,53,6784
797,53,6784
798,53,6784
799,54,6912
800,55,7040
801,55,7040
802,55,7040
803,54,6912
804,52,6656
805,54,6912
806,52,6656
807,53,6784
808,53,6784
809,54,6912
810,51,6528
811,52,6656
812,53,6784
813,53,6784
814,53,6784
815,54,6912
816,54,6912
817,53,6784
818,54,6912
819,55,7040
820,55,7040
821,54,6912
822,53,6784
823,54,6912
824,53,6784
825,53,6784
826,53,6784
827,54,6912
828,53,6784
829,54,6912
830,55,7040
831,54,6912
832,54,6912
833,53,6784
834,55,7040
835,53,6784
836,53,6784
837,53,6784
838,54,6912
839,53,6784
840,53,6784
841,54,6912
842,55,7040
843,55,7040
844,54,6912
845,54,6912
846,53,6784
847,53,6784
848,52,6656
849,51,6528
850,50,6400
851,51,6528
852,51,6528
853,51,6528
854,51,6528
855,53,6784
856,52,6656
857,50,6400
858,49,6272
859,50,6400
860,51,6528
861,51,6528
862,51,6528
863,52,6656
864,52,6656
865,52,6656
866,52,6656
867,52,6656
868,51,6528
869,51,6528
870,52,6656
871,51,6528
872,53,6784
873,53,6784
874,53,6784
875,53,6784
876,53,6784
877,54,6912
878,52,6656
879,50,6400
880,51,6528
881,51,6528
882,52,6656
883,51,6528
884,54,6912
885,52,6656
886,52,6656
887,52,6656
888,52,6656
889,52,6656
890,52,6656
891,51,6528
892,50,6400
893,50,6400
894,50,6400
895,48,6144
896,50,6400
897,49,6272
898,49,6272
899,51,6528
900,50,6400
901,50,6400
902,50,6400
903,53,6784
904,54,6912
905,52,6656
906,52,6656
907,51,6528
908,50,6400
909,52,6656
910,51,6528
911,51,6528
912,51,6528
913,51,6528
914,51,6528
915,51,6528
916,52,6656
917,51,6528
918,51,6528
919,52,6656
920,52,6656
921,53,6784
922,54,6912
923,54,6912
924,53,6784
925,53,6784
926,53,6784
927,51,6528
928,52,6656
929,53,6784
930,54,6912
931,54,6912
932,54,6912
933,54,6912
934,55,7040
935,55,7040
936,56,7168
937,55,7040
938,52,6656
939,53,6784
940,53,6784
941,53,6784
942,53,6784
943,52,6656
944,52,6656
945,53,6784
946,53,6784
947,53,6784
948,53,6784
949,53,6784
950,53,6784
951,53,6784
952,53,6784
953,54,6912
954,54,6912
955,53,6784
956,52,6656
957,53,6784
958,52,6656
959,54,6912
960,53,6784
961,54,6912
962,54,6912
963,54,6912
964,55,7040
965,55,7040
966,53,6784
967,53,6784
968,53,6784
969,52,6656
970,51,6528
971,52,6656
972,53,6784
973,53,6784
974,53,6784
975,52,6656
976,53,6784
977,53,6784
978,52,6656
979,51,6528
980,53,6784
981,51,6528
982,51,6528
983,50,6400
984,49,6272
985,51,6528
986,50,6400
987,50,6400
988,50,6400
989,49,6272
990,49,6272
991,49,6272
992,49,6272
993,50,6400
994,50,6400
995,51,6528
996,50,6400
997,50,6400
998,49,6272
999,48,6144
1000,49,6272
1001,49,6272
1002,47,6016
1003,48,6144
1004,48,6144
1005,47,6016
1006,47,6016
1007,48,6144
1008,47,6016
1009,46,5888
1010,45,5760
1011,46,5888
1012,48,6144
1013,49,6272
1014,49,6272
1015,47,6016
1016,46,5888
1017,46,5888
1018,46,5888
1019,46,5888
1020,46,5888
1021,48,6144
1022,48,6144
1023,46,5888
1024,47,6016
1025,47,6016
1026,47,6016
1027,47,6016
1028,49,6272
1029,49,6272
1030,49,6272
1031,47,6016
1032,48,6144
1033,47,6016
1034,48,6144
1035,48,6144
1036,48,6144
1037,50,6400
1038,47,6016
1039,47,6016
1040,47,6016
1041,47,6016
1042,48,6144
1043,48,6144
1044,49,6272
1045,49,6272
1046,50,6400
1047,50,6400
1048,50,6400
1049,50,6400
1050,50,6400
1051,50,6400
1052,50,6400
1053,51,6528
1054,50,6400
1055,49,6272
1056,50,6400
1057,50,6400
1058,52,6656
1059,52,6656
1060,52,6656
1061,54,6912
1062,51,6528
1063,52,6656
1064,51,6528
1065,53,6784
1066,52,6656
1067,53,6784
1068,51,6528
1069,52,6656
1070,54,6912
1071,52,6656
1072,52,6656
1073,51,6528
1074,51,6528
1075,50,6400
1076,53,6784
1077,52,6656
1078,52,6656
1079,51,6528
1080,52,6656
1081,54,6912
1082,54,6912
1083,54,6912
1084,52,6656
1085,52,6656
1086,52,6656
1087,51,6528
1088,51,6528
1089,51,6528
1090,52,6656
1091,51,6528
1092,51,6528
1093,51,6528
1094,51,6528
1095,50,6400
1096,51,6528
1097,52,6656
1098,52,6656
1099,51,6528
1100,52,6656
1101,51,6528
1102,52,6656
1103,52,6656
1104,51,6528
1105,53,6784
1106,52,6656
1107,54,6912
1108,51,6528
1109,50,6400
1110,51,6528
1111,51,6528
1112,52,6656
1113,52,6656
1114,52,6656
1115,54,6912
1116,53,6784
1117,52,6656
1118,51,6528
1119,51,6528
1120,51,6528
1121,51,6528
1122,51,6528
1123,52,6656
1124,50,6400
1125,50,6400
1126,50,6400
1127,51,6528
1128,51,6528
1129,51,6528
1130,52,6656
1131,53,6784
1132,51,6528
1133,52,6656
1134,53,6784
1135,52,6656
1136,54,6912
1137,53,6784
1138,54,6912
1139,53,6784
1140,55,7040
1141,55,7040
1142,54,6912
1143,55,7040
1144,53,6784
1145,53,6784
1146,53,6784
1147,53,6784
1148,53,6784
1149,51,6528
1150,51,6528
1151,51,6528
1152,52,6656
1153,53,6784
1154,52,6656
1155,52,6656
1156,53,6784
1157,56,7168
1158,55,7040
1159,56,7168
1160,53,6784
1161,51,6528
1162,51,6528
1163,52,6656
1164,52,6656
1165,53,6784
1166,55,7040
1167,54,6912
1168,53,6784
1169,54,6912
1170,52,6656
1171,51,6528
1172,52,6656
1173,52,6656
1174,53,6784
1175,54,6912
1176,52,6656
1177,52,6656
1178,53,6784
1179,55,7040
1180,52,6656
1181,51,6528
1182,53,6784
1183,53,6784
1184,53,6784
1185,53,6784
1186,55,7040
1187,53,6784
1188,52,6656
1189,54,6912
1190,53,6784
1191,53,6784
1192,53,6784
1193,55,7040
1194,55,7040
1195,55,7040
1196,53,6784
1197,53,6784
1198,54,6912
1199,54,6912
1200,53,6784
1201,52,6656
1202,52,6656
1203,54,6912
1204,54,6912
1205,54,6912
1206,54,6912
1207,53,6784
1208,52,6656
1209,54,6912
1210,53,6784
1211,54,6912
1212,53,6784
1213,53,6784
1214,53,6784
1215,52,6656
1216,54,6912
1217,54,6912
1218,54,6912
1219,54,6912
1220,54,6912
1221,54,6912
1222,54,6912
1223,52,6656
1224,52,6656
1225,53,6784
1226,53,6784
1227,54,6912
1228,55,7040
1229,55,7040
1230,52,6656
1231,51,6528
1232,52,6656
1233,52,6656
1234,52,6656
1235,53,6784
1236,53,6784
1237,52,6656
1238,52,6656
1239,52,6656
1240,52,6656
1241,52,6656
1242,52,6656
1243,52,6656
1244,53,6784
1245,53,6784
1246,52,6656
1247,53,6784
1248,52,6656
1249,53,6784
1250,55,7040
1251,53,6784
1252,54,6912
1253,53,6784
1254,53,6784
1255,53,6784
1256,54,6912
1257,54,6912
1258,53,6784
1259,54,6912
1260,55,7040
1261,53,6784
1262,53,6784
1263,53,6784
1264,54,6912
1265,55,7040
1266,55,7040
1267,55,7040
1268,55,7040
1269,54,6912
1270,55,7040
1271,55,7040
1272,54,6912
1273,55,7040
1274,55,7040
1275,55,7040
1276,56,7168
1277,54,6912
1278,56,7168
1279,54,6912
1280,55,7040
1281,54,6912
1282,54,6912
1283,55,7040
1284,54,6912
1285,54,6912
1286,54,6912
1287,56,7168
1288,56,7168
1289,56,7168
1290,55,7040
1291,54,6912
1292,55,7040
1293,55,7040
1294,55,7040
1295,55,7040
1296,54,6912
1297,53,6784
1298,54,6912
1299,54,6912
1300,53,6784
1301,53,6784
1302,53,6784
1303,53,6784
1304,53,6784
1305,54,6912
1306,54,6912
1307,54,6912
1308,53,6784
1309,53,6784
1310,53,6784
1311,55,7040
1312,55,7040
1313,55,7040
1314,54,6912
1315,52,6656
1316,53,6784
1317,53,6784
1318,53,6784
1319,52,6656
1320,52,6656
1321,52,6656
1322,51,6528
1323,51,6528
1324,51,6528
1325,51,6528
1326,51,6528
1327,51,6528
1328,53,6784
1329,53,6784
1330,53,6784
1331,52,6656
1332,51,6528
1333,52,6656
1334,51,6528
1335,52,6656
1336,53,6784
1337,51,6528
1338,52,6656
1339,53,6784
1340,52,6656
1341,51,6528
1342,50,6400
1343,51,6528
1344,51,6528
1345,51,6528
1346,51,6528
1347,51,6528
1348,51,6528
1349,52,6656
1350,52,6656
1351,52,6656
1352,53,6784
1353,52,6656
1354,52,6656
1355,53,6784
1356,52,6656
1357,52,6656
1358,53,6784
1359,53,6784
1360,52,6656
1361,52,6656
1362,52,6656
1363,54,6912
1364,53,6784
1365,52,6656
1366,52,6656
1367,52,6656
1368,53,6784
1369,51,6528
1370,52,6656
1371,53,6784
1372,52,6656
1373,52,6656
1374,52,6656
1375,54,6912
1376,54,6912
1377,52,6656
1378,53,6784
1379,54,6912
1380,56,7168
1381,56,7168
1382,57,7296
1383,55,7040
1384,56,7168
1385,58,7424
1386,58,7424
1387,56,7168
1388,55,7040
1389,56,7168
1390,55,7040
1391,56,7168
1392,57,7296
1393,54,6912
1394,54,6912
1395,55,7040
1396,54,6912
1397,54,6912
1398,54,6912
1399,55,7040
1400,54,6912
1401,54,6912
1402,54,6912
1403,53,6784
1404,53,6784
1405,53,6784
1406,53,6784
1407,53,6784
1408,52,6656
1409,54,6912
1410,55,7040
1411,54,6912
1412,54,6912
1413,55,7040
1414,53,6784
1415,53,6784
1416,54,6912
1417,53,6784
1418,54,6912
1419,54,6912
1420,54,6912
1421,54,6912
1422,54,6912
1423,54,6912
1424,54,6912
1425,55,7040
1426,55,7040
1427,55,7040
1428,56,7168
1429,56,7168
1430,54,6912
1431,54,6912
1432,54,6912
1433,54,6912
1434,54,6912
1435,55,7040
1436,56,7168
1437,55,7040
1438,55,7040
1439,55,7040
1440,55,7040
1441,53,6784
1442,55,7040
1443,53,6784
1444,53,6784
1445,54,6912
1446,55,7040
1447,53,6784
1448,52,6656
1449,51,6528
1450,52,6656
1451,52,6656
1452,51,6528
1453,51,6528
1454,52,6656
1455,52,6656
1456,52,6656
1457,51,6528
1458,51,6528
1459,51,6528
1460,52,6656
1461,50,6400
1462,52,6656
1463,51,6528
1464,51,6528
1465,51,6528
1466,53,6784
1467,52,6656
1468,52,6656
1469,51,6528
1470,50,6400
1471,51,6528
1472,50,6400
1473,50,6400
1474,50,6400
1475,50,6400
1476,51,6528
1477,52,6656
1478,51,6528
1479,51,6528
1480,51,6528
1481,53,6784
1482,52,6656
1483,51,6528
1484,53,6784
1485,52,6656
1486,51,6528
1487,51,6528
1488,52,6656
1489,52,6656
1490,52,6656
1491,52,6656
1492,51,6528
1493,49,6272
1494,50,6400
1495,49,6272
1496,50,6400
1497,50,6400
1498,51,6528
1499,51,6528
1500,51,6528
1501,50,6400
1502,51,6528
1503,50,6400
1504,50,6400
1505,50,6400
1506,50,6400
1507,49,6272
1508,49,6272
1509,50,6400
1510,49,6272
1511,50,6400
1512,50,6400
1513,51,6528
1514,49,6272
1515,49,6272
1516,50,6400
1517,50,6400
1518,50,6400
1519,51,6528
1520,51,6528
1521,50,6400
1522,50,6400
1523,50,6400
1524,51,6528
1525,51,6528
1526,51,6528
1527,51,6528
1528,51,6528
1529,50,6400
1530,49,6272
1531,49,6272
1532,52,6656
1533,51,6528
1534,51,6528
1535,52,6656
1536,52,6656
1537,52,6656
1538,52,6656
1539,52,6656
1540,52,6656
1541,52,6656
1542,53,6784
1543,51,6528
1544,51,6528
1545,51,6528
1546,51,6528
1547,51,6528
1548,51,6528
1549,51,6528
1550,50,6400
1551,50,6400
1552,50,6400
1553,50,6400
1554,52,6656
1555,52,6656
1556,51,6528
1557,51,6528
1558,52,6656
1559,53,6784
1560,52,6656
1561,53,6784
1562,52,6656
1563,52,6656
1564,51,6528
1565,52,6656
1566,52,6656
1567,53,6784
1568,52,6656
1569,50,6400
1570,51,6528
1571,53,6784
1572,51,6528
1573,52,6656
1574,51,6528
1575,51,6528
1576,52,6656
1577,51,6528
1578,51,6528
1579,52,6656
1580,51,6528
1581,52,6656
1582,52,6656
1583,51,6528
1584,51,6528
1585,52,6656
1586,52,6656
1587,49,6272
1588,51,6528
1589,51,6528
1590,51,6528
1591,52,6656
1592,52,6656
1593,52,6656
1594,52,6656
1595,50,6400
1596,49,6272
1597,52,6656
1598,52,6656
1599,52,6656
1600,53,6784
1601,53,6784
1602,52,6656
1603,53,6784
1604,52,6656
1605,53,6784
1606,55,7040
1607,53,6784
1608,54,6912
1609,54,6912
1610,52,6656
1611,51,6528
1612,53,6784
1613,53,6784
1614,53,6784
1615,53,6784
1616,52,6656
1617,52,6656
1618,53,6784
1619,54,6912
1620,53,6784
1621,54,6912
1622,54,6912
1623,54,6912
1624,54,6912
1625,53,6784
1626,53,6784
1627,53,6784
1628,53,6784
1629,52,6656
1630,51,6528
1631,50,6400
1632,52,6656
1633,50,6400
1634,50,6400
1635,51,6528
1636,51,6528
1637,51,6528
1638,49,6272
1639,51,6528
1640,52,6656
1641,51,6528
1642,50,6400
1643,50,6400
1644,49,6272
1645,50,6400
1646,48,6144
1647,49,6272
1648,49,6272
1649,51,6528
1650,50,6400
1651,50,6400
1652,48,6144
1653,49,6272
1654,49,6272
1655,49,6272
1656,49,6272
1657,49,6272
1658,48,6144
1659,48,6144
1660,48,6144
1661,49,6272
1662,50,6400
1663,49,6272
1664,48,6144
1665,49,6272
1666,50,6400
1667,50,6400
1668,51,6528
1669,51,6528
1670,51,6528
1671,51,6528
1672,51,6528
1673,51,6528
1674,51,6528
1675,53,6784
1676,52,6656
1677,52,6656
1678,52,6656
1679,51,6528
1680,51,6528
1681,51,6528
1682,52,6656
1683,51,6528
1684,51,6528
1685,51,6528
1686,52,6656
1687,52,6656
1688,52,6656
1689,51,6528
1690,51,6528
1691,51,6528
1692,50,6400
1693,50,6400
1694,51,6528
1695,51,6528
1696,51,6528
1697,51,6528
1698,51,6528
1699,52,6656
1700,51,6528
1701,52,6656
1702,53,6784
1703,52,6656
1704,53,6784
1705,53,6784
1706,53,6784
1707,53,6784
1708,52,6656
1709,52,6656
1710,52,6656
1711,52,6656
1712,52,6656
1713,52,6656
1714,52,6656
1715,52,6656
1716,52,6656
1717,52,6656
1718,52,6656
1719,53,6784
1720,51,6528
1721,53,6784
1722,53,6784
1723,53,6784
1724,53,6784
1725,51,6528
1726,52,6656
1727,52,6656
1728,52,6656
1729,52,6656
1730,51,6528
1731,50,6400
1732,51,6528
1733,50,6400
1734,51,6528
1735,51,6528
1736,50,6400
1737,50,6400
1738,50,6400
1739,50,6400
1740,50,6400
1741,51,6528
1742,51,6528
1743,51,6528
1744,50,6400
1745,51,6528
1746,51,6528
1747,52,6656
1748,52,6656
1749,53,6784
1750,52,6656
1751,52,6656
1752,52,6656
1753,52,6656
1754,50,6400
1755,50,6400
1756,50,6400
1757,51,6528
1758,51,6528
1759,50,6400
1760,50,6400
1761,49,6272
1762,50,6400
1763,50,6400
1764,50,6400
1765,50,6400
1766,49,6272
1767,50,6400
1768,50,6400
1769,50,6400
1770,50,6400
1771,50,6400
1772,51,6528
1773,50,6400
1774,50,6400
1775,50,6400
1776,50,6400
1777,50,6400
1778,50,6400
1779,52,6656
1780,49,6272
1781,49,6272
1782,49,6272
1783,51,6528
1784,52,6656
1785,50,6400
1786,49,6272
1787,49,6272
1788,50,6400
1789,50,6400
1790,50,6400
1791,49,6272
1792,49,6272
1793,49,6272
1794,49,6272
1795,49,6272
1796,50,6400
1797,49,6272
1798,51,6528
1799,51,6528
1800,50,6400
1801,50,6400
1802,51,6528
1803,50,6400
1804,51,6528
1805,50,6400
1806,50,6400
1807,51,6528
1808,52,6656
1809,51,6528
1810,51,6528
1811,50,6400
1812,50,6400
1813,49,6272
1814,50,6400
1815,49,6272
1816,49,6272
1817,49,6272
1818,49,6272
1819,49,6272
1820,49,6272
1821,50,6400
1822,50,6400
1823,51,6528
1824,50,6400
1825,50,6400
1826,50,6400
1827,50,6400
1828,51,6528
1829,52,6656
1830,50,6400
1831,51,6528
1832,51,6528
1833,51,6528
1834,51,6528
1835,51,6528
1836,51,6528
1837,51,6528
1838,51,6528
1839,52,6656
1840,51,6528
1841,52,6656
1842,52,6656
1843,52,6656
1844,52,6656
1845,52,6656
1846,52,6656
1847,53,6784
1848,52,6656
1849,53,6784
1850,53,6784
1851,52,6656
1852,53,6784
1853,52,6656
1854,53,6784
1855,52,6656
1856,52,6656
1857,53,6784
1858,53,6784
1859,53,6784
1860,53,6784
1861,53,6784
1862,53,6784
1863,54,6912
1864,55,7040
1865,55,7040
1866,55,7040
1867,56,7168
1868,56,7168
1869,55,7040
1870,55,7040
1871,55,7040
1872,55,7040
1873,54,6912
1874,55,7040
1875,55,7040
1876,56,7168
1877,56,7168
1878,56,7168
1879,57,7296
1880,56,7168
1881,55,7040
1882,55,7040
1883,55,7040
1884,55,7040
1885,54,6912
1886,55,7040
1887,54,6912
1888,53,6784
1889,52,6656
1890,53,6784
1891,54,6912
1892,53,6784
1893,53,6784
1894,52,6656
1895,52,6656
1896,52,6656
1897,52,6656
1898,53,6784
1899,53,6784
1900,53,6784
1901,51,6528
1902,51,6528
1903,51,6528
1904,51,6528
1905,50,6400
1906,50,6400
1907,49,6272
1908,51,6528
1909,51,6528
1910,51,6528
1911,51,6528
1912,52,6656
1913,52,6656
1914,52,6656
1915,52,6656
1916,52,6656
1917,51,6528
1918,51,6528
1919,52,6656
1920,52,6656
1921,51,6528
1922,53,6784
1923,53,6784
1924,52,6656
1925,52,6656
1926,53,6784
1927,53,6784
1928,53,6784
1929,53,6784
1930,54,6912
1931,53,6784
1932,52,6656
1933,53,6784
1934,54,6912
1935,53,6784
1936,53,6784
1937,54,6912
1938,53,6784
1939,53,6784
1940,54,6912
1941,53,6784
1942,52,6656
1943,54,6912
1944,54,6912
1945,53,6784
1946,52,6656
1947,53,6784
1948,52,6656
1949,52,6656
1950,51,6528
1951,51,6528
1952,51,6528
1953,50,6400
1954,51,6528
1955,49,6272
1956,48,6144
1957,49,6272
1958,47,6016
1959,47,6016
1960,49,6272
1961,46,5888
1962,49,6272
1963,49,6272
1964,51,6528
1965,51,6528
1966,49,6272
1967,50,6400
1968,49,6272
1969,47,6016
1970,47,6016
1971,47,6016
1972,48,6144
1973,47,6016
1974,48,6144
1975,47,6016
1976,48,6144
1977,48,6144
1978,48,6144
1979,48,6144
1980,48,6144
1981,50,6400
1982,48,6144
1983,49,6272
1984,48,6144
1985,50,6400
1986,49,6272
1987,50,6400
1988,49,6272
1989,50,6400
1990,50,6400
1991,49,6272
1992,49,6272
1993,50,6400
1994,49,6272
1995,49,6272
1996,49,6272
1997,49,6272
1998,48,6144
1999,49,6272
2000,49,6272
