RandomSeed,45929,Population size:128,Bit Length:64,Crossover Rate:0.7,Mutation Rate:0.005
gen,BestFitness,FitnessEval
1,42,5376
2,42,5376
3,42,5376
4,43,5504
5,43,5504
6,44,5632
7,45,5760
8,45,5760
9,45,5760
10,45,5760
11,45,5760
12,45,5760
13,43,5504
14,42,5376
15,41,5248
16,47,6016
17,46,5888
18,47,6016
19,43,5504
20,43,5504
21,45,5760
22,45,5760
23,46,5888
24,44,5632
25,43,5504
26,43,5504
27,43,5504
28,44,5632
29,44,5632
30,44,5632
31,44,5632
32,45,5760
33,47,6016
34,44,5632
35,46,5888
36,44,5632
37,45,5760
38,44,5632
39,44,5632
40,44,5632
41,44,5632
42,44,5632
43,46,5888
44,46,5888
45,46,5888
46,46,5888
47,46,5888
48,45,5760
49,46,5888
50,47,6016
51,47,6016
52,48,6144
53,46,5888
54,47,6016
55,46,5888
56,46,5888
57,47,6016
58,46,5888
59,46,5888
60,45,5760
61,44,5632
62,45,5760
63,45,5760
64,46,5888
65,46,5888
66,45,5760
67,46,5888
68,46,5888
69,46,5888
70,47,6016
71,46,5888
72,45,5760
73,46,5888
74,46,5888
75,47,6016
76,48,6144
77,48,6144
78,46,5888
79,47,6016
80,47,6016
81,47,6016
82,47,6016
83,47,6016
84,47,6016
85,47,6016
86,47,6016
87,47,6016
88,46,5888
89,47,6016
90,46,5888
91,47,6016
92,47,6016
93,47,6016
94,48,6144
95,49,6272
96,49,6272
97,48,6144
98,49,6272
99,51,6528
100,52,6656
101,52,6656
102,49,6272
103,49,6272
104,50,6400
105,50,6400
106,49,6272
107,50,6400
108,50,6400
109,49,6272
110,50,6400
111,51,6528
112,52,6656
113,51,6528
114,51,6528
115,53,6784
116,52,6656
117,53,6784
118,53,6784
119,53,6784
120,51,6528
121,52,6656
122,52,6656
123,54,6912
124,52,6656
125,53,6784
126,52,6656
127,52,6656
128,52,6656
129,52,6656
130,51,6528
131,51,6528
132,51,6528
133,51,6528
134,51,6528
135,51,6528
136,51,6528
137,51,6528
138,52,6656
139,51,6528
140,50,6400
141,51,6528
142,50,6400
143,50,6400
144,51,6528
145,50,6400
146,51,6528
147,52,6656
148,51,6528
149,51,6528
150,51,6528
151,51,6528
152,51,6528
153,51,6528
154,50,6400
155,51,6528
156,50,6400
157,50,6400
158,51,6528
159,51,6528
160,51,6528
161,51,6528
162,51,6528
163,52,6656
164,53,6784
165,49,6272
166,52,6656
167,52,6656
168,52,6656
169,51,6528
170,51,6528
171,51,6528
172,52,6656
173,52,6656
174,51,6528
175,52,6656
176,51,6528
177,51,6528
178,52,6656
179,52,6656
180,50,6400
181,50,6400
182,51,6528
183,50,6400
184,48,6144
185,49,6272
186,49,6272
187,51,6528
188,51,6528
189,51,6528
190,50,6400
191,49,6272
192,49,6272
193,50,6400
194,50,6400
195,49,6272
196,50,6400
197,50,6400
198,49,6272
199,48,6144
200,49,6272
201,49,6272
202,48,6144
203,50,6400
204,49,6272
205,48,6144
206,49,6272
207,50,6400
208,49,6272
209,48,6144
210,48,6144
211,49,6272
212,49,6272
213,47,6016
214,47,6016
215,47,6016
216,46,5888
217,46,5888
218,47,6016
219,46,5888
220,47,6016
221,49,6272
222,50,6400
223,49,6272
224,49,6272
225,49,6272
226,49,6272
227,49,6272
228,49,6272
229,50,6400
230,48,6144
231,48,6144
232,49,6272
233,49,6272
234,49,6272
235,49,6272
236,48,6144
237,48,6144
238,48,6144
239,48,6144
240,48,6144
241,48,6144
242,48,6144
243,48,6144
244,47,6016
245,48,6144
246,48,6144
247,48,6144
248,47,6016
249,48,6144
250,50,6400
251,49,6272
252,50,6400
253,50,6400
254,49,6272
255,50,6400
256,50,6400
257,51,6528
258,51,6528
259,51,6528
260,50,6400
261,51,6528
262,50,6400
263,51,6528
264,51,6528
265,51,6528
266,51,6528
267,52,6656
268,52,6656
269,51,6528
270,51,6528
271,51,6528
272,52,6656
273,54,6912
274,51,6528
275,52,6656
276,51,6528
277,51,6528
278,51,6528
279,51,6528
280,51,6528
281,51,6528
282,50,6400
283,51,6528
284,52,6656
285,51,6528
286,50,6400
287,50,6400
288,49,6272
289,51,6528
290,50,6400
291,51,6528
292,51,6528
293,51,6528
294,49,6272
295,50,6400
296,50,6400
297,50,6400
298,50,6400
299,50,6400
300,52,6656
301,52,6656
302,51,6528
303,51,6528
304,51,6528
305,51,6528
306,50,6400
307,51,6528
308,49,6272
309,49,6272
310,50,6400
311,49,6272
312,51,6528
313,52,6656
314,51,6528
315,52,6656
316,53,6784
317,53,6784
318,54,6912
319,54,6912
320,52,6656
321,52,6656
322,52,6656
323,52,6656
324,52,6656
325,52,6656
326,51,6528
327,51,6528
328,51,6528
329,51,6528
330,50,6400
331,50,6400
332,52,6656
333,50,6400
334,51,6528
335,51,6528
336,52,6656
337,52,6656
338,52,6656
339,52,6656
340,52,6656
341,52,6656
342,51,6528
343,51,6528
344,50,6400
345,49,6272
346,50,6400
347,51,6528
348,50,6400
349,53,6784
350,50,6400
351,50,6400
352,51,6528
353,51,6528
354,51,6528
355,50,6400
356,50,6400
357,49,6272
358,51,6528
359,51,6528
360,50,6400
361,51,6528
362,50,6400
363,51,6528
364,49,6272
365,50,6400
366,51,6528
367,51,6528
368,50,6400
369,50,6400
370,51,6528
371,50,6400
372,51,6528
373,51,6528
374,51,6528
375,52,6656
376,52,6656
377,52,6656
378,51,6528
379,51,6528
380,53,6784
381,51,6528
382,52,6656
383,52,6656
384,52,6656
385,53,6784
386,53,6784
387,52,6656
388,53,6784
389,52,6656
390,53,6784
391,53,6784
392,53,6784
393,53,6784
394,53,6784
395,52,6656
396,51,6528
397,53,6784
398,52,6656
399,53,6784
400,51,6528
401,52,6656
402,52,6656
403,53,6784
404,52,6656
405,52,6656
406,53,6784
407,54,6912
408,53,6784
409,54,6912
410,53,6784
411,53,6784
412,52,6656
413,52,6656
414,52,6656
415,53,6784
416,55,7040
417,55,7040
418,55,7040
419,52,6656
420,50,6400
421,50,6400
422,51,6528
423,50,6400
424,49,6272
425,50,6400
426,49,6272
427,50,6400
428,48,6144
429,49,6272
430,50,6400
431,49,6272
432,51,6528
433,48,6144
434,48,6144
435,48,6144
436,47,6016
437,48,6144
438,49,6272
439,49,6272
440,50,6400
441,49,6272
442,50,6400
443,50,6400
444,50,6400
445,51,6528
446,51,6528
447,51,6528
448,52,6656
449,51,6528
450,49,6272
451,49,6272
452,48,6144
453,49,6272
454,47,6016
455,47,6016
456,47,6016
457,48,6144
458,49,6272
459,49,6272
460,48,6144
461,49,6272
462,47,6016
463,48,6144
464,48,6144
465,48,6144
466,48,6144
467,49,6272
468,50,6400
469,50,6400
470,49,6272
471,49,6272
472,50,6400
473,49,6272
474,50,6400
475,50,6400
476,50,6400
477,51,6528
478,49,6272
479,50,6400
480,50,6400
481,49,6272
482,50,6400
483,50,6400
484,50,6400
485,51,6528
486,50,6400
487,50,6400
488,50,6400
489,50,6400
490,50,6400
491,50,6400
492,49,6272
493,49,6272
494,49,6272
495,49,6272
496,49,6272
497,48,6144
498,50,6400
499,51,6528
500,49,6272
501,49,6272
502,49,6272
503,49,6272
504,49,6272
505,49,6272
506,48,6144
507,48,6144
508,48,6144
509,48,6144
510,49,6272
511,49,6272
512,48,6144
513,47,6016
514,47,6016
515,47,6016
516,48,6144
517,47,6016
518,46,5888
519,46,5888
520,48,6144
521,46,5888
522,47,6016
523,47,6016
524,47,6016
525,47,6016
526,47,6016
527,47,6016
528,48,6144
529,48,6144
530,50,6400
531,49,6272
532,47,6016
533,48,6144
534,48,6144
535,48,6144
536,49,6272
537,47,6016
538,45,5760
539,47,6016
540,47,6016
541,48,6144
542,47,6016
543,46,5888
544,47,6016
545,48,6144
546,48,6144
547,48,6144
548,48,6144
549,48,6144
550,47,6016
551,47,6016
552,47,6016
553,47,6016
554,47,6016
555,45,5760
556,48,6144
557,49,6272
558,49,6272
559,47,6016
560,48,6144
561,48,6144
562,47,6016
563,47,6016
564,46,5888
565,47,6016
566,50,6400
567,50,6400
568,50,6400
569,50,6400
570,50,6400
571,49,6272
572,49,6272
573,49,6272
574,48,6144
575,47,6016
576,48,6144
577,50,6400
578,48,6144
579,48,6144
580,46,5888
581,47,6016
582,47,6016
583,48,6144
584,47,6016
585,47,6016
586,48,6144
587,48,6144
588,47,6016
589,47,6016
590,48,6144
591,48,6144
592,48,6144
593,46,5888
594,44,5632
595,45,5760
596,44,5632
597,46,5888
598,47,6016
599,46,5888
600,46,5888
601,45,5760
602,48,6144
603,48,6144
604,48,6144
605,48,6144
606,48,6144
607,48,6144
608,50,6400
609,51,6528
610,50,6400
611,46,5888
612,47,6016
613,46,5888
614,47,6016
615,48,6144
616,47,6016
617,48,6144
618,49,6272
619,49,6272
620,48,6144
621,48,6144
622,47,6016
623,48,6144
624,49,6272
625,46,5888
626,49,6272
627,48,6144
628,50,6400
629,49,6272
630,48,6144
631,48,6144
632,48,6144
633,49,6272
634,49,6272
635,47,6016
636,48,6144
637,49,6272
638,48,6144
639,48,6144
640,49,6272
641,49,6272
642,51,6528
643,53,6784
644,53,6784
645,51,6528
646,51,6528
647,50,6400
648,52,6656
649,51,6528
650,51,6528
651,52,6656
652,50,6400
653,49,6272
654,50,6400
655,50,6400
656,51,6528
657,51,6528
658,50,6400
659,50,6400
660,49,6272
661,50,6400
662,49,6272
663,50,6400
664,50,6400
665,49,6272
666,48,6144
667,52,6656
668,49,6272
669,49,6272
670,50,6400
671,49,6272
672,49,6272
673,49,6272
674,49,6272
675,50,6400
676,51,6528
677,52,6656
678,52,6656
679,52,6656
680,52,6656
681,52,6656
682,52,6656
683,51,6528
684,52,6656
685,53,6784
686,54,6912
687,52,6656
688,51,6528
689,51,6528
690,52,6656
691,52,6656
692,54,6912
693,52,6656
694,52,6656
695,51,6528
696,50,6400
697,51,6528
698,51,6528
699,50,6400
700,50,6400
701,49,6272
702,49,6272
703,49,6272
704,49,6272
705,50,6400
706,50,6400
707,50,6400
708,49,6272
709,49,6272
710,49,6272
711,50,6400
712,49,6272
713,51,6528
714,51,6528
715,51,6528
716,51,6528
717,50,6400
718,51,6528
719,51,6528
720,51,6528
721,51,6528
722,50,6400
723,51,6528
724,50,6400
725,50,6400
726,50,6400
727,50,6400
728,51,6528
729,51,6528
730,51,6528
731,51,6528
732,51,6528
733,49,6272
734,50,6400
735,50,6400
736,50,6400
737,50,6400
738,51,6528
739,51,6528
740,51,6528
741,50,6400
742,51,6528
743,51,6528
744,54,6912
745,53,6784
746,52,6656
747,51,6528
748,52,6656
749,52,6656
750,51,6528
751,51,6528
752,52,6656
753,52,6656
754,52,6656
755,52,6656
756,53,6784
757,52,6656
758,52,6656
759,52,6656
760,53,6784
761,51,6528
762,52,6656
763,51,6528
764,51,6528
765,51,6528
766,53,6784
767,51,6528
768,51,6528
769,50,6400
770,50,6400
771,50,6400
772,51,6528
773,50,6400
774,50,6400
775,50,6400
776,50,6400
777,51,6528
778,52,6656
779,52,6656
780,51,6528
781,51,6528
782,52,6656
783,52,6656
784,50,6400
785,51,6528
786,52,6656
787,51,6528
788,52,6656
789,52,6656
790,52,6656
791,52,6656
792,53,6784
793,54,6912
794,53,6784
795,54,6912
796,54,6912
797,54,6912
798,53,6784
799,52,6656
800,52,6656
801,53,6784
802,52,6656
803,51,6528
804,52,6656
805,50,6400
806,52,6656
807,52,6656
808,51,6528
809,51,6528
810,53,6784
811,52,6656
812,52,6656
813,53,6784
814,52,6656
815,51,6528
816,52,6656
817,53,6784
818,53,6784
819,54,6912
820,52,6656
821,51,6528
822,52,6656
823,52,6656
824,52,6656
825,51,6528
826,51,6528
827,52,6656
828,53,6784
829,52,6656
830,52,6656
831,51,6528
832,52,6656
833,52,6656
834,53,6784
835,53,6784
836,52,6656
837,53,6784
838,53,6784
839,52,6656
840,53,6784
841,53,6784
842,53,6784
843,52,6656
844,52,6656
845,53,6784
846,53,6784
847,51,6528
848,53,6784
849,53,6784
850,53,6784
851,54,6912
852,52,6656
853,52,6656
854,53,6784
855,53,6784
856,52,6656
857,51,6528
858,52,6656
859,52,6656
860,52,6656
861,52,6656
862,52,6656
863,52,6656
864,53,6784
865,52,6656
866,52,6656
867,52,6656
868,52,6656
869,52,6656
870,52,6656
871,50,6400
872,51,6528
873,53,6784
874,51,6528
875,51,6528
876,51,6528
877,52,6656
878,51,6528
879,51,6528
880,53,6784
881,51,6528
882,50,6400
883,51,6528
884,51,6528
885,51,6528
886,52,6656
887,52,6656
888,52,6656
889,53,6784
890,52,6656
891,52,6656
892,53,6784
893,53,6784
894,52,6656
895,53,6784
896,53,6784
897,54,6912
898,54,6912
899,52,6656
900,52,6656
901,52,6656
902,53,6784
903,53,6784
904,53,6784
905,53,6784
906,52,6656
907,52,6656
908,49,6272
909,51,6528
910,50,6400
911,50,6400
912,50,6400
913,51,6528
914,49,6272
915,51,6528
916,50,6400
917,49,6272
918,52,6656
919,51,6528
920,51,6528
921,51,6528
922,50,6400
923,50,6400
924,52,6656
925,49,6272
926,48,6144
927,49,6272
928,50,6400
929,50,6400
930,48,6144
931,48,6144
932,49,6272
933,48,6144
934,48,6144
935,47,6016
936,49,6272
937,47,6016
938,48,6144
939,47,6016
940,48,6144
941,48,6144
942,50,6400
943,49,6272
944,50,6400
945,50,6400
946,50,6400
947,50,6400
948,50,6400
949,51,6528
950,50,6400
951,51,6528
952,50,6400
953,52,6656
954,52,6656
955,54,6912
956,52,6656
957,53,6784
958,53,6784
959,49,6272
960,49,6272
961,49,6272
962,48,6144
963,49,6272
964,49,6272
965,51,6528
966,49,6272
967,49,6272
968,48,6144
969,50,6400
970,48,6144
971,49,6272
972,48,6144
973,50,6400
974,48,6144
975,48,6144
976,49,6272
977,49,6272
978,48,6144
979,48,6144
980,47,6016
981,49,6272
982,50,6400
983,48,6144
984,49,6272
985,48,6144
986,50,6400
987,50,6400
988,51,6528
989,49,6272
990,50,6400
991,49,6272
992,49,6272
993,50,6400
994,51,6528
995,51,6528
996,52,6656
997,51,6528
998,51,6528
999,51,6528
1000,51,6528
1001,52,6656
1002,50,6400
1003,51,6528
1004,51,6528
1005,52,6656
1006,52,6656
1007,56,7168
1008,54,6912
1009,52,6656
1010,53,6784
1011,53,6784
1012,53,6784
1013,53,6784
1014,53,6784
1015,51,6528
1016,52,6656
1017,53,6784
1018,52,6656
1019,52,6656
1020,51,6528
1021,52,6656
1022,52,6656
1023,52,6656
1024,53,6784
1025,54,6912
1026,52,6656
1027,51,6528
1028,54,6912
1029,53,6784
1030,53,6784
1031,52,6656
1032,54,6912
1033,52,6656
1034,52,6656
1035,52,6656
1036,53,6784
1037,54,6912
1038,53,6784
1039,53,6784
1040,52,6656
1041,52,6656
1042,53,6784
1043,53,6784
1044,54,6912
1045,52,6656
1046,52,6656
1047,52,6656
1048,53,6784
1049,53,6784
1050,51,6528
1051,52,6656
1052,53,6784
1053,52,6656
1054,53,6784
1055,53,6784
1056,52,6656
1057,53,6784
1058,53,6784
1059,54,6912
1060,55,7040
1061,53,6784
1062,54,6912
1063,55,7040
1064,55,7040
1065,55,7040
1066,53,6784
1067,53,6784
1068,54,6912
1069,52,6656
1070,52,6656
1071,54,6912
1072,53,6784
1073,53,6784
1074,51,6528
1075,52,6656
1076,52,6656
1077,53,6784
1078,52,6656
1079,52,6656
1080,53,6784
1081,53,6784
1082,53,6784
1083,53,6784
1084,53,6784
1085,53,6784
1086,54,6912
1087,54,6912
1088,54,6912
1089,53,6784
1090,52,6656
1091,53,6784
1092,53,6784
1093,52,6656
1094,53,6784
1095,52,6656
1096,51,6528
1097,51,6528
1098,51,6528
1099,51,6528
1100,51,6528
1101,52,6656
1102,51,6528
1103,53,6784
1104,53,6784
1105,54,6912
1106,54,6912
1107,54,6912
1108,55,7040
1109,53,6784
1110,53,6784
1111,51,6528
1112,51,6528
1113,52,6656
1114,53,6784
1115,53,6784
1116,52,6656
1117,52,6656
1118,52,6656
1119,52,6656
1120,52,6656
1121,52,6656
1122,51,6528
1123,52,6656
1124,52,6656
1125,52,6656
1126,55,7040
1127,55,7040
1128,54,6912
1129,53,6784
1130,51,6528
1131,53,6784
1132,52,6656
1133,53,6784
1134,53,6784
1135,53,6784
1136,52,6656
1137,53,6784
1138,52,6656
1139,52,6656
1140,53,6784
1141,53,6784
1142,53,6784
1143,52,6656
1144,53,6784
1145,53,6784
1146,53,6784
1147,53,6784
1148,52,6656
1149,52,6656
1150,53,6784
1151,52,6656
1152,52,6656
1153,53,6784
1154,52,6656
1155,53,6784
1156,54,6912
1157,53,6784
1158,52,6656
1159,53,6784
1160,53,6784
1161,54,6912
1162,54,6912
1163,56,7168
1164,56,7168
1165,56,7168
1166,54,6912
1167,53,6784
1168,55,7040
1169,55,7040
1170,54,6912
1171,55,7040
1172,55,7040
1173,54,6912
1174,55,7040
1175,52,6656
1176,54,6912
1177,53,6784
1178,53,6784
1179,53,6784
1180,54,6912
1181,54,6912
1182,54,6912
1183,54,6912
1184,55,7040
1185,57,7296
1186,56,7168
1187,55,7040
1188,53,6784
1189,55,7040
1190,55,7040
1191,55,7040
1192,54,6912
1193,52,6656
1194,53,6784
1195,54,6912
1196,54,6912
1197,54,6912
1198,53,6784
1199,53,6784
1200,54,6912
1201,54,6912
1202,54,6912
1203,55,7040
1204,54,6912
1205,54,6912
1206,54,6912
1207,54,6912
1208,52,6656
1209,53,6784
1210,52,6656
1211,52,6656
1212,52,6656
1213,51,6528
1214,52,6656
1215,51,6528
1216,52,6656
1217,53,6784
1218,52,6656
1219,53,6784
1220,52,6656
1221,53,6784
1222,53,6784
1223,53,6784
1224,53,6784
1225,52,6656
1226,51,6528
1227,51,6528
1228,52,6656
1229,53,6784
1230,53,6784
1231,53,6784
1232,53,6784
1233,53,6784
1234,53,6784
1235,51,6528
1236,52,6656
1237,52,6656
1238,52,6656
1239,52,6656
1240,52,6656
1241,51,6528
1242,52,6656
1243,51,6528
1244,51,6528
1245,52,6656
1246,53,6784
1247,52,6656
1248,53,6784
1249,52,6656
1250,53,6784
1251,53,6784
1252,52,6656
1253,54,6912
1254,54,6912
1255,52,6656
1256,51,6528
1257,51,6528
1258,52,6656
1259,52,6656
1260,52,6656
1261,53,6784
1262,53,6784
1263,53,6784
1264,51,6528
1265,51,6528
1266,52,6656
1267,52,6656
1268,50,6400
1269,51,6528
1270,51,6528
1271,52,6656
1272,53,6784
1273,53,6784
1274,51,6528
1275,51,6528
1276,52,6656
1277,52,6656
1278,52,6656
1279,50,6400
1280,51,6528
1281,50,6400
1282,50,6400
1283,52,6656
1284,52,6656
1285,52,6656
1286,52,6656
1287,50,6400
1288,52,6656
1289,50,6400
1290,51,6528
1291,51,6528
1292,50,6400
1293,50,6400
1294,49,6272
1295,52,6656
1296,51,6528
1297,51,6528
1298,51,6528
1299,50,6400
1300,51,6528
1301,50,6400
1302,51,6528
1303,50,6400
1304,51,6528
1305,49,6272
1306,49,6272
1307,49,6272
1308,49,6272
1309,49,6272
1310,50,6400
1311,50,6400
1312,51,6528
1313,51,6528
1314,51,6528
1315,50,6400
1316,49,6272
1317,49,6272
1318,49,6272
1319,50,6400
1320,50,6400
1321,48,6144
1322,49,6272
1323,49,6272
1324,50,6400
1325,49,6272
1326,49,6272
1327,51,6528
1328,50,6400
1329,50,6400
1330,52,6656
1331,51,6528
1332,52,6656
1333,52,6656
1334,53,6784
1335,52,6656
1336,54,6912
1337,53,6784
1338,53,6784
1339,52,6656
1340,52,6656
1341,52,6656
1342,52,6656
1343,51,6528
1344,51,6528
1345,53,6784
1346,52,6656
1347,54,6912
1348,53,6784
1349,52,6656
1350,53,6784
1351,53,6784
1352,52,6656
1353,52,6656
1354,54,6912
1355,53,6784
1356,53,6784
1357,53,6784
1358,53,6784
1359,53,6784
1360,53,6784
1361,53,6784
1362,53,6784
1363,53,6784
1364,53,6784
1365,52,6656
1366,52,6656
1367,51,6528
1368,53,6784
1369,51,6528
1370,52,6656
1371,52,6656
1372,52,6656
1373,52,6656
1374,53,6784
1375,53,6784
1376,53,6784
1377,53,6784
1378,52,6656
1379,53,6784
1380,52,6656
1381,52,6656
1382,53,6784
1383,53,6784
1384,53,6784
1385,52,6656
1386,52,6656
1387,52,6656
1388,52,6656
1389,51,6528
1390,52,6656
1391,53,6784
1392,53,6784
1393,53,6784
1394,53,6784
1395,53,6784
1396,53,6784
1397,53,6784
1398,53,6784
1399,54,6912
1400,54,6912
1401,53,6784
1402,53,6784
1403,53,6784
1404,53,6784
1405,54,6912
1406,52,6656
1407,50,6400
1408,51,6528
1409,50,6400
1410,49,6272
1411,50,6400
1412,51,6528
1413,51,6528
1414,51,6528
1415,51,6528
1416,51,6528
1417,52,6656
1418,51,6528
1419,50,6400
1420,50,6400
1421,50,6400
1422,51,6528
1423,50,6400
1424,50,6400
1425,51,6528
1426,52,6656
1427,49,6272
1428,49,6272
1429,50,6400
1430,49,6272
1431,49,6272
1432,49,6272
1433,50,6400
1434,50,6400
1435,49,6272
1436,49,6272
1437,50,6400
1438,50,6400
1439,50,6400
1440,51,6528
1441,52,6656
1442,51,6528
1443,51,6528
1444,51,6528
1445,50,6400
1446,50,6400
1447,49,6272
1448,49,6272
1449,50,6400
1450,51,6528
1451,52,6656
1452,51,6528
1453,52,6656
1454,52,6656
1455,53,6784
1456,52,6656
1457,52,6656
1458,52,6656
1459,52,6656
1460,52,6656
1461,52,6656
1462,52,6656
1463,52,6656
1464,52,6656
1465,52,6656
1466,51,6528
1467,51,6528
1468,52,6656
1469,52,6656
1470,52,6656
1471,51,6528
1472,52,6656
1473,52,6656
1474,52,6656
1475,50,6400
1476,50,6400
1477,51,6528
1478,51,6528
1479,51,6528
1480,54,6912
1481,51,6528
1482,53,6784
1483,52,6656
1484,53,6784
1485,53,6784
1486,53,6784
1487,54,6912
1488,54,6912
1489,52,6656
1490,51,6528
1491,52,6656
1492,53,6784
1493,53,6784
1494,53,6784
1495,54,6912
1496,53,6784
1497,54,6912
1498,53,6784
1499,53,6784
1500,53,6784
1501,52,6656
1502,53,6784
1503,52,6656
1504,52,6656
1505,53,6784
1506,52,6656
1507,52,6656
1508,55,7040
1509,53,6784
1510,53,6784
1511,53,6784
1512,53,6784
1513,53,6784
1514,53,6784
1515,52,6656
1516,52,6656
1517,52,6656
1518,52,6656
1519,52,6656
1520,52,6656
1521,52,6656
1522,52,6656
1523,52,6656
1524,52,6656
1525,52,6656
1526,52,6656
1527,52,6656
1528,52,6656
1529,51,6528
1530,54,6912
1531,54,6912
1532,54,6912
1533,55,7040
1534,54,6912
1535,53,6784
1536,54,6912
1537,53,6784
1538,54,6912
1539,55,7040
1540,54,6912
1541,54,6912
1542,55,7040
1543,54,6912
1544,55,7040
1545,55,7040
1546,54,6912
1547,54,6912
1548,53,6784
1549,53,6784
1550,53,6784
1551,53,6784
1552,54,6912
1553,54,6912
1554,54,6912
1555,55,7040
1556,56,7168
1557,54,6912
1558,54,6912
1559,53,6784
1560,54,6912
1561,55,7040
1562,55,7040
1563,54,6912
1564,53,6784
1565,54,6912
1566,54,6912
1567,55,7040
1568,54,6912
1569,55,7040
1570,54,6912
1571,54,6912
1572,54,6912
1573,53,6784
1574,54,6912
1575,53,6784
1576,55,7040
1577,54,6912
1578,53,6784
1579,54,6912
1580,54,6912
1581,53,6784
1582,53,6784
1583,53,6784
1584,52,6656
1585,53,6784
1586,52,6656
1587,53,6784
1588,53,6784
1589,53,6784
1590,53,6784
1591,52,6656
1592,52,6656
1593,53,6784
1594,52,6656
1595,53,6784
1596,54,6912
1597,55,7040
1598,52,6656
1599,52,6656
1600,51,6528
1601,53,6784
1602,53,6784
1603,53,6784
1604,52,6656
1605,53,6784
1606,54,6912
1607,54,6912
1608,53,6784
1609,52,6656
1610,51,6528
1611,52,6656
1612,52,6656
1613,52,6656
1614,52,6656
1615,53,6784
1616,53,6784
1617,54,6912
1618,55,7040
1619,55,7040
1620,54,6912
1621,54,6912
1622,51,6528
1623,50,6400
1624,51,6528
1625,52,6656
1626,53,6784
1627,53,6784
1628,51,6528
1629,51,6528
1630,51,6528
1631,52,6656
1632,51,6528
1633,53,6784
1634,51,6528
1635,50,6400
1636,51,6528
1637,51,6528
1638,50,6400
1639,49,6272
1640,50,6400
1641,51,6528
1642,50,6400
1643,49,6272
1644,51,6528
1645,51,6528
1646,51,6528
1647,50,6400
1648,50,6400
1649,50,6400
1650,50,6400
1651,49,6272
1652,49,6272
1653,50,6400
1654,49,6272
1655,51,6528
1656,50,6400
1657,50,6400
1658,51,6528
1659,51,6528
1660,51,6528
1661,50,6400
1662,51,6528
1663,51,6528
1664,52,6656
1665,51,6528
1666,51,6528
1667,50,6400
1668,51,6528
1669,50,6400
1670,51,6528
1671,51,6528
1672,51,6528
1673,50,6400
1674,50,6400
1675,50,6400
1676,51,6528
1677,51,6528
1678,51,6528
1679,52,6656
1680,52,6656
1681,51,6528
1682,51,6528
1683,51,6528
1684,50,6400
1685,51,6528
1686,53,6784
1687,51,6528
1688,51,6528
1689,51,6528
1690,51,6528
1691,50,6400
1692,50,6400
1693,51,6528
1694,52,6656
1695,51,6528
1696,51,6528
1697,51,6528
1698,50,6400
1699,51,6528
1700,52,6656
1701,51,6528
1702,50,6400
1703,50,6400
1704,49,6272
1705,50,6400
1706,51,6528
1707,51,6528
1708,51,6528
1709,51,6528
1710,50,6400
1711,51,6528
1712,51,6528
1713,50,6400
1714,49,6272
1715,50,6400
1716,50,6400
1717,49,6272
1718,50,6400
1719,49,6272
1720,49,6272
1721,50,6400
1722,49,6272
1723,50,6400
1724,52,6656
1725,52,6656
1726,49,6272
1727,49,6272
1728,49,6272
1729,51,6528
1730,50,6400
1731,50,6400
1732,50,6400
1733,49,6272
1734,49,6272
1735,49,6272
1736,49,6272
1737,48,6144
1738,48,6144
1739,48,6144
1740,48,6144
1741,49,6272
1742,49,6272
1743,50,6400
1744,48,6144
1745,48,6144
1746,49,6272
1747,49,6272
1748,50,6400
1749,50,6400
1750,50,6400
1751,50,6400
1752,49,6272
1753,49,6272
1754,50,6400
1755,50,6400
1756,50,6400
1757,51,6528
1758,51,6528
1759,50,6400
1760,49,6272
1761,50,6400
1762,50,6400
1763,49,6272
1764,47,6016
1765,48,6144
1766,48,6144
1767,48,6144
1768,48,6144
1769,48,6144
1770,48,6144
1771,48,6144
1772,50,6400
1773,50,6400
1774,51,6528
1775,49,6272
1776,49,6272
1777,50,6400
1778,51,6528
1779,51,6528
1780,50,6400
1781,50,6400
1782,50,6400
1783,52,6656
1784,51,6528
1785,51,6528
1786,50,6400
1787,51,6528
1788,51,6528
1789,50,6400
1790,51,6528
1791,50,6400
1792,50,6400
1793,50,6400
1794,50,6400
1795,52,6656
1796,50,6400
1797,51,6528
1798,50,6400
1799,51,6528
1800,52,6656
1801,51,6528
1802,51,6528
1803,53,6784
1804,53,6784
1805,51,6528
1806,51,6528
1807,51,6528
1808,52,6656
1809,51,6528
1810,52,6656
1811,52,6656
1812,52,6656
1813,51,6528
1814,52,6656
1815,50,6400
1816,49,6272
1817,50,6400
1818,50,6400
1819,50,6400
1820,51,6528
1821,52,6656
1822,52,6656
1823,51,6528
1824,51,6528
1825,51,6528
1826,51,6528
1827,51,6528
1828,52,6656
1829,51,6528
1830,50,6400
1831,50,6400
1832,51,6528
1833,50,6400
1834,51,6528
1835,51,6528
1836,52,6656
1837,51,6528
1838,52,6656
1839,51,6528
1840,50,6400
1841,50,6400
1842,49,6272
1843,51,6528
1844,50,6400
1845,49,6272
1846,50,6400
1847,52,6656
1848,52,6656
1849,52,6656
1850,51,6528
1851,50,6400
1852,52,6656
1853,52,6656
1854,52,6656
1855,53,6784
1856,52,6656
1857,52,6656
1858,52,6656
1859,55,7040
1860,55,7040
1861,55,7040
1862,56,7168
1863,55,7040
1864,55,7040
1865,56,7168
1866,55,7040
1867,55,7040
1868,55,7040
1869,56,7168
1870,56,7168
1871,56,7168
1872,58,7424
1873,58,7424
1874,57,7296
1875,57,7296
1876,57,7296
1877,57,7296
1878,57,7296
1879,58,7424
1880,56,7168
1881,56,7168
1882,56,7168
1883,56,7168
1884,57,7296
1885,57,7296
1886,57,7296
1887,56,7168
1888,56,7168
1889,55,7040
1890,55,7040
1891,55,7040
1892,56,7168
1893,55,7040
1894,55,7040
1895,56,7168
1896,55,7040
1897,56,7168
1898,56,7168
1899,57,7296
1900,57,7296
1901,56,7168
1902,56,7168
1903,55,7040
1904,55,7040
1905,55,7040
1906,56,7168
1907,55,7040
1908,56,7168
1909,51,6528
1910,53,6784
1911,52,6656
1912,51,6528
1913,51,6528
1914,51,6528
1915,51,6528
1916,51,6528
1917,51,6528
1918,51,6528
1919,52,6656
1920,51,6528
1921,54,6912
1922,53,6784
1923,52,6656
1924,53,6784
1925,53,6784
1926,52,6656
1927,51,6528
1928,52,6656
1929,52,6656
1930,51,6528
1931,52,6656
1932,52,6656
1933,53,6784
1934,51,6528
1935,50,6400
1936,51,6528
1937,52,6656
1938,53,6784
1939,53,6784
1940,53,6784
1941,55,7040
1942,55,7040
1943,54,6912
1944,54,6912
1945,54,6912
1946,54,6912
1947,54,6912
1948,54,6912
1949,55,7040
1950,54,6912
1951,54,6912
1952,54,6912
1953,54,6912
1954,53,6784
1955,54,6912
1956,54,6912
1957,54,6912
1958,52,6656
1959,52,6656
1960,52,6656
1961,52,6656
1962,52,6656
1963,52,6656
1964,52,6656
1965,52,6656
1966,52,6656
1967,51,6528
1968,51,6528
1969,52,6656
1970,52,6656
1971,52,6656
1972,52,6656
1973,51,6528
1974,53,6784
1975,52,6656
1976,52,6656
1977,51,6528
1978,53,6784
1979,53,6784
1980,54,6912
1981,53,6784
1982,54,6912
1983,54,6912
1984,54,6912
1985,53,6784
1986,53,6784
1987,53,6784
1988,53,6784
1989,53,6784
1990,52,6656
1991,53,6784
1992,54,6912
1993,54,6912
1994,54,6912
1995,52,6656
1996,51,6528
1997,52,6656
1998,54,6912
1999,51,6528
2000,50,6400
