RandomSeed,34284,Population size:128,Bit Length:64,Crossover Rate:0.7,Mutation Rate:0.005
gen,BestFitness,FitnessEval
1,43,5504
2,45,5760
3,42,5376
4,41,5248
5,41,5248
6,41,5248
7,40,5120
8,37,4736
9,38,4864
10,39,4992
11,40,5120
12,40,5120
13,40,5120
14,40,5120
15,41,5248
16,40,5120
17,41,5248
18,41,5248
19,41,5248
20,42,5376
21,43,5504
22,44,5632
23,43,5504
24,42,5376
25,42,5376
26,43,5504
27,43,5504
28,44,5632
29,43,5504
30,43,5504
31,43,5504
32,43,5504
33,43,5504
34,45,5760
35,43,5504
36,45,5760
37,44,5632
38,44,5632
39,45,5760
40,43,5504
41,45,5760
42,43,5504
43,45,5760
44,45,5760
45,47,6016
46,45,5760
47,45,5760
48,45,5760
49,47,6016
50,47,6016
51,47,6016
52,47,6016
53,48,6144
54,47,6016
55,46,5888
56,47,6016
57,46,5888
58,46,5888
59,47,6016
60,47,6016
61,46,5888
62,47,6016
63,47,6016
64,47,6016
65,48,6144
66,49,6272
67,47,6016
68,47,6016
69,48,6144
70,50,6400
71,49,6272
72,48,6144
73,49,6272
74,48,6144
75,48,6144
76,48,6144
77,47,6016
78,47,6016
79,48,6144
80,49,6272
81,49,6272
82,48,6144
83,47,6016
84,47,6016
85,47,6016
86,47,6016
87,48,6144
88,49,6272
89,50,6400
90,50,6400
91,50,6400
92,49,6272
93,49,6272
94,49,6272
95,48,6144
96,49,6272
97,49,6272
98,49,6272
99,49,6272
100,51,6528
101,50,6400
102,48,6144
103,49,6272
104,50,6400
105,50,6400
106,50,6400
107,51,6528
108,50,6400
109,50,6400
110,49,6272
111,49,6272
112,50,6400
113,50,6400
114,52,6656
115,52,6656
116,52,6656
117,52,6656
118,51,6528
119,51,6528
120,53,6784
121,52,6656
122,53,6784
123,51,6528
124,53,6784
125,53,6784
126,52,6656
127,52,6656
128,52,6656
129,53,6784
130,53,6784
131,53,6784
132,53,6784
133,53,6784
134,53,6784
135,52,6656
136,51,6528
137,51,6528
138,51,6528
139,50,6400
140,50,6400
141,51,6528
142,50,6400
143,51,6528
144,52,6656
145,51,6528
146,51,6528
147,53,6784
148,52,6656
149,53,6784
150,53,6784
151,53,6784
152,52,6656
153,51,6528
154,51,6528
155,53,6784
156,52,6656
157,51,6528
158,51,6528
159,51,6528
160,51,6528
161,52,6656
162,51,6528
163,51,6528
164,50,6400
165,50,6400
166,51,6528
167,51,6528
168,50,6400
169,50,6400
170,50,6400
171,50,6400
172,50,6400
173,51,6528
174,49,6272
175,50,6400
176,50,6400
177,50,6400
178,49,6272
179,49,6272
180,49,6272
181,49,6272
182,49,6272
183,49,6272
184,50,6400
185,48,6144
186,48,6144
187,48,6144
188,48,6144
189,47,6016
190,49,6272
191,49,6272
192,49,6272
193,51,6528
194,48,6144
195,47,6016
196,48,6144
197,48,6144
198,48,6144
199,49,6272
200,46,5888
201,47,6016
202,45,5760
203,45,5760
204,46,5888
205,47,6016
206,48,6144
207,48,6144
208,48,6144
209,47,6016
210,47,6016
211,46,5888
212,48,6144
213,46,5888
214,46,5888
215,47,6016
216,46,5888
217,47,6016
218,47,6016
219,47,6016
220,48,6144
221,46,5888
222,47,6016
223,46,5888
224,47,6016
225,48,6144
226,48,6144
227,48,6144
228,50,6400
229,51,6528
230,49,6272
231,48,6144
232,48,6144
233,48,6144
234,48,6144
235,49,6272
236,49,6272
237,49,6272
238,50,6400
239,50,6400
240,50,6400
241,48,6144
242,49,6272
243,49,6272
244,50,6400
245,50,6400
246,49,6272
247,52,6656
248,52,6656
249,50,6400
250,50,6400
251,50,6400
252,51,6528
253,51,6528
254,51,6528
255,51,6528
256,52,6656
257,52,6656
258,52,6656
259,52,6656
260,52,6656
261,52,6656
262,52,6656
263,53,6784
264,51,6528
265,51,6528
266,50,6400
267,50,6400
268,50,6400
269,50,6400
270,50,6400
271,51,6528
272,51,6528
273,51,6528
274,51,6528
275,51,6528
276,49,6272
277,50,6400
278,51,6528
279,51,6528
280,51,6528
281,52,6656
282,53,6784
283,50,6400
284,49,6272
285,53,6784
286,54,6912
287,52,6656
288,50,6400
289,50,6400
290,54,6912
291,53,6784
292,54,6912
293,53,6784
294,54,6912
295,53,6784
296,53,6784
297,54,6912
298,54,6912
299,55,7040
300,55,7040
301,56,7168
302,56,7168
303,55,7040
304,55,7040
305,55,7040
306,55,7040
307,56,7168
308,54,6912
309,54,6912
310,54,6912
311,54,6912
312,54,6912
313,54,6912
314,53,6784
315,54,6912
316,54,6912
317,52,6656
318,52,6656
319,53,6784
320,52,6656
321,53,6784
322,53,6784
323,52,6656
324,52,6656
325,51,6528
326,51,6528
327,53,6784
328,52,6656
329,51,6528
330,52,6656
331,52,6656
332,54,6912
333,52,6656
334,54,6912
335,54,6912
336,53,6784
337,51,6528
338,54,6912
339,53,6784
340,53,6784
341,53,6784
342,52,6656
343,53,6784
344,53,6784
345,53,6784
346,54,6912
347,53,6784
348,52,6656
349,52,6656
350,52,6656
351,51,6528
352,51,6528
353,51,6528
354,52,6656
355,53,6784
356,53,6784
357,51,6528
358,51,6528
359,50,6400
360,52,6656
361,51,6528
362,50,6400
363,50,6400
364,50,6400
365,51,6528
366,51,6528
367,50,6400
368,50,6400
369,50,6400
370,50,6400
371,50,6400
372,51,6528
373,51,6528
374,49,6272
375,50,6400
376,49,6272
377,50,6400
378,51,6528
379,52,6656
380,51,6528
381,51,6528
382,50,6400
383,50,6400
384,50,6400
385,49,6272
386,49,6272
387,49,6272
388,50,6400
389,48,6144
390,47,6016
391,47,6016
392,47,6016
393,46,5888
394,49,6272
395,48,6144
396,48,6144
397,49,6272
398,48,6144
399,51,6528
400,50,6400
401,50,6400
402,51,6528
403,47,6016
404,47,6016
405,47,6016
406,47,6016
407,48,6144
408,48,6144
409,49,6272
410,49,6272
411,50,6400
412,49,6272
413,48,6144
414,49,6272
415,48,6144
416,48,6144
417,48,6144
418,48,6144
419,49,6272
420,49,6272
421,49,6272
422,48,6144
423,49,6272
424,48,6144
425,48,6144
426,48,6144
427,48,6144
428,48,6144
429,48,6144
430,48,6144
431,48,6144
432,48,6144
433,48,6144
434,48,6144
435,48,6144
436,48,6144
437,49,6272
438,50,6400
439,49,6272
440,50,6400
441,50,6400
442,52,6656
443,51,6528
444,50,6400
445,49,6272
446,49,6272
447,50,6400
448,50,6400
449,52,6656
450,51,6528
451,50,6400
452,50,6400
453,51,6528
454,50,6400
455,50,6400
456,53,6784
457,50,6400
458,49,6272
459,49,6272
460,51,6528
461,49,6272
462,50,6400
463,50,6400
464,50,6400
465,50,6400
466,50,6400
467,50,6400
468,50,6400
469,51,6528
470,50,6400
471,49,6272
472,50,6400
473,51,6528
474,49,6272
475,51,6528
476,53,6784
477,52,6656
478,50,6400
479,51,6528
480,52,6656
481,51,6528
482,51,6528
483,51,6528
484,52,6656
485,54,6912
486,54,6912
487,54,6912
488,54,6912
489,53,6784
490,53,6784
491,54,6912
492,54,6912
493,54,6912
494,53,6784
495,54,6912
496,53,6784
497,54,6912
498,55,7040
499,56,7168
500,56,7168
501,56,7168
502,54,6912
503,55,7040
504,55,7040
505,56,7168
506,56,7168
507,56,7168
508,55,7040
509,55,7040
510,54,6912
511,54,6912
512,55,7040
513,55,7040
514,55,7040
515,55,7040
516,55,7040
517,55,7040
518,55,7040
519,55,7040
520,54,6912
521,55,7040
522,55,7040
523,53,6784
524,54,6912
525,54,6912
526,54,6912
527,53,6784
528,52,6656
529,51,6528
530,50,6400
531,51,6528
532,51,6528
533,51,6528
534,51,6528
535,52,6656
536,52,6656
537,53,6784
538,53,6784
539,53,6784
540,52,6656
541,51,6528
542,52,6656
543,52,6656
544,51,6528
545,53,6784
546,53,6784
547,55,7040
548,51,6528
549,50,6400
550,51,6528
551,51,6528
552,52,6656
553,52,6656
554,53,6784
555,53,6784
556,53,6784
557,52,6656
558,52,6656
559,52,6656
560,53,6784
561,51,6528
562,52,6656
563,51,6528
564,50,6400
565,51,6528
566,49,6272
567,50,6400
568,51,6528
569,50,6400
570,49,6272
571,49,6272
572,49,6272
573,49,6272
574,50,6400
575,50,6400
576,48,6144
577,49,6272
578,50,6400
579,52,6656
580,49,6272
581,48,6144
582,49,6272
583,49,6272
584,49,6272
585,48,6144
586,49,6272
587,49,6272
588,49,6272
589,48,6144
590,49,6272
591,48,6144
592,50,6400
593,49,6272
594,50,6400
595,49,6272
596,51,6528
597,51,6528
598,51,6528
599,49,6272
600,50,6400
601,50,6400
602,50,6400
603,50,6400
604,51,6528
605,51,6528
606,51,6528
607,50,6400
608,50,6400
609,51,6528
610,50,6400
611,49,6272
612,50,6400
613,51,6528
614,49,6272
615,50,6400
616,49,6272
617,48,6144
618,47,6016
619,47,6016
620,48,6144
621,48,6144
622,48,6144
623,48,6144
624,48,6144
625,48,6144
626,50,6400
627,50,6400
628,50,6400
629,49,6272
630,48,6144
631,48,6144
632,49,6272
633,50,6400
634,50,6400
635,51,6528
636,50,6400
637,49,6272
638,49,6272
639,50,6400
640,50,6400
641,51,6528
642,52,6656
643,50,6400
644,51,6528
645,51,6528
646,53,6784
647,51,6528
648,51,6528
649,52,6656
650,54,6912
651,53,6784
652,53,6784
653,50,6400
654,51,6528
655,51,6528
656,53,6784
657,52,6656
658,54,6912
659,52,6656
660,52,6656
661,52,6656
662,51,6528
663,53,6784
664,53,6784
665,51,6528
666,51,6528
667,52,6656
668,52,6656
669,53,6784
670,52,6656
671,51,6528
672,51,6528
673,53,6784
674,52,6656
675,52,6656
676,51,6528
677,52,6656
678,52,6656
679,52,6656
680,51,6528
681,51,6528
682,50,6400
683,51,6528
684,50,6400
685,52,6656
686,52,6656
687,51,6528
688,51,6528
689,50,6400
690,51,6528
691,53,6784
692,51,6528
693,52,6656
694,53,6784
695,54,6912
696,53,6784
697,53,6784
698,54,6912
699,55,7040
700,55,7040
701,54,6912
702,55,7040
703,56,7168
704,54,6912
705,52,6656
706,52,6656
707,55,7040
708,53,6784
709,53,6784
710,53,6784
711,54,6912
712,51,6528
713,52,6656
714,51,6528
715,52,6656
716,52,6656
717,51,6528
718,53,6784
719,54,6912
720,54,6912
721,54,6912
722,55,7040
723,56,7168
724,55,7040
725,55,7040
726,56,7168
727,56,7168
728,56,7168
729,56,7168
730,54,6912
731,54,6912
732,54,6912
733,53,6784
734,53,6784
735,53,6784
736,54,6912
737,53,6784
738,53,6784
739,53,6784
740,55,7040
741,54,6912
742,55,7040
743,52,6656
744,54,6912
745,54,6912
746,53,6784
747,53,6784
748,54,6912
749,54,6912
750,53,6784
751,54,6912
752,54,6912
753,54,6912
754,55,7040
755,55,7040
756,55,7040
757,55,7040
758,54,6912
759,54,6912
760,54,6912
761,54,6912
762,54,6912
763,54,6912
764,53,6784
765,54,6912
766,55,7040
767,55,7040
768,54,6912
769,54,6912
770,55,7040
771,52,6656
772,52,6656
773,52,6656
774,53,6784
775,53,6784
776,53,6784
777,53,6784
778,52,6656
779,53,6784
780,53,6784
781,52,6656
782,51,6528
783,51,6528
784,50,6400
785,50,6400
786,50,6400
787,52,6656
788,51,6528
789,51,6528
790,53,6784
791,53,6784
792,54,6912
793,54,6912
794,54,6912
795,56,7168
796,55,7040
797,53,6784
798,54,6912
799,54,6912
800,57,7296
801,55,7040
802,53,6784
803,54,6912
804,54,6912
805,53,6784
806,55,7040
807,53,6784
808,53,6784
809,52,6656
810,55,7040
811,56,7168
812,57,7296
813,56,7168
814,56,7168
815,55,7040
816,55,7040
817,54,6912
818,55,7040
819,55,7040
820,55,7040
821,56,7168
822,56,7168
823,54,6912
824,55,7040
825,56,7168
826,54,6912
827,57,7296
828,57,7296
829,55,7040
830,53,6784
831,53,6784
832,52,6656
833,52,6656
834,53,6784
835,54,6912
836,54,6912
837,54,6912
838,54,6912
839,56,7168
840,56,7168
841,56,7168
842,56,7168
843,56,7168
844,56,7168
845,56,7168
846,56,7168
847,56,7168
848,55,7040
849,55,7040
850,55,7040
851,57,7296
852,57,7296
853,56,7168
854,57,7296
855,57,7296
856,58,7424
857,57,7296
858,57,7296
859,57,7296
860,57,7296
861,57,7296
862,57,7296
863,58,7424
864,56,7168
865,57,7296
866,57,7296
867,58,7424
868,58,7424
869,59,7552
870,59,7552
871,58,7424
872,55,7040
873,56,7168
874,56,7168
875,55,7040
876,57,7296
877,56,7168
878,57,7296
879,58,7424
880,58,7424
881,58,7424
882,58,7424
883,57,7296
884,55,7040
885,55,7040
886,55,7040
887,55,7040
888,56,7168
889,56,7168
890,56,7168
891,57,7296
892,57,7296
893,57,7296
894,56,7168
895,55,7040
896,56,7168
897,56,7168
898,56,7168
899,55,7040
900,56,7168
901,56,7168
902,56,7168
903,57,7296
904,56,7168
905,57,7296
906,55,7040
907,56,7168
908,57,7296
909,56,7168
910,56,7168
911,56,7168
912,56,7168
913,57,7296
914,56,7168
915,57,7296
916,56,7168
917,55,7040
918,55,7040
919,54,6912
920,55,7040
921,56,7168
922,55,7040
923,55,7040
924,55,7040
925,55,7040
926,55,7040
927,55,7040
928,56,7168
929,55,7040
930,56,7168
931,55,7040
932,55,7040
933,55,7040
934,54,6912
935,54,6912
936,53,6784
937,53,6784
938,53,6784
939,53,6784
940,54,6912
941,54,6912
942,55,7040
943,55,7040
944,56,7168
945,52,6656
946,54,6912
947,56,7168
948,52,6656
949,51,6528
950,50,6400
951,51,6528
952,51,6528
953,51,6528
954,51,6528
955,52,6656
956,51,6528
957,51,6528
958,53,6784
959,51,6528
960,53,6784
961,52,6656
962,52,6656
963,52,6656
964,51,6528
965,51,6528
966,51,6528
967,51,6528
968,52,6656
969,52,6656
970,52,6656
971,51,6528
972,53,6784
973,53,6784
974,53,6784
975,53,6784
976,52,6656
977,52,6656
978,52,6656
979,50,6400
980,51,6528
981,51,6528
982,51,6528
983,51,6528
984,51,6528
985,50,6400
986,50,6400
987,50,6400
988,50,6400
989,49,6272
990,49,6272
991,50,6400
992,51,6528
993,50,6400
994,49,6272
995,49,6272
996,49,6272
997,50,6400
998,51,6528
999,50,6400
1000,51,6528
1001,51,6528
1002,51,6528
1003,51,6528
1004,51,6528
1005,49,6272
1006,49,6272
1007,49,6272
1008,49,6272
1009,49,6272
1010,50,6400
1011,48,6144
1012,49,6272
1013,49,6272
1014,49,6272
1015,49,6272
1016,48,6144
1017,48,6144
1018,49,6272
1019,49,6272
1020,47,6016
1021,47,6016
1022,48,6144
1023,48,6144
1024,47,6016
1025,48,6144
1026,48,6144
1027,49,6272
1028,47,6016
1029,49,6272
1030,49,6272
1031,48,6144
1032,48,6144
1033,50,6400
1034,50,6400
1035,51,6528
1036,51,6528
1037,51,6528
1038,51,6528
1039,51,6528
1040,51,6528
1041,51,6528
1042,53,6784
1043,52,6656
1044,52,6656
1045,52,6656
1046,52,6656
1047,53,6784
1048,53,6784
1049,53,6784
1050,54,6912
1051,53,6784
1052,54,6912
1053,54,6912
1054,55,7040
1055,52,6656
1056,52,6656
1057,53,6784
1058,52,6656
1059,53,6784
1060,55,7040
1061,55,7040
1062,56,7168
1063,52,6656
1064,53,6784
1065,54,6912
1066,54,6912
1067,55,7040
1068,53,6784
1069,52,6656
1070,51,6528
1071,52,6656
1072,52,6656
1073,53,6784
1074,53,6784
1075,54,6912
1076,53,6784
1077,52,6656
1078,54,6912
1079,54,6912
1080,54,6912
1081,54,6912
1082,54,6912
1083,54,6912
1084,53,6784
1085,52,6656
1086,52,6656
1087,53,6784
1088,53,6784
1089,53,6784
1090,53,6784
1091,51,6528
1092,50,6400
1093,50,6400
1094,51,6528
1095,51,6528
1096,51,6528
1097,51,6528
1098,51,6528
1099,50,6400
1100,51,6528
1101,51,6528
1102,51,6528
1103,51,6528
1104,51,6528
1105,51,6528
1106,52,6656
1107,51,6528
1108,51,6528
1109,51,6528
1110,52,6656
1111,51,6528
1112,52,6656
1113,51,6528
1114,50,6400
1115,52,6656
1116,51,6528
1117,51,6528
1118,51,6528
1119,52,6656
1120,53,6784
1121,52,6656
1122,53,6784
1123,53,6784
1124,51,6528
1125,50,6400
1126,49,6272
1127,52,6656
1128,52,6656
1129,51,6528
1130,50,6400
1131,48,6144
1132,48,6144
1133,49,6272
1134,49,6272
1135,48,6144
1136,49,6272
1137,50,6400
1138,51,6528
1139,50,6400
1140,49,6272
1141,50,6400
1142,49,6272
1143,48,6144
1144,48,6144
1145,49,6272
1146,49,6272
1147,48,6144
1148,48,6144
1149,48,6144
1150,48,6144
1151,49,6272
1152,49,6272
1153,47,6016
1154,50,6400
1155,47,6016
1156,48,6144
1157,47,6016
1158,48,6144
1159,47,6016
1160,48,6144
1161,49,6272
1162,47,6016
1163,49,6272
1164,49,6272
1165,49,6272
1166,50,6400
1167,50,6400
1168,48,6144
1169,49,6272
1170,47,6016
1171,49,6272
1172,50,6400
1173,50,6400
1174,50,6400
1175,50,6400
1176,49,6272
1177,49,6272
1178,50,6400
1179,51,6528
1180,50,6400
1181,49,6272
1182,49,6272
1183,50,6400
1184,49,6272
1185,49,6272
1186,49,6272
1187,50,6400
1188,50,6400
1189,50,6400
1190,50,6400
1191,50,6400
1192,51,6528
1193,51,6528
1194,51,6528
1195,50,6400
1196,50,6400
1197,49,6272
1198,50,6400
1199,50,6400
1200,50,6400
1201,49,6272
1202,50,6400
1203,51,6528
1204,50,6400
1205,50,6400
1206,50,6400
1207,49,6272
1208,51,6528
1209,51,6528
1210,50,6400
1211,50,6400
1212,51,6528
1213,50,6400
1214,49,6272
1215,51,6528
1216,50,6400
1217,50,6400
1218,52,6656
1219,51,6528
1220,52,6656
1221,51,6528
1222,51,6528
1223,51,6528
1224,51,6528
1225,52,6656
1226,51,6528
1227,52,6656
1228,53,6784
1229,51,6528
1230,51,6528
1231,52,6656
1232,53,6784
1233,52,6656
1234,53,6784
1235,52,6656
1236,54,6912
1237,55,7040
1238,53,6784
1239,56,7168
1240,54,6912
1241,54,6912
1242,57,7296
1243,55,7040
1244,54,6912
1245,54,6912
1246,54,6912
1247,55,7040
1248,54,6912
1249,55,7040
1250,55,7040
1251,55,7040
1252,55,7040
1253,54,6912
1254,55,7040
1255,56,7168
1256,53,6784
1257,55,7040
1258,55,7040
1259,54,6912
1260,55,7040
1261,55,7040
1262,54,6912
1263,51,6528
1264,52,6656
1265,53,6784
1266,51,6528
1267,50,6400
1268,51,6528
1269,51,6528
1270,51,6528
1271,51,6528
1272,51,6528
1273,53,6784
1274,52,6656
1275,52,6656
1276,53,6784
1277,52,6656
1278,52,6656
1279,51,6528
1280,52,6656
1281,52,6656
1282,52,6656
1283,52,6656
1284,52,6656
1285,54,6912
1286,52,6656
1287,53,6784
1288,53,6784
1289,53,6784
1290,53,6784
1291,54,6912
1292,54,6912
1293,56,7168
1294,55,7040
1295,55,7040
1296,56,7168
1297,55,7040
1298,55,7040
1299,55,7040
1300,55,7040
1301,55,7040
1302,55,7040
1303,56,7168
1304,56,7168
1305,55,7040
1306,57,7296
1307,57,7296
1308,56,7168
1309,56,7168
1310,56,7168
1311,56,7168
1312,56,7168
1313,56,7168
1314,54,6912
1315,54,6912
1316,54,6912
1317,56,7168
1318,56,7168
1319,55,7040
1320,55,7040
1321,57,7296
1322,58,7424
1323,57,7296
1324,58,7424
1325,58,7424
1326,58,7424
1327,58,7424
1328,59,7552
1329,59,7552
1330,59,7552
1331,60,7680
1332,56,7168
1333,57,7296
1334,57,7296
1335,56,7168
1336,57,7296
1337,56,7168
1338,56,7168
1339,56,7168
1340,56,7168
1341,55,7040
1342,55,7040
1343,56,7168
1344,54,6912
1345,54,6912
1346,53,6784
1347,53,6784
1348,54,6912
1349,53,6784
1350,55,7040
1351,56,7168
1352,55,7040
1353,55,7040
1354,54,6912
1355,53,6784
1356,52,6656
1357,53,6784
1358,52,6656
1359,53,6784
1360,52,6656
1361,52,6656
1362,54,6912
1363,54,6912
1364,53,6784
1365,54,6912
1366,52,6656
1367,52,6656
1368,52,6656
1369,51,6528
1370,53,6784
1371,52,6656
1372,52,6656
1373,53,6784
1374,52,6656
1375,51,6528
1376,54,6912
1377,52,6656
1378,55,7040
1379,52,6656
1380,52,6656
1381,51,6528
1382,53,6784
1383,53,6784
1384,53,6784
1385,53,6784
1386,52,6656
1387,51,6528
1388,52,6656
1389,52,6656
1390,53,6784
1391,53,6784
1392,52,6656
1393,52,6656
1394,53,6784
1395,53,6784
1396,53,6784
1397,51,6528
1398,52,6656
1399,52,6656
1400,51,6528
1401,51,6528
1402,53,6784
1403,52,6656
1404,53,6784
1405,53,6784
1406,52,6656
1407,52,6656
1408,52,6656
1409,53,6784
1410,52,6656
1411,52,6656
1412,52,6656
1413,52,6656
1414,50,6400
1415,49,6272
1416,51,6528
1417,50,6400
1418,48,6144
1419,49,6272
1420,51,6528
1421,50,6400
1422,50,6400
1423,51,6528
1424,53,6784
1425,53,6784
1426,53,6784
1427,53,6784
1428,52,6656
1429,52,6656
1430,50,6400
1431,51,6528
1432,50,6400
1433,51,6528
1434,51,6528
1435,52,6656
1436,51,6528
1437,51,6528
1438,51,6528
1439,51,6528
1440,52,6656
1441,51,6528
1442,51,6528
1443,52,6656
1444,53,6784
1445,54,6912
1446,52,6656
1447,52,6656
1448,52,6656
1449,52,6656
1450,52,6656
1451,52,6656
1452,51,6528
1453,51,6528
1454,51,6528
1455,51,6528
1456,50,6400
1457,50,6400
1458,50,6400
1459,50,6400
1460,50,6400
1461,50,6400
1462,50,6400
1463,50,6400
1464,49,6272
1465,50,6400
1466,50,6400
1467,50,6400
1468,50,6400
1469,50,6400
1470,50,6400
1471,51,6528
1472,51,6528
1473,50,6400
1474,52,6656
1475,52,6656
1476,52,6656
1477,52,6656
1478,52,6656
1479,52,6656
1480,52,6656
1481,53,6784
1482,53,6784
1483,54,6912
1484,54,6912
1485,55,7040
1486,54,6912
1487,54,6912
1488,52,6656
1489,51,6528
1490,50,6400
1491,51,6528
1492,50,6400
1493,51,6528
1494,52,6656
1495,52,6656
1496,51,6528
1497,50,6400
1498,51,6528
1499,51,6528
1500,52,6656
1501,52,6656
1502,51,6528
1503,51,6528
1504,51,6528
1505,51,6528
1506,50,6400
1507,51,6528
1508,51,6528
1509,51,6528
1510,51,6528
1511,52,6656
1512,53,6784
1513,53,6784
1514,51,6528
1515,51,6528
1516,51,6528
1517,50,6400
1518,51,6528
1519,51,6528
1520,50,6400
1521,50,6400
1522,50,6400
1523,50,6400
1524,49,6272
1525,50,6400
1526,50,6400
1527,52,6656
1528,51,6528
1529,53,6784
1530,52,6656
1531,53,6784
1532,52,6656
1533,52,6656
1534,53,6784
1535,53,6784
1536,53,6784
1537,53,6784
1538,52,6656
1539,53,6784
1540,53,6784
1541,54,6912
1542,54,6912
1543,54,6912
1544,54,6912
1545,55,7040
1546,56,7168
1547,56,7168
1548,55,7040
1549,55,7040
1550,56,7168
1551,54,6912
1552,54,6912
1553,52,6656
1554,52,6656
1555,53,6784
1556,53,6784
1557,53,6784
1558,51,6528
1559,52,6656
1560,52,6656
1561,53,6784
1562,52,6656
1563,52,6656
1564,51,6528
1565,52,6656
1566,51,6528
1567,50,6400
1568,50,6400
1569,50,6400
1570,50,6400
1571,50,6400
1572,49,6272
1573,50,6400
1574,51,6528
1575,49,6272
1576,49,6272
1577,49,6272
1578,49,6272
1579,49,6272
1580,49,6272
1581,49,6272
1582,50,6400
1583,50,6400
1584,50,6400
1585,51,6528
1586,49,6272
1587,49,6272
1588,48,6144
1589,49,6272
1590,49,6272
1591,48,6144
1592,49,6272
1593,49,6272
1594,49,6272
1595,49,6272
1596,49,6272
1597,50,6400
1598,49,6272
1599,49,6272
1600,50,6400
1601,49,6272
1602,50,6400
1603,49,6272
1604,48,6144
1605,49,6272
1606,49,6272
1607,51,6528
1608,50,6400
1609,49,6272
1610,49,6272
1611,49,6272
1612,49,6272
1613,48,6144
1614,48,6144
1615,49,6272
1616,49,6272
1617,50,6400
1618,49,6272
1619,49,6272
1620,49,6272
1621,51,6528
1622,50,6400
1623,50,6400
1624,51,6528
1625,51,6528
1626,49,6272
1627,51,6528
1628,48,6144
1629,48,6144
1630,49,6272
1631,50,6400
1632,50,6400
1633,50,6400
1634,50,6400
1635,50,6400
1636,51,6528
1637,53,6784
1638,51,6528
1639,51,6528
1640,52,6656
1641,52,6656
1642,52,6656
1643,53,6784
1644,53,6784
1645,53,6784
1646,52,6656
1647,52,6656
1648,52,6656
1649,52,6656
1650,52,6656
1651,52,6656
1652,52,6656
1653,53,6784
1654,53,6784
1655,53,6784
1656,53,6784
1657,53,6784
1658,53,6784
1659,53,6784
1660,53,6784
1661,52,6656
1662,52,6656
1663,52,6656
1664,51,6528
1665,51,6528
1666,51,6528
1667,52,6656
1668,53,6784
1669,53,6784
1670,52,6656
1671,53,6784
1672,53,6784
1673,52,6656
1674,53,6784
1675,54,6912
1676,54,6912
1677,54,6912
1678,54,6912
1679,55,7040
1680,54,6912
1681,54,6912
1682,54,6912
1683,53,6784
1684,53,6784
1685,54,6912
1686,53,6784
1687,54,6912
1688,54,6912
1689,53,6784
1690,53,6784
1691,53,6784
1692,53,6784
1693,52,6656
1694,53,6784
1695,53,6784
1696,53,6784
1697,52,6656
1698,53,6784
1699,52,6656
1700,52,6656
1701,52,6656
1702,52,6656
1703,51,6528
1704,51,6528
1705,52,6656
1706,51,6528
1707,50,6400
1708,51,6528
1709,50,6400
1710,50,6400
1711,50,6400
1712,49,6272
1713,50,6400
1714,50,6400
1715,50,6400
1716,49,6272
1717,50,6400
1718,51,6528
1719,51,6528
1720,51,6528
1721,50,6400
1722,50,6400
1723,51,6528
1724,51,6528
1725,51,6528
1726,51,6528
1727,51,6528
1728,50,6400
1729,51,6528
1730,51,6528
1731,51,6528
1732,50,6400
1733,51,6528
1734,49,6272
1735,50,6400
1736,51,6528
1737,50,6400
1738,50,6400
1739,49,6272
1740,50,6400
1741,50,6400
1742,51,6528
1743,49,6272
1744,51,6528
1745,51,6528
1746,50,6400
1747,49,6272
1748,50,6400
1749,50,6400
1750,50,6400
1751,51,6528
1752,51,6528
1753,50,6400
1754,50,6400
1755,50,6400
1756,50,6400
1757,49,6272
1758,50,6400
1759,50,6400
1760,49,6272
1761,50,6400
1762,50,6400
1763,50,6400
1764,50,6400
1765,50,6400
1766,51,6528
1767,51,6528
1768,52,6656
1769,51,6528
1770,50,6400
1771,49,6272
1772,49,6272
1773,48,6144
1774,49,6272
1775,50,6400
1776,49,6272
1777,50,6400
1778,48,6144
1779,48,6144
1780,47,6016
1781,47,6016
1782,49,6272
1783,47,6016
1784,47,6016
1785,48,6144
1786,50,6400
1787,48,6144
1788,49,6272
1789,50,6400
1790,50,6400
1791,50,6400
1792,50,6400
1793,48,6144
1794,47,6016
1795,48,6144
1796,49,6272
1797,48,6144
1798,46,5888
1799,47,6016
1800,47,6016
1801,48,6144
1802,49,6272
1803,47,6016
1804,47,6016
1805,47,6016
1806,46,5888
1807,46,5888
1808,46,5888
1809,46,5888
1810,46,5888
1811,47,6016
1812,45,5760
1813,46,5888
1814,47,6016
1815,47,6016
1816,48,6144
1817,49,6272
1818,47,6016
1819,48,6144
1820,49,6272
1821,45,5760
1822,47,6016
1823,47,6016
1824,48,6144
1825,48,6144
1826,48,6144
1827,49,6272
1828,49,6272
1829,48,6144
1830,47,6016
1831,47,6016
1832,47,6016
1833,45,5760
1834,47,6016
1835,47,6016
1836,46,5888
1837,47,6016
1838,47,6016
1839,46,5888
1840,46,5888
1841,47,6016
1842,47,6016
1843,47,6016
1844,47,6016
1845,47,6016
1846,47,6016
1847,48,6144
1848,48,6144
1849,49,6272
1850,47,6016
1851,48,6144
1852,50,6400
1853,49,6272
1854,48,6144
1855,48,6144
1856,49,6272
1857,49,6272
1858,49,6272
1859,49,6272
1860,49,6272
1861,49,6272
1862,50,6400
1863,50,6400
1864,50,6400
1865,51,6528
1866,51,6528
1867,51,6528
1868,51,6528
1869,51,6528
1870,52,6656
1871,50,6400
1872,50,6400
1873,52,6656
1874,50,6400
1875,50,6400
1876,51,6528
1877,50,6400
1878,51,6528
1879,51,6528
1880,51,6528
1881,51,6528
1882,50,6400
1883,50,6400
1884,49,6272
1885,49,6272
1886,50,6400
1887,48,6144
1888,49,6272
1889,49,6272
1890,49,6272
1891,49,6272
1892,50,6400
1893,49,6272
1894,49,6272
1895,49,6272
1896,49,6272
1897,49,6272
1898,49,6272
1899,50,6400
1900,50,6400
1901,51,6528
1902,50,6400
1903,51,6528
1904,50,6400
1905,51,6528
1906,50,6400
1907,50,6400
1908,49,6272
1909,49,6272
1910,49,6272
1911,50,6400
1912,50,6400
1913,49,6272
1914,49,6272
1915,49,6272
1916,48,6144
1917,49,6272
1918,49,6272
1919,49,6272
1920,50,6400
1921,48,6144
1922,49,6272
1923,51,6528
1924,51,6528
1925,50,6400
1926,49,6272
1927,48,6144
1928,50,6400
1929,50,6400
1930,50,6400
1931,48,6144
1932,50,6400
1933,48,6144
1934,48,6144
1935,48,6144
1936,49,6272
1937,49,6272
1938,48,6144
1939,48,6144
1940,49,6272
1941,47,6016
1942,48,6144
1943,49,6272
1944,49,6272
1945,48,6144
1946,46,5888
1947,45,5760
1948,46,5888
1949,47,6016
1950,46,5888
1951,46,5888
1952,44,5632
1953,44,5632
1954,43,5504
1955,45,5760
1956,44,5632
1957,45,5760
1958,44,5632
1959,45,5760
1960,45,5760
1961,46,5888
1962,46,5888
1963,44,5632
1964,44,5632
1965,45,5760
1966,44,5632
1967,47,6016
1968,46,5888
1969,47,6016
1970,48,6144
1971,48,6144
1972,47,6016
1973,47,6016
1974,47,6016
1975,47,6016
1976,48,6144
1977,49,6272
1978,49,6272
1979,48,6144
1980,48,6144
1981,48,6144
1982,48,6144
1983,49,6272
1984,49,6272
1985,49,6272
1986,50,6400
1987,50,6400
1988,51,6528
1989,51,6528
1990,50,6400
1991,49,6272
1992,50,6400
1993,49,6272
1994,51,6528
1995,54,6912
1996,50,6400
1997,51,6528
1998,49,6272
1999,49,6272
2000,49,6272
