RandomSeed,73011,Population size:128,Bit Length:64,Crossover Rate:0.7,Mutation Rate:0.005
gen,BestFitness,FitnessEval
1,43,5504
2,40,5120
3,41,5248
4,42,5376
5,39,4992
6,40,5120
7,40,5120
8,40,5120
9,42,5376
10,43,5504
11,39,4992
12,40,5120
13,41,5248
14,40,5120
15,41,5248
16,42,5376
17,41,5248
18,40,5120
19,41,5248
20,43,5504
21,42,5376
22,43,5504
23,44,5632
24,43,5504
25,42,5376
26,42,5376
27,44,5632
28,42,5376
29,42,5376
30,44,5632
31,41,5248
32,41,5248
33,44,5632
34,43,5504
35,44,5632
36,42,5376
37,43,5504
38,41,5248
39,44,5632
40,42,5376
41,43,5504
42,42,5376
43,41,5248
44,43,5504
45,43,5504
46,43,5504
47,43,5504
48,41,5248
49,41,5248
50,42,5376
51,42,5376
52,43,5504
53,45,5760
54,43,5504
55,44,5632
56,45,5760
57,43,5504
58,43,5504
59,44,5632
60,43,5504
61,44,5632
62,44,5632
63,42,5376
64,43,5504
65,42,5376
66,44,5632
67,46,5888
68,44,5632
69,44,5632
70,44,5632
71,45,5760
72,45,5760
73,46,5888
74,45,5760
75,46,5888
76,47,6016
77,48,6144
78,49,6272
79,49,6272
80,47,6016
81,47,6016
82,47,6016
83,47,6016
84,47,6016
85,47,6016
86,47,6016
87,47,6016
88,47,6016
89,46,5888
90,47,6016
91,47,6016
92,47,6016
93,47,6016
94,48,6144
95,49,6272
96,50,6400
97,49,6272
98,51,6528
99,49,6272
100,50,6400
101,49,6272
102,49,6272
103,50,6400
104,49,6272
105,51,6528
106,49,6272
107,49,6272
108,49,6272
109,49,6272
110,49,6272
111,48,6144
112,50,6400
113,50,6400
114,51,6528
115,50,6400
116,51,6528
117,50,6400
118,50,6400
119,51,6528
120,50,6400
121,51,6528
122,53,6784
123,48,6144
124,49,6272
125,49,6272
126,50,6400
127,50,6400
128,49,6272
129,49,6272
130,50,6400
131,50,6400
132,49,6272
133,49,6272
134,47,6016
135,47,6016
136,49,6272
137,49,6272
138,49,6272
139,50,6400
140,50,6400
141,50,6400
142,50,6400
143,50,6400
144,48,6144
145,49,6272
146,50,6400
147,48,6144
148,47,6016
149,47,6016
150,49,6272
151,47,6016
152,47,6016
153,48,6144
154,47,6016
155,48,6144
156,47,6016
157,48,6144
158,47,6016
159,47,6016
160,47,6016
161,47,6016
162,48,6144
163,46,5888
164,47,6016
165,48,6144
166,48,6144
167,48,6144
168,48,6144
169,47,6016
170,47,6016
171,48,6144
172,51,6528
173,51,6528
174,51,6528
175,50,6400
176,50,6400
177,51,6528
178,52,6656
179,52,6656
180,52,6656
181,51,6528
182,51,6528
183,50,6400
184,50,6400
185,50,6400
186,49,6272
187,49,6272
188,49,6272
189,48,6144
190,48,6144
191,49,6272
192,50,6400
193,49,6272
194,48,6144
195,49,6272
196,48,6144
197,49,6272
198,48,6144
199,49,6272
200,50,6400
201,50,6400
202,51,6528
203,50,6400
204,49,6272
205,49,6272
206,51,6528
207,50,6400
208,51,6528
209,51,6528
210,50,6400
211,50,6400
212,51,6528
213,51,6528
214,50,6400
215,50,6400
216,50,6400
217,49,6272
218,50,6400
219,51,6528
220,49,6272
221,51,6528
222,49,6272
223,50,6400
224,49,6272
225,50,6400
226,52,6656
227,52,6656
228,51,6528
229,52,6656
230,50,6400
231,49,6272
232,51,6528
233,51,6528
234,51,6528
235,50,6400
236,49,6272
237,50,6400
238,50,6400
239,50,6400
240,50,6400
241,50,6400
242,50,6400
243,51,6528
244,49,6272
245,48,6144
246,49,6272
247,50,6400
248,49,6272
249,52,6656
250,49,6272
251,49,6272
252,49,6272
253,49,6272
254,50,6400
255,51,6528
256,51,6528
257,52,6656
258,51,6528
259,51,6528
260,51,6528
261,52,6656
262,51,6528
263,51,6528
264,50,6400
265,50,6400
266,50,6400
267,49,6272
268,50,6400
269,51,6528
270,50,6400
271,52,6656
272,52,6656
273,50,6400
274,52,6656
275,50,6400
276,51,6528
277,50,6400
278,51,6528
279,51,6528
280,52,6656
281,51,6528
282,51,6528
283,51,6528
284,51,6528
285,53,6784
286,53,6784
287,53,6784
288,53,6784
289,53,6784
290,53,6784
291,53,6784
292,53,6784
293,52,6656
294,53,6784
295,53,6784
296,53,6784
297,54,6912
298,53,6784
299,51,6528
300,52,6656
301,50,6400
302,50,6400
303,48,6144
304,48,6144
305,49,6272
306,47,6016
307,46,5888
308,46,5888
309,48,6144
310,47,6016
311,47,6016
312,47,6016
313,47,6016
314,47,6016
315,47,6016
316,48,6144
317,49,6272
318,50,6400
319,48,6144
320,48,6144
321,50,6400
322,48,6144
323,50,6400
324,48,6144
325,51,6528
326,50,6400
327,46,5888
328,46,5888
329,47,6016
330,49,6272
331,49,6272
332,49,6272
333,50,6400
334,48,6144
335,47,6016
336,47,6016
337,47,6016
338,48,6144
339,48,6144
340,47,6016
341,48,6144
342,47,6016
343,50,6400
344,47,6016
345,46,5888
346,47,6016
347,48,6144
348,48,6144
349,48,6144
350,48,6144
351,49,6272
352,49,6272
353,48,6144
354,49,6272
355,49,6272
356,49,6272
357,48,6144
358,49,6272
359,48,6144
360,48,6144
361,48,6144
362,48,6144
363,48,6144
364,48,6144
365,49,6272
366,48,6144
367,47,6016
368,48,6144
369,48,6144
370,50,6400
371,51,6528
372,48,6144
373,48,6144
374,48,6144
375,48,6144
376,48,6144
377,49,6272
378,50,6400
379,50,6400
380,50,6400
381,50,6400
382,48,6144
383,47,6016
384,47,6016
385,48,6144
386,47,6016
387,47,6016
388,46,5888
389,45,5760
390,48,6144
391,46,5888
392,46,5888
393,46,5888
394,45,5760
395,46,5888
396,46,5888
397,48,6144
398,48,6144
399,47,6016
400,46,5888
401,46,5888
402,46,5888
403,47,6016
404,45,5760
405,47,6016
406,46,5888
407,49,6272
408,50,6400
409,50,6400
410,50,6400
411,50,6400
412,50,6400
413,50,6400
414,53,6784
415,50,6400
416,49,6272
417,49,6272
418,51,6528
419,50,6400
420,50,6400
421,52,6656
422,52,6656
423,52,6656
424,51,6528
425,49,6272
426,49,6272
427,48,6144
428,49,6272
429,48,6144
430,49,6272
431,50,6400
432,51,6528
433,51,6528
434,52,6656
435,51,6528
436,52,6656
437,52,6656
438,52,6656
439,51,6528
440,51,6528
441,54,6912
442,51,6528
443,51,6528
444,53,6784
445,52,6656
446,53,6784
447,52,6656
448,52,6656
449,52,6656
450,51,6528
451,53,6784
452,52,6656
453,52,6656
454,52,6656
455,52,6656
456,53,6784
457,53,6784
458,53,6784
459,54,6912
460,54,6912
461,54,6912
462,54,6912
463,55,7040
464,54,6912
465,54,6912
466,56,7168
467,57,7296
468,53,6784
469,54,6912
470,56,7168
471,56,7168
472,53,6784
473,54,6912
474,55,7040
475,56,7168
476,54,6912
477,55,7040
478,54,6912
479,54,6912
480,54,6912
481,54,6912
482,55,7040
483,55,7040
484,56,7168
485,55,7040
486,54,6912
487,55,7040
488,53,6784
489,53,6784
490,53,6784
491,53,6784
492,53,6784
493,54,6912
494,54,6912
495,55,7040
496,55,7040
497,55,7040
498,54,6912
499,55,7040
500,53,6784
501,54,6912
502,51,6528
503,51,6528
504,51,6528
505,51,6528
506,52,6656
507,52,6656
508,50,6400
509,51,6528
510,51,6528
511,49,6272
512,50,6400
513,50,6400
514,50,6400
515,50,6400
516,52,6656
517,52,6656
518,51,6528
519,51,6528
520,52,6656
521,52,6656
522,52,6656
523,52,6656
524,52,6656
525,54,6912
526,53,6784
527,53,6784
528,53,6784
529,51,6528
530,51,6528
531,51,6528
532,50,6400
533,51,6528
534,51,6528
535,51,6528
536,50,6400
537,51,6528
538,51,6528
539,52,6656
540,50,6400
541,51,6528
542,53,6784
543,53,6784
544,53,6784
545,52,6656
546,53,6784
547,54,6912
548,54,6912
549,54,6912
550,50,6400
551,50,6400
552,50,6400
553,50,6400
554,51,6528
555,51,6528
556,50,6400
557,50,6400
558,48,6144
559,48,6144
560,49,6272
561,48,6144
562,49,6272
563,47,6016
564,47,6016
565,48,6144
566,49,6272
567,48,6144
568,49,6272
569,48,6144
570,49,6272
571,50,6400
572,49,6272
573,50,6400
574,49,6272
575,49,6272
576,52,6656
577,49,6272
578,52,6656
579,49,6272
580,49,6272
581,50,6400
582,50,6400
583,48,6144
584,48,6144
585,48,6144
586,46,5888
587,46,5888
588,48,6144
589,48,6144
590,48,6144
591,48,6144
592,48,6144
593,48,6144
594,48,6144
595,48,6144
596,48,6144
597,47,6016
598,47,6016
599,47,6016
600,46,5888
601,46,5888
602,44,5632
603,45,5760
604,45,5760
605,45,5760
606,45,5760
607,44,5632
608,44,5632
609,45,5760
610,45,5760
611,45,5760
612,45,5760
613,46,5888
614,45,5760
615,46,5888
616,46,5888
617,47,6016
618,47,6016
619,46,5888
620,47,6016
621,46,5888
622,46,5888
623,47,6016
624,47,6016
625,49,6272
626,46,5888
627,47,6016
628,47,6016
629,46,5888
630,47,6016
631,48,6144
632,48,6144
633,50,6400
634,49,6272
635,49,6272
636,49,6272
637,49,6272
638,48,6144
639,48,6144
640,49,6272
641,50,6400
642,49,6272
643,50,6400
644,51,6528
645,51,6528
646,51,6528
647,50,6400
648,50,6400
649,50,6400
650,51,6528
651,50,6400
652,51,6528
653,51,6528
654,50,6400
655,50,6400
656,50,6400
657,49,6272
658,50,6400
659,50,6400
660,50,6400
661,48,6144
662,49,6272
663,49,6272
664,48,6144
665,47,6016
666,49,6272
667,49,6272
668,47,6016
669,48,6144
670,50,6400
671,48,6144
672,48,6144
673,50,6400
674,49,6272
675,50,6400
676,52,6656
677,48,6144
678,49,6272
679,49,6272
680,49,6272
681,48,6144
682,49,6272
683,49,6272
684,49,6272
685,49,6272
686,48,6144
687,49,6272
688,48,6144
689,48,6144
690,49,6272
691,47,6016
692,50,6400
693,48,6144
694,47,6016
695,47,6016
696,48,6144
697,49,6272
698,48,6144
699,48,6144
700,47,6016
701,48,6144
702,48,6144
703,48,6144
704,47,6016
705,48,6144
706,49,6272
707,48,6144
708,48,6144
709,46,5888
710,48,6144
711,47,6016
712,47,6016
713,47,6016
714,48,6144
715,48,6144
716,48,6144
717,47,6016
718,48,6144
719,47,6016
720,48,6144
721,47,6016
722,48,6144
723,48,6144
724,48,6144
725,49,6272
726,49,6272
727,49,6272
728,48,6144
729,50,6400
730,49,6272
731,49,6272
732,51,6528
733,49,6272
734,50,6400
735,51,6528
736,51,6528
737,50,6400
738,50,6400
739,50,6400
740,51,6528
741,52,6656
742,52,6656
743,53,6784
744,49,6272
745,50,6400
746,50,6400
747,50,6400
748,52,6656
749,52,6656
750,51,6528
751,53,6784
752,51,6528
753,50,6400
754,51,6528
755,50,6400
756,50,6400
757,50,6400
758,50,6400
759,50,6400
760,50,6400
761,50,6400
762,51,6528
763,52,6656
764,52,6656
765,50,6400
766,50,6400
767,50,6400
768,49,6272
769,49,6272
770,50,6400
771,49,6272
772,49,6272
773,50,6400
774,49,6272
775,49,6272
776,49,6272
777,51,6528
778,51,6528
779,51,6528
780,52,6656
781,52,6656
782,52,6656
783,52,6656
784,51,6528
785,51,6528
786,51,6528
787,49,6272
788,49,6272
789,50,6400
790,49,6272
791,50,6400
792,50,6400
793,48,6144
794,48,6144
795,49,6272
796,50,6400
797,51,6528
798,51,6528
799,52,6656
800,52,6656
801,52,6656
802,52,6656
803,51,6528
804,51,6528
805,51,6528
806,52,6656
807,51,6528
808,51,6528
809,51,6528
810,52,6656
811,52,6656
812,51,6528
813,52,6656
814,52,6656
815,52,6656
816,51,6528
817,53,6784
818,52,6656
819,52,6656
820,50,6400
821,51,6528
822,51,6528
823,52,6656
824,50,6400
825,49,6272
826,50,6400
827,51,6528
828,50,6400
829,51,6528
830,51,6528
831,52,6656
832,51,6528
833,51,6528
834,51,6528
835,49,6272
836,50,6400
837,50,6400
838,48,6144
839,49,6272
840,49,6272
841,49,6272
842,48,6144
843,49,6272
844,49,6272
845,47,6016
846,46,5888
847,47,6016
848,48,6144
849,45,5760
850,47,6016
851,48,6144
852,47,6016
853,45,5760
854,46,5888
855,46,5888
856,48,6144
857,46,5888
858,47,6016
859,47,6016
860,47,6016
861,45,5760
862,47,6016
863,48,6144
864,46,5888
865,46,5888
866,47,6016
867,47,6016
868,47,6016
869,47,6016
870,47,6016
871,45,5760
872,46,5888
873,47,6016
874,47,6016
875,48,6144
876,47,6016
877,47,6016
878,48,6144
879,47,6016
880,50,6400
881,50,6400
882,50,6400
883,48,6144
884,45,5760
885,46,5888
886,46,5888
887,46,5888
888,46,5888
889,46,5888
890,46,5888
891,44,5632
892,46,5888
893,47,6016
894,47,6016
895,49,6272
896,48,6144
897,48,6144
898,47,6016
899,47,6016
900,48,6144
901,47,6016
902,48,6144
903,48,6144
904,48,6144
905,47,6016
906,48,6144
907,49,6272
908,49,6272
909,49,6272
910,48,6144
911,49,6272
912,49,6272
913,49,6272
914,49,6272
915,51,6528
916,51,6528
917,51,6528
918,51,6528
919,48,6144
920,48,6144
921,49,6272
922,49,6272
923,48,6144
924,49,6272
925,49,6272
926,48,6144
927,48,6144
928,48,6144
929,49,6272
930,49,6272
931,46,5888
932,47,6016
933,48,6144
934,48,6144
935,48,6144
936,49,6272
937,49,6272
938,47,6016
939,48,6144
940,47,6016
941,47,6016
942,48,6144
943,49,6272
944,49,6272
945,48,6144
946,48,6144
947,48,6144
948,47,6016
949,46,5888
950,46,5888
951,46,5888
952,46,5888
953,47,6016
954,48,6144
955,47,6016
956,48,6144
957,48,6144
958,49,6272
959,49,6272
960,50,6400
961,49,6272
962,49,6272
963,49,6272
964,49,6272
965,51,6528
966,51,6528
967,51,6528
968,52,6656
969,53,6784
970,52,6656
971,53,6784
972,51,6528
973,52,6656
974,52,6656
975,53,6784
976,54,6912
977,53,6784
978,54,6912
979,53,6784
980,54,6912
981,54,6912
982,53,6784
983,53,6784
984,53,6784
985,53,6784
986,54,6912
987,53,6784
988,51,6528
989,52,6656
990,53,6784
991,53,6784
992,51,6528
993,51,6528
994,51,6528
995,51,6528
996,53,6784
997,53,6784
998,53,6784
999,54,6912
1000,53,6784
1001,53,6784
1002,52,6656
1003,52,6656
1004,53,6784
1005,51,6528
1006,53,6784
1007,51,6528
1008,50,6400
1009,52,6656
1010,52,6656
1011,53,6784
1012,51,6528
1013,52,6656
1014,51,6528
1015,51,6528
1016,52,6656
1017,52,6656
1018,53,6784
1019,52,6656
1020,54,6912
1021,55,7040
1022,53,6784
1023,51,6528
1024,51,6528
1025,52,6656
1026,53,6784
1027,51,6528
1028,53,6784
1029,53,6784
1030,56,7168
1031,55,7040
1032,53,6784
1033,53,6784
1034,51,6528
1035,53,6784
1036,51,6528
1037,53,6784
1038,52,6656
1039,55,7040
1040,53,6784
1041,53,6784
1042,53,6784
1043,55,7040
1044,53,6784
1045,53,6784
1046,53,6784
1047,53,6784
1048,55,7040
1049,54,6912
1050,54,6912
1051,54,6912
1052,54,6912
1053,54,6912
1054,54,6912
1055,55,7040
1056,55,7040
1057,55,7040
1058,53,6784
1059,54,6912
1060,55,7040
1061,55,7040
1062,55,7040
1063,55,7040
1064,55,7040
1065,54,6912
1066,53,6784
1067,53,6784
1068,53,6784
1069,53,6784
1070,53,6784
1071,54,6912
1072,54,6912
1073,55,7040
1074,55,7040
1075,55,7040
1076,55,7040
1077,55,7040
1078,54,6912
1079,54,6912
1080,54,6912
1081,55,7040
1082,55,7040
1083,55,7040
1084,56,7168
1085,56,7168
1086,56,7168
1087,54,6912
1088,54,6912
1089,55,7040
1090,56,7168
1091,56,7168
1092,57,7296
1093,57,7296
1094,56,7168
1095,57,7296
1096,56,7168
1097,56,7168
1098,56,7168
1099,55,7040
1100,55,7040
1101,56,7168
1102,56,7168
1103,56,7168
1104,55,7040
1105,54,6912
1106,53,6784
1107,54,6912
1108,54,6912
1109,54,6912
1110,53,6784
1111,53,6784
1112,53,6784
1113,54,6912
1114,53,6784
1115,54,6912
1116,53,6784
1117,53,6784
1118,54,6912
1119,53,6784
1120,53,6784
1121,53,6784
1122,54,6912
1123,54,6912
1124,54,6912
1125,53,6784
1126,53,6784
1127,53,6784
1128,52,6656
1129,52,6656
1130,52,6656
1131,53,6784
1132,53,6784
1133,51,6528
1134,51,6528
1135,52,6656
1136,52,6656
1137,52,6656
1138,52,6656
1139,51,6528
1140,51,6528
1141,53,6784
1142,52,6656
1143,53,6784
1144,52,6656
1145,52,6656
1146,50,6400
1147,51,6528
1148,51,6528
1149,49,6272
1150,51,6528
1151,50,6400
1152,50,6400
1153,50,6400
1154,50,6400
1155,50,6400
1156,51,6528
1157,51,6528
1158,50,6400
1159,50,6400
1160,50,6400
1161,50,6400
1162,50,6400
1163,51,6528
1164,51,6528
1165,51,6528
1166,51,6528
1167,51,6528
1168,52,6656
1169,52,6656
1170,52,6656
1171,54,6912
1172,51,6528
1173,54,6912
1174,54,6912
1175,51,6528
1176,51,6528
1177,51,6528
1178,51,6528
1179,52,6656
1180,52,6656
1181,51,6528
1182,52,6656
1183,53,6784
1184,53,6784
1185,53,6784
1186,52,6656
1187,52,6656
1188,51,6528
1189,53,6784
1190,53,6784
1191,52,6656
1192,51,6528
1193,51,6528
1194,52,6656
1195,52,6656
1196,52,6656
1197,52,6656
1198,51,6528
1199,51,6528
1200,51,6528
1201,50,6400
1202,51,6528
1203,51,6528
1204,50,6400
1205,50,6400
1206,50,6400
1207,50,6400
1208,49,6272
1209,50,6400
1210,50,6400
1211,50,6400
1212,51,6528
1213,50,6400
1214,50,6400
1215,51,6528
1216,51,6528
1217,51,6528
1218,50,6400
1219,52,6656
1220,52,6656
1221,52,6656
1222,51,6528
1223,51,6528
1224,52,6656
1225,52,6656
1226,52,6656
1227,54,6912
1228,55,7040
1229,53,6784
1230,53,6784
1231,52,6656
1232,51,6528
1233,51,6528
1234,51,6528
1235,52,6656
1236,51,6528
1237,50,6400
1238,51,6528
1239,50,6400
1240,52,6656
1241,51,6528
1242,51,6528
1243,49,6272
1244,48,6144
1245,50,6400
1246,50,6400
1247,49,6272
1248,49,6272
1249,48,6144
1250,49,6272
1251,49,6272
1252,50,6400
1253,49,6272
1254,50,6400
1255,48,6144
1256,49,6272
1257,49,6272
1258,49,6272
1259,48,6144
1260,48,6144
1261,48,6144
1262,48,6144
1263,48,6144
1264,47,6016
1265,49,6272
1266,48,6144
1267,48,6144
1268,49,6272
1269,48,6144
1270,49,6272
1271,50,6400
1272,50,6400
1273,49,6272
1274,48,6144
1275,49,6272
1276,49,6272
1277,49,6272
1278,47,6016
1279,49,6272
1280,49,6272
1281,50,6400
1282,49,6272
1283,49,6272
1284,48,6144
1285,48,6144
1286,50,6400
1287,50,6400
1288,50,6400
1289,50,6400
1290,50,6400
1291,51,6528
1292,51,6528
1293,51,6528
1294,51,6528
1295,51,6528
1296,51,6528
1297,51,6528
1298,49,6272
1299,51,6528
1300,51,6528
1301,52,6656
1302,50,6400
1303,50,6400
1304,51,6528
1305,51,6528
1306,51,6528
1307,52,6656
1308,53,6784
1309,53,6784
1310,52,6656
1311,52,6656
1312,52,6656
1313,52,6656
1314,51,6528
1315,52,6656
1316,51,6528
1317,52,6656
1318,51,6528
1319,52,6656
1320,52,6656
1321,52,6656
1322,53,6784
1323,53,6784
1324,52,6656
1325,51,6528
1326,53,6784
1327,53,6784
1328,52,6656
1329,51,6528
1330,51,6528
1331,52,6656
1332,52,6656
1333,54,6912
1334,54,6912
1335,54,6912
1336,55,7040
1337,55,7040
1338,54,6912
1339,55,7040
1340,55,7040
1341,55,7040
1342,55,7040
1343,55,7040
1344,56,7168
1345,55,7040
1346,56,7168
1347,55,7040
1348,56,7168
1349,56,7168
1350,55,7040
1351,55,7040
1352,54,6912
1353,55,7040
1354,55,7040
1355,55,7040
1356,55,7040
1357,55,7040
1358,54,6912
1359,54,6912
1360,54,6912
1361,55,7040
1362,55,7040
1363,55,7040
1364,55,7040
1365,54,6912
1366,55,7040
1367,55,7040
1368,53,6784
1369,53,6784
1370,54,6912
1371,52,6656
1372,53,6784
1373,53,6784
1374,53,6784
1375,53,6784
1376,53,6784
1377,53,6784
1378,53,6784
1379,54,6912
1380,52,6656
1381,53,6784
1382,54,6912
1383,54,6912
1384,53,6784
1385,52,6656
1386,53,6784
1387,55,7040
1388,55,7040
1389,54,6912
1390,54,6912
1391,55,7040
1392,56,7168
1393,57,7296
1394,57,7296
1395,57,7296
1396,54,6912
1397,57,7296
1398,56,7168
1399,55,7040
1400,54,6912
1401,54,6912
1402,55,7040
1403,53,6784
1404,53,6784
1405,52,6656
1406,51,6528
1407,51,6528
1408,50,6400
1409,52,6656
1410,50,6400
1411,50,6400
1412,51,6528
1413,51,6528
1414,51,6528
1415,51,6528
1416,53,6784
1417,52,6656
1418,50,6400
1419,51,6528
1420,52,6656
1421,51,6528
1422,51,6528
1423,52,6656
1424,51,6528
1425,51,6528
1426,52,6656
1427,52,6656
1428,52,6656
1429,52,6656
1430,52,6656
1431,53,6784
1432,55,7040
1433,55,7040
1434,55,7040
1435,55,7040
1436,55,7040
1437,55,7040
1438,54,6912
1439,53,6784
1440,54,6912
1441,55,7040
1442,55,7040
1443,56,7168
1444,56,7168
1445,54,6912
1446,54,6912
1447,55,7040
1448,55,7040
1449,54,6912
1450,55,7040
1451,55,7040
1452,55,7040
1453,55,7040
1454,56,7168
1455,54,6912
1456,55,7040
1457,55,7040
1458,54,6912
1459,54,6912
1460,53,6784
1461,53,6784
1462,53,6784
1463,53,6784
1464,54,6912
1465,53,6784
1466,55,7040
1467,53,6784
1468,53,6784
1469,55,7040
1470,54,6912
1471,53,6784
1472,52,6656
1473,52,6656
1474,52,6656
1475,52,6656
1476,53,6784
1477,53,6784
1478,54,6912
1479,52,6656
1480,52,6656
1481,52,6656
1482,53,6784
1483,52,6656
1484,53,6784
1485,52,6656
1486,52,6656
1487,51,6528
1488,51,6528
1489,53,6784
1490,54,6912
1491,51,6528
1492,51,6528
1493,54,6912
1494,51,6528
1495,52,6656
1496,52,6656
1497,52,6656
1498,54,6912
1499,54,6912
1500,53,6784
1501,52,6656
1502,52,6656
1503,52,6656
1504,53,6784
1505,53,6784
1506,51,6528
1507,51,6528
1508,51,6528
1509,51,6528
1510,51,6528
1511,51,6528
1512,52,6656
1513,52,6656
1514,52,6656
1515,51,6528
1516,50,6400
1517,50,6400
1518,50,6400
1519,50,6400
1520,51,6528
1521,50,6400
1522,51,6528
1523,51,6528
1524,52,6656
1525,53,6784
1526,52,6656
1527,51,6528
1528,51,6528
1529,51,6528
1530,51,6528
1531,53,6784
1532,53,6784
1533,53,6784
1534,53,6784
1535,51,6528
1536,52,6656
1537,51,6528
1538,50,6400
1539,50,6400
1540,52,6656
1541,51,6528
1542,51,6528
1543,49,6272
1544,50,6400
1545,51,6528
1546,51,6528
1547,50,6400
1548,50,6400
1549,50,6400
1550,50,6400
1551,51,6528
1552,50,6400
1553,51,6528
1554,49,6272
1555,51,6528
1556,52,6656
1557,52,6656
1558,50,6400
1559,49,6272
1560,49,6272
1561,50,6400
1562,51,6528
1563,50,6400
1564,51,6528
1565,51,6528
1566,51,6528
1567,51,6528
1568,49,6272
1569,51,6528
1570,49,6272
1571,51,6528
1572,50,6400
1573,49,6272
1574,50,6400
1575,50,6400
1576,52,6656
1577,50,6400
1578,50,6400
1579,51,6528
1580,50,6400
1581,51,6528
1582,51,6528
1583,52,6656
1584,50,6400
1585,50,6400
1586,51,6528
1587,51,6528
1588,51,6528
1589,52,6656
1590,51,6528
1591,50,6400
1592,50,6400
1593,49,6272
1594,49,6272
1595,50,6400
1596,50,6400
1597,51,6528
1598,50,6400
1599,50,6400
1600,49,6272
1601,50,6400
1602,48,6144
1603,50,6400
1604,49,6272
1605,49,6272
1606,49,6272
1607,50,6400
1608,51,6528
1609,49,6272
1610,51,6528
1611,51,6528
1612,49,6272
1613,48,6144
1614,51,6528
1615,52,6656
1616,49,6272
1617,48,6144
1618,47,6016
1619,47,6016
1620,48,6144
1621,48,6144
1622,50,6400
1623,48,6144
1624,49,6272
1625,49,6272
1626,48,6144
1627,49,6272
1628,50,6400
1629,49,6272
1630,50,6400
1631,50,6400
1632,49,6272
1633,50,6400
1634,50,6400
1635,50,6400
1636,50,6400
1637,50,6400
1638,50,6400
1639,49,6272
1640,49,6272
1641,51,6528
1642,51,6528
1643,51,6528
1644,51,6528
1645,50,6400
1646,51,6528
1647,51,6528
1648,51,6528
1649,51,6528
1650,51,6528
1651,51,6528
1652,49,6272
1653,49,6272
1654,49,6272
1655,50,6400
1656,49,6272
1657,51,6528
1658,49,6272
1659,51,6528
1660,51,6528
1661,53,6784
1662,53,6784
1663,53,6784
1664,52,6656
1665,53,6784
1666,53,6784
1667,53,6784
1668,53,6784
1669,53,6784
1670,53,6784
1671,52,6656
1672,53,6784
1673,51,6528
1674,51,6528
1675,53,6784
1676,53,6784
1677,53,6784
1678,52,6656
1679,53,6784
1680,54,6912
1681,52,6656
1682,51,6528
1683,52,6656
1684,53,6784
1685,52,6656
1686,52,6656
1687,52,6656
1688,53,6784
1689,53,6784
1690,52,6656
1691,51,6528
1692,53,6784
1693,51,6528
1694,52,6656
1695,51,6528
1696,51,6528
1697,53,6784
1698,53,6784
1699,52,6656
1700,52,6656
1701,51,6528
1702,52,6656
1703,50,6400
1704,51,6528
1705,50,6400
1706,51,6528
1707,51,6528
1708,51,6528
1709,52,6656
1710,52,6656
1711,52,6656
1712,54,6912
1713,54,6912
1714,55,7040
1715,55,7040
1716,54,6912
1717,54,6912
1718,52,6656
1719,51,6528
1720,53,6784
1721,53,6784
1722,54,6912
1723,54,6912
1724,54,6912
1725,54,6912
1726,54,6912
1727,54,6912
1728,54,6912
1729,54,6912
1730,52,6656
1731,53,6784
1732,54,6912
1733,53,6784
1734,51,6528
1735,51,6528
1736,51,6528
1737,52,6656
1738,53,6784
1739,53,6784
1740,52,6656
1741,53,6784
1742,52,6656
1743,52,6656
1744,53,6784
1745,53,6784
1746,53,6784
1747,54,6912
1748,54,6912
1749,54,6912
1750,54,6912
1751,53,6784
1752,53,6784
1753,52,6656
1754,53,6784
1755,53,6784
1756,53,6784
1757,53,6784
1758,52,6656
1759,52,6656
1760,53,6784
1761,53,6784
1762,54,6912
1763,54,6912
1764,54,6912
1765,53,6784
1766,53,6784
1767,53,6784
1768,54,6912
1769,54,6912
1770,53,6784
1771,54,6912
1772,54,6912
1773,55,7040
1774,55,7040
1775,55,7040
1776,55,7040
1777,54,6912
1778,54,6912
1779,55,7040
1780,55,7040
1781,55,7040
1782,55,7040
1783,54,6912
1784,55,7040
1785,55,7040
1786,55,7040
1787,54,6912
1788,54,6912
1789,55,7040
1790,53,6784
1791,54,6912
1792,53,6784
1793,54,6912
1794,54,6912
1795,53,6784
1796,55,7040
1797,52,6656
1798,52,6656
1799,51,6528
1800,52,6656
1801,54,6912
1802,52,6656
1803,52,6656
1804,53,6784
1805,52,6656
1806,54,6912
1807,51,6528
1808,52,6656
1809,52,6656
1810,52,6656
1811,53,6784
1812,53,6784
1813,52,6656
1814,53,6784
1815,51,6528
1816,51,6528
1817,52,6656
1818,52,6656
1819,52,6656
1820,51,6528
1821,52,6656
1822,52,6656
1823,53,6784
1824,52,6656
1825,52,6656
1826,55,7040
1827,53,6784
1828,52,6656
1829,51,6528
1830,52,6656
1831,53,6784
1832,53,6784
1833,52,6656
1834,52,6656
1835,52,6656
1836,53,6784
1837,53,6784
1838,53,6784
1839,53,6784
1840,54,6912
1841,52,6656
1842,53,6784
1843,52,6656
1844,53,6784
1845,51,6528
1846,53,6784
1847,53,6784
1848,52,6656
1849,51,6528
1850,53,6784
1851,53,6784
1852,53,6784
1853,53,6784
1854,53,6784
1855,52,6656
1856,52,6656
1857,53,6784
1858,52,6656
1859,51,6528
1860,52,6656
1861,52,6656
1862,53,6784
1863,55,7040
1864,52,6656
1865,51,6528
1866,52,6656
1867,52,6656
1868,53,6784
1869,52,6656
1870,51,6528
1871,51,6528
1872,52,6656
1873,50,6400
1874,51,6528
1875,50,6400
1876,51,6528
1877,50,6400
1878,50,6400
1879,51,6528
1880,51,6528
1881,52,6656
1882,52,6656
1883,53,6784
1884,53,6784
1885,53,6784
1886,52,6656
1887,52,6656
1888,53,6784
1889,54,6912
1890,54,6912
1891,54,6912
1892,54,6912
1893,54,6912
1894,54,6912
1895,54,6912
1896,54,6912
1897,54,6912
1898,54,6912
1899,53,6784
1900,54,6912
1901,52,6656
1902,53,6784
1903,53,6784
1904,54,6912
1905,52,6656
1906,52,6656
1907,52,6656
1908,52,6656
1909,52,6656
1910,52,6656
1911,53,6784
1912,53,6784
1913,53,6784
1914,51,6528
1915,51,6528
1916,51,6528
1917,52,6656
1918,51,6528
1919,50,6400
1920,50,6400
1921,51,6528
1922,51,6528
1923,52,6656
1924,52,6656
1925,53,6784
1926,53,6784
1927,52,6656
1928,52,6656
1929,54,6912
1930,54,6912
1931,52,6656
1932,53,6784
1933,52,6656
1934,52,6656
1935,53,6784
1936,53,6784
1937,52,6656
1938,52,6656
1939,52,6656
1940,52,6656
1941,51,6528
1942,52,6656
1943,52,6656
1944,52,6656
1945,51,6528
1946,50,6400
1947,50,6400
1948,51,6528
1949,50,6400
1950,52,6656
1951,52,6656
1952,52,6656
1953,51,6528
1954,51,6528
1955,52,6656
1956,52,6656
1957,53,6784
1958,51,6528
1959,50,6400
1960,53,6784
1961,52,6656
1962,52,6656
1963,49,6272
1964,49,6272
1965,51,6528
1966,51,6528
1967,50,6400
1968,50,6400
1969,49,6272
1970,49,6272
1971,51,6528
1972,51,6528
1973,48,6144
1974,47,6016
1975,48,6144
1976,49,6272
1977,49,6272
1978,50,6400
1979,50,6400
1980,48,6144
1981,48,6144
1982,49,6272
1983,49,6272
1984,48,6144
1985,49,6272
1986,49,6272
1987,50,6400
1988,49,6272
1989,50,6400
1990,51,6528
1991,48,6144
1992,48,6144
1993,49,6272
1994,49,6272
1995,49,6272
1996,50,6400
1997,49,6272
1998,48,6144
1999,48,6144
2000,50,6400
