RandomSeed,45265,Population size:128,Bit Length:64,Crossover Rate:0.7,Mutation Rate:0.005
gen,BestFitness,FitnessEval
1,43,5504
2,41,5248
3,39,4992
4,41,5248
5,41,5248
6,41,5248
7,42,5376
8,41,5248
9,42,5376
10,43,5504
11,42,5376
12,42,5376
13,43,5504
14,42,5376
15,44,5632
16,43,5504
17,45,5760
18,42,5376
19,43,5504
20,43,5504
21,43,5504
22,44,5632
23,45,5760
24,45,5760
25,45,5760
26,45,5760
27,46,5888
28,47,6016
29,47,6016
30,47,6016
31,46,5888
32,46,5888
33,46,5888
34,47,6016
35,47,6016
36,48,6144
37,47,6016
38,47,6016
39,48,6144
40,50,6400
41,48,6144
42,50,6400
43,51,6528
44,49,6272
45,50,6400
46,51,6528
47,49,6272
48,51,6528
49,50,6400
50,52,6656
51,52,6656
52,52,6656
53,52,6656
54,50,6400
55,51,6528
56,52,6656
57,51,6528
58,50,6400
59,49,6272
60,52,6656
61,51,6528
62,50,6400
63,49,6272
64,49,6272
65,49,6272
66,50,6400
67,49,6272
68,49,6272
69,49,6272
70,50,6400
71,50,6400
72,49,6272
73,49,6272
74,50,6400
75,51,6528
76,51,6528
77,51,6528
78,49,6272
79,49,6272
80,50,6400
81,50,6400
82,50,6400
83,50,6400
84,50,6400
85,49,6272
86,51,6528
87,51,6528
88,51,6528
89,51,6528
90,50,6400
91,53,6784
92,52,6656
93,52,6656
94,53,6784
95,53,6784
96,52,6656
97,52,6656
98,52,6656
99,51,6528
100,52,6656
101,50,6400
102,51,6528
103,54,6912
104,53,6784
105,53,6784
106,54,6912
107,55,7040
108,53,6784
109,54,6912
110,52,6656
111,51,6528
112,52,6656
113,52,6656
114,52,6656
115,51,6528
116,52,6656
117,52,6656
118,52,6656
119,51,6528
120,50,6400
121,52,6656
122,50,6400
123,50,6400
124,50,6400
125,49,6272
126,49,6272
127,49,6272
128,50,6400
129,50,6400
130,50,6400
131,50,6400
132,50,6400
133,51,6528
134,54,6912
135,50,6400
136,51,6528
137,54,6912
138,51,6528
139,51,6528
140,53,6784
141,53,6784
142,52,6656
143,51,6528
144,52,6656
145,52,6656
146,51,6528
147,52,6656
148,52,6656
149,52,6656
150,51,6528
151,51,6528
152,51,6528
153,50,6400
154,50,6400
155,50,6400
156,52,6656
157,51,6528
158,51,6528
159,52,6656
160,52,6656
161,51,6528
162,52,6656
163,51,6528
164,51,6528
165,51,6528
166,51,6528
167,51,6528
168,51,6528
169,52,6656
170,52,6656
171,50,6400
172,50,6400
173,51,6528
174,50,6400
175,49,6272
176,48,6144
177,49,6272
178,50,6400
179,51,6528
180,51,6528
181,55,7040
182,53,6784
183,51,6528
184,50,6400
185,50,6400
186,50,6400
187,52,6656
188,52,6656
189,49,6272
190,48,6144
191,50,6400
192,49,6272
193,49,6272
194,48,6144
195,48,6144
196,48,6144
197,48,6144
198,48,6144
199,49,6272
200,50,6400
201,50,6400
202,48,6144
203,50,6400
204,49,6272
205,50,6400
206,50,6400
207,50,6400
208,50,6400
209,49,6272
210,49,6272
211,49,6272
212,48,6144
213,49,6272
214,48,6144
215,49,6272
216,50,6400
217,49,6272
218,49,6272
219,49,6272
220,49,6272
221,51,6528
222,49,6272
223,49,6272
224,47,6016
225,49,6272
226,49,6272
227,49,6272
228,49,6272
229,49,6272
230,50,6400
231,48,6144
232,48,6144
233,49,6272
234,49,6272
235,48,6144
236,48,6144
237,47,6016
238,48,6144
239,48,6144
240,47,6016
241,48,6144
242,47,6016
243,47,6016
244,48,6144
245,48,6144
246,48,6144
247,49,6272
248,48,6144
249,49,6272
250,47,6016
251,48,6144
252,48,6144
253,49,6272
254,48,6144
255,48,6144
256,47,6016
257,46,5888
258,47,6016
259,48,6144
260,47,6016
261,47,6016
262,47,6016
263,48,6144
264,48,6144
265,49,6272
266,49,6272
267,48,6144
268,49,6272
269,49,6272
270,49,6272
271,49,6272
272,49,6272
273,49,6272
274,49,6272
275,48,6144
276,48,6144
277,48,6144
278,48,6144
279,48,6144
280,48,6144
281,48,6144
282,48,6144
283,49,6272
284,48,6144
285,48,6144
286,49,6272
287,49,6272
288,49,6272
289,49,6272
290,49,6272
291,49,6272
292,49,6272
293,47,6016
294,48,6144
295,49,6272
296,46,5888
297,48,6144
298,47,6016
299,48,6144
300,49,6272
301,48,6144
302,46,5888
303,47,6016
304,47,6016
305,47,6016
306,49,6272
307,49,6272
308,49,6272
309,49,6272
310,48,6144
311,48,6144
312,48,6144
313,49,6272
314,50,6400
315,48,6144
316,49,6272
317,49,6272
318,50,6400
319,49,6272
320,49,6272
321,50,6400
322,51,6528
323,52,6656
324,52,6656
325,49,6272
326,49,6272
327,47,6016
328,47,6016
329,48,6144
330,49,6272
331,49,6272
332,48,6144
333,48,6144
334,49,6272
335,50,6400
336,50,6400
337,50,6400
338,51,6528
339,50,6400
340,51,6528
341,51,6528
342,50,6400
343,50,6400
344,49,6272
345,52,6656
346,49,6272
347,51,6528
348,51,6528
349,51,6528
350,51,6528
351,50,6400
352,51,6528
353,50,6400
354,50,6400
355,50,6400
356,51,6528
357,51,6528
358,52,6656
359,52,6656
360,52,6656
361,51,6528
362,52,6656
363,53,6784
364,51,6528
365,51,6528
366,54,6912
367,52,6656
368,51,6528
369,52,6656
370,52,6656
371,52,6656
372,51,6528
373,52,6656
374,52,6656
375,52,6656
376,52,6656
377,52,6656
378,52,6656
379,50,6400
380,50,6400
381,51,6528
382,51,6528
383,52,6656
384,53,6784
385,52,6656
386,51,6528
387,51,6528
388,51,6528
389,52,6656
390,52,6656
391,51,6528
392,51,6528
393,51,6528
394,50,6400
395,51,6528
396,49,6272
397,50,6400
398,50,6400
399,50,6400
400,51,6528
401,51,6528
402,51,6528
403,51,6528
404,52,6656
405,51,6528
406,50,6400
407,51,6528
408,51,6528
409,51,6528
410,50,6400
411,50,6400
412,50,6400
413,51,6528
414,50,6400
415,48,6144
416,49,6272
417,51,6528
418,50,6400
419,49,6272
420,50,6400
421,50,6400
422,49,6272
423,49,6272
424,49,6272
425,50,6400
426,49,6272
427,49,6272
428,49,6272
429,49,6272
430,50,6400
431,50,6400
432,49,6272
433,49,6272
434,48,6144
435,50,6400
436,49,6272
437,51,6528
438,49,6272
439,49,6272
440,50,6400
441,48,6144
442,49,6272
443,49,6272
444,48,6144
445,49,6272
446,50,6400
447,50,6400
448,50,6400
449,51,6528
450,50,6400
451,51,6528
452,50,6400
453,50,6400
454,51,6528
455,50,6400
456,50,6400
457,49,6272
458,49,6272
459,50,6400
460,49,6272
461,51,6528
462,50,6400
463,52,6656
464,51,6528
465,50,6400
466,49,6272
467,49,6272
468,50,6400
469,50,6400
470,49,6272
471,48,6144
472,47,6016
473,50,6400
474,49,6272
475,50,6400
476,50,6400
477,48,6144
478,49,6272
479,50,6400
480,49,6272
481,51,6528
482,51,6528
483,52,6656
484,52,6656
485,52,6656
486,49,6272
487,49,6272
488,51,6528
489,50,6400
490,50,6400
491,50,6400
492,50,6400
493,50,6400
494,50,6400
495,52,6656
496,52,6656
497,52,6656
498,53,6784
499,53,6784
500,52,6656
501,51,6528
502,52,6656
503,52,6656
504,51,6528
505,53,6784
506,53,6784
507,52,6656
508,51,6528
509,51,6528
510,51,6528
511,51,6528
512,52,6656
513,51,6528
514,50,6400
515,51,6528
516,51,6528
517,51,6528
518,53,6784
519,53,6784
520,51,6528
521,52,6656
522,51,6528
523,52,6656
524,51,6528
525,51,6528
526,51,6528
527,51,6528
528,52,6656
529,51,6528
530,51,6528
531,50,6400
532,50,6400
533,49,6272
534,50,6400
535,50,6400
536,49,6272
537,50,6400
538,52,6656
539,50,6400
540,51,6528
541,52,6656
542,52,6656
543,51,6528
544,52,6656
545,52,6656
546,52,6656
547,53,6784
548,53,6784
549,53,6784
550,52,6656
551,52,6656
552,52,6656
553,52,6656
554,51,6528
555,52,6656
556,51,6528
557,53,6784
558,53,6784
559,53,6784
560,53,6784
561,53,6784
562,53,6784
563,53,6784
564,53,6784
565,53,6784
566,53,6784
567,55,7040
568,53,6784
569,55,7040
570,55,7040
571,55,7040
572,55,7040
573,54,6912
574,54,6912
575,54,6912
576,55,7040
577,55,7040
578,55,7040
579,55,7040
580,54,6912
581,55,7040
582,56,7168
583,56,7168
584,56,7168
585,53,6784
586,52,6656
587,53,6784
588,53,6784
589,53,6784
590,54,6912
591,54,6912
592,57,7296
593,58,7424
594,56,7168
595,57,7296
596,56,7168
597,57,7296
598,57,7296
599,57,7296
600,57,7296
601,57,7296
602,57,7296
603,56,7168
604,57,7296
605,59,7552
606,58,7424
607,58,7424
608,57,7296
609,56,7168
610,57,7296
611,58,7424
612,56,7168
613,56,7168
614,58,7424
615,58,7424
616,58,7424
617,57,7296
618,58,7424
619,58,7424
620,57,7296
621,56,7168
622,55,7040
623,55,7040
624,55,7040
625,55,7040
626,55,7040
627,56,7168
628,55,7040
629,56,7168
630,55,7040
631,55,7040
632,56,7168
633,56,7168
634,55,7040
635,56,7168
636,56,7168
637,58,7424
638,55,7040
639,55,7040
640,55,7040
641,55,7040
642,56,7168
643,56,7168
644,55,7040
645,55,7040
646,56,7168
647,57,7296
648,56,7168
649,56,7168
650,56,7168
651,56,7168
652,55,7040
653,54,6912
654,55,7040
655,55,7040
656,54,6912
657,54,6912
658,55,7040
659,54,6912
660,54,6912
661,54,6912
662,51,6528
663,54,6912
664,54,6912
665,53,6784
666,52,6656
667,53,6784
668,54,6912
669,56,7168
670,53,6784
671,54,6912
672,53,6784
673,54,6912
674,54,6912
675,54,6912
676,55,7040
677,54,6912
678,54,6912
679,54,6912
680,54,6912
681,53,6784
682,53,6784
683,52,6656
684,53,6784
685,54,6912
686,53,6784
687,53,6784
688,54,6912
689,54,6912
690,55,7040
691,56,7168
692,55,7040
693,54,6912
694,54,6912
695,55,7040
696,55,7040
697,54,6912
698,54,6912
699,54,6912
700,53,6784
701,54,6912
702,52,6656
703,52,6656
704,52,6656
705,54,6912
706,53,6784
707,54,6912
708,52,6656
709,52,6656
710,53,6784
711,52,6656
712,53,6784
713,51,6528
714,52,6656
715,52,6656
716,52,6656
717,52,6656
718,52,6656
719,52,6656
720,54,6912
721,53,6784
722,54,6912
723,53,6784
724,54,6912
725,54,6912
726,55,7040
727,56,7168
728,56,7168
729,56,7168
730,55,7040
731,55,7040
732,56,7168
733,57,7296
734,56,7168
735,56,7168
736,56,7168
737,53,6784
738,53,6784
739,54,6912
740,52,6656
741,53,6784
742,52,6656
743,54,6912
744,54,6912
745,54,6912
746,54,6912
747,53,6784
748,54,6912
749,51,6528
750,53,6784
751,55,7040
752,51,6528
753,51,6528
754,52,6656
755,52,6656
756,51,6528
757,52,6656
758,51,6528
759,51,6528
760,51,6528
761,50,6400
762,51,6528
763,52,6656
764,52,6656
765,52,6656
766,51,6528
767,52,6656
768,53,6784
769,53,6784
770,53,6784
771,54,6912
772,54,6912
773,51,6528
774,51,6528
775,53,6784
776,53,6784
777,54,6912
778,51,6528
779,50,6400
780,50,6400
781,50,6400
782,52,6656
783,51,6528
784,49,6272
785,50,6400
786,50,6400
787,50,6400
788,49,6272
789,49,6272
790,50,6400
791,49,6272
792,49,6272
793,50,6400
794,49,6272
795,50,6400
796,50,6400
797,50,6400
798,50,6400
799,49,6272
800,51,6528
801,50,6400
802,49,6272
803,50,6400
804,51,6528
805,49,6272
806,48,6144
807,48,6144
808,48,6144
809,48,6144
810,49,6272
811,49,6272
812,49,6272
813,49,6272
814,47,6016
815,47,6016
816,46,5888
817,49,6272
818,48,6144
819,49,6272
820,49,6272
821,49,6272
822,50,6400
823,50,6400
824,49,6272
825,49,6272
826,49,6272
827,47,6016
828,48,6144
829,48,6144
830,47,6016
831,48,6144
832,48,6144
833,49,6272
834,49,6272
835,48,6144
836,48,6144
837,47,6016
838,48,6144
839,47,6016
840,49,6272
841,48,6144
842,47,6016
843,48,6144
844,48,6144
845,49,6272
846,47,6016
847,47,6016
848,48,6144
849,48,6144
850,47,6016
851,47,6016
852,47,6016
853,48,6144
854,50,6400
855,47,6016
856,47,6016
857,46,5888
858,46,5888
859,46,5888
860,46,5888
861,47,6016
862,46,5888
863,46,5888
864,46,5888
865,45,5760
866,46,5888
867,46,5888
868,47,6016
869,47,6016
870,47,6016
871,47,6016
872,47,6016
873,48,6144
874,48,6144
875,48,6144
876,49,6272
877,47,6016
878,48,6144
879,46,5888
880,46,5888
881,46,5888
882,46,5888
883,47,6016
884,47,6016
885,47,6016
886,46,5888
887,45,5760
888,45,5760
889,45,5760
890,46,5888
891,46,5888
892,47,6016
893,46,5888
894,46,5888
895,47,6016
896,47,6016
897,46,5888
898,47,6016
899,47,6016
900,45,5760
901,46,5888
902,45,5760
903,46,5888
904,47,6016
905,47,6016
906,47,6016
907,46,5888
908,47,6016
909,48,6144
910,48,6144
911,50,6400
912,48,6144
913,49,6272
914,49,6272
915,48,6144
916,49,6272
917,48,6144
918,49,6272
919,49,6272
920,49,6272
921,49,6272
922,49,6272
923,50,6400
924,49,6272
925,49,6272
926,49,6272
927,48,6144
928,49,6272
929,49,6272
930,49,6272
931,49,6272
932,52,6656
933,51,6528
934,49,6272
935,49,6272
936,49,6272
937,49,6272
938,51,6528
939,52,6656
940,51,6528
941,51,6528
942,52,6656
943,52,6656
944,51,6528
945,53,6784
946,53,6784
947,53,6784
948,53,6784
949,52,6656
950,52,6656
951,53,6784
952,53,6784
953,54,6912
954,53,6784
955,55,7040
956,54,6912
957,54,6912
958,54,6912
959,52,6656
960,54,6912
961,52,6656
962,53,6784
963,53,6784
964,53,6784
965,53,6784
966,54,6912
967,54,6912
968,54,6912
969,54,6912
970,54,6912
971,54,6912
972,55,7040
973,53,6784
974,52,6656
975,53,6784
976,51,6528
977,50,6400
978,53,6784
979,52,6656
980,52,6656
981,52,6656
982,51,6528
983,51,6528
984,50,6400
985,51,6528
986,52,6656
987,52,6656
988,51,6528
989,52,6656
990,53,6784
991,51,6528
992,52,6656
993,52,6656
994,53,6784
995,51,6528
996,51,6528
997,51,6528
998,50,6400
999,51,6528
1000,51,6528
1001,52,6656
1002,53,6784
1003,51,6528
1004,52,6656
1005,51,6528
1006,51,6528
1007,53,6784
1008,54,6912
1009,53,6784
1010,53,6784
1011,53,6784
1012,52,6656
1013,52,6656
1014,52,6656
1015,52,6656
1016,52,6656
1017,53,6784
1018,52,6656
1019,51,6528
1020,50,6400
1021,49,6272
1022,50,6400
1023,49,6272
1024,50,6400
1025,48,6144
1026,48,6144
1027,50,6400
1028,49,6272
1029,49,6272
1030,48,6144
1031,48,6144
1032,48,6144
1033,48,6144
1034,48,6144
1035,48,6144
1036,49,6272
1037,48,6144
1038,48,6144
1039,48,6144
1040,46,5888
1041,46,5888
1042,48,6144
1043,47,6016
1044,47,6016
1045,46,5888
1046,46,5888
1047,48,6144
1048,47,6016
1049,46,5888
1050,46,5888
1051,46,5888
1052,46,5888
1053,46,5888
1054,45,5760
1055,45,5760
1056,46,5888
1057,46,5888
1058,48,6144
1059,47,6016
1060,47,6016
1061,48,6144
1062,48,6144
1063,49,6272
1064,48,6144
1065,47,6016
1066,48,6144
1067,48,6144
1068,47,6016
1069,48,6144
1070,49,6272
1071,49,6272
1072,47,6016
1073,47,6016
1074,47,6016
1075,47,6016
1076,49,6272
1077,49,6272
1078,46,5888
1079,46,5888
1080,46,5888
1081,47,6016
1082,48,6144
1083,45,5760
1084,46,5888
1085,45,5760
1086,45,5760
1087,45,5760
1088,46,5888
1089,46,5888
1090,45,5760
1091,46,5888
1092,47,6016
1093,47,6016
1094,48,6144
1095,49,6272
1096,48,6144
1097,47,6016
1098,46,5888
1099,46,5888
1100,47,6016
1101,48,6144
1102,49,6272
1103,49,6272
1104,48,6144
1105,47,6016
1106,47,6016
1107,48,6144
1108,47,6016
1109,51,6528
1110,49,6272
1111,48,6144
1112,50,6400
1113,48,6144
1114,50,6400
1115,49,6272
1116,51,6528
1117,50,6400
1118,49,6272
1119,49,6272
1120,49,6272
1121,50,6400
1122,48,6144
1123,49,6272
1124,49,6272
1125,48,6144
1126,48,6144
1127,49,6272
1128,49,6272
1129,47,6016
1130,48,6144
1131,48,6144
1132,48,6144
1133,49,6272
1134,49,6272
1135,48,6144
1136,50,6400
1137,49,6272
1138,48,6144
1139,48,6144
1140,48,6144
1141,48,6144
1142,48,6144
1143,49,6272
1144,52,6656
1145,49,6272
1146,49,6272
1147,50,6400
1148,49,6272
1149,48,6144
1150,48,6144
1151,48,6144
1152,49,6272
1153,51,6528
1154,49,6272
1155,50,6400
1156,50,6400
1157,50,6400
1158,51,6528
1159,48,6144
1160,48,6144
1161,47,6016
1162,47,6016
1163,48,6144
1164,49,6272
1165,50,6400
1166,49,6272
1167,49,6272
1168,49,6272
1169,48,6144
1170,48,6144
1171,49,6272
1172,49,6272
1173,50,6400
1174,49,6272
1175,50,6400
1176,50,6400
1177,51,6528
1178,51,6528
1179,50,6400
1180,50,6400
1181,50,6400
1182,50,6400
1183,50,6400
1184,51,6528
1185,50,6400
1186,50,6400
1187,50,6400
1188,50,6400
1189,50,6400
1190,49,6272
1191,48,6144
1192,51,6528
1193,50,6400
1194,49,6272
1195,50,6400
1196,50,6400
1197,51,6528
1198,51,6528
1199,52,6656
1200,54,6912
1201,54,6912
1202,53,6784
1203,54,6912
1204,52,6656
1205,52,6656
1206,52,6656
1207,53,6784
1208,54,6912
1209,54,6912
1210,54,6912
1211,55,7040
1212,55,7040
1213,55,7040
1214,55,7040
1215,53,6784
1216,53,6784
1217,53,6784
1218,52,6656
1219,54,6912
1220,54,6912
1221,54,6912
1222,54,6912
1223,54,6912
1224,54,6912
1225,55,7040
1226,56,7168
1227,55,7040
1228,54,6912
1229,54,6912
1230,53,6784
1231,54,6912
1232,53,6784
1233,53,6784
1234,54,6912
1235,54,6912
1236,55,7040
1237,54,6912
1238,55,7040
1239,53,6784
1240,52,6656
1241,52,6656
1242,53,6784
1243,53,6784
1244,52,6656
1245,53,6784
1246,53,6784
1247,53,6784
1248,52,6656
1249,53,6784
1250,53,6784
1251,53,6784
1252,53,6784
1253,53,6784
1254,53,6784
1255,52,6656
1256,52,6656
1257,52,6656
1258,53,6784
1259,54,6912
1260,53,6784
1261,53,6784
1262,55,7040
1263,52,6656
1264,52,6656
1265,53,6784
1266,53,6784
1267,53,6784
1268,54,6912
1269,53,6784
1270,56,7168
1271,56,7168
1272,55,7040
1273,56,7168
1274,53,6784
1275,55,7040
1276,55,7040
1277,54,6912
1278,55,7040
1279,55,7040
1280,54,6912
1281,54,6912
1282,53,6784
1283,54,6912
1284,55,7040
1285,54,6912
1286,54,6912
1287,55,7040
1288,54,6912
1289,57,7296
1290,55,7040
1291,57,7296
1292,55,7040
1293,55,7040
1294,56,7168
1295,56,7168
1296,56,7168
1297,56,7168
1298,56,7168
1299,55,7040
1300,54,6912
1301,54,6912
1302,54,6912
1303,55,7040
1304,54,6912
1305,54,6912
1306,53,6784
1307,55,7040
1308,54,6912
1309,54,6912
1310,54,6912
1311,54,6912
1312,55,7040
1313,55,7040
1314,56,7168
1315,55,7040
1316,55,7040
1317,54,6912
1318,55,7040
1319,55,7040
1320,54,6912
1321,53,6784
1322,55,7040
1323,55,7040
1324,53,6784
1325,54,6912
1326,54,6912
1327,54,6912
1328,55,7040
1329,54,6912
1330,54,6912
1331,56,7168
1332,55,7040
1333,56,7168
1334,56,7168
1335,56,7168
1336,54,6912
1337,55,7040
1338,55,7040
1339,55,7040
1340,56,7168
1341,56,7168
1342,56,7168
1343,56,7168
1344,56,7168
1345,56,7168
1346,56,7168
1347,55,7040
1348,54,6912
1349,52,6656
1350,55,7040
1351,55,7040
1352,54,6912
1353,53,6784
1354,50,6400
1355,50,6400
1356,51,6528
1357,52,6656
1358,50,6400
1359,51,6528
1360,50,6400
1361,50,6400
1362,50,6400
1363,50,6400
1364,51,6528
1365,51,6528
1366,51,6528
1367,51,6528
1368,50,6400
1369,50,6400
1370,50,6400
1371,49,6272
1372,49,6272
1373,49,6272
1374,50,6400
1375,50,6400
1376,49,6272
1377,49,6272
1378,48,6144
1379,48,6144
1380,49,6272
1381,50,6400
1382,49,6272
1383,49,6272
1384,49,6272
1385,48,6144
1386,49,6272
1387,48,6144
1388,46,5888
1389,47,6016
1390,47,6016
1391,47,6016
1392,46,5888
1393,46,5888
1394,47,6016
1395,46,5888
1396,47,6016
1397,48,6144
1398,47,6016
1399,46,5888
1400,47,6016
1401,45,5760
1402,47,6016
1403,47,6016
1404,46,5888
1405,46,5888
1406,48,6144
1407,49,6272
1408,49,6272
1409,49,6272
1410,50,6400
1411,49,6272
1412,48,6144
1413,48,6144
1414,48,6144
1415,49,6272
1416,49,6272
1417,50,6400
1418,51,6528
1419,51,6528
1420,54,6912
1421,53,6784
1422,53,6784
1423,53,6784
1424,52,6656
1425,53,6784
1426,53,6784
1427,53,6784
1428,53,6784
1429,54,6912
1430,52,6656
1431,53,6784
1432,53,6784
1433,52,6656
1434,52,6656
1435,52,6656
1436,52,6656
1437,53,6784
1438,53,6784
1439,52,6656
1440,50,6400
1441,50,6400
1442,50,6400
1443,51,6528
1444,52,6656
1445,52,6656
1446,52,6656
1447,51,6528
1448,51,6528
1449,52,6656
1450,52,6656
1451,53,6784
1452,54,6912
1453,51,6528
1454,52,6656
1455,52,6656
1456,52,6656
1457,53,6784
1458,53,6784
1459,53,6784
1460,53,6784
1461,53,6784
1462,52,6656
1463,53,6784
1464,54,6912
1465,53,6784
1466,54,6912
1467,55,7040
1468,54,6912
1469,54,6912
1470,54,6912
1471,54,6912
1472,53,6784
1473,53,6784
1474,52,6656
1475,54,6912
1476,53,6784
1477,54,6912
1478,57,7296
1479,57,7296
1480,57,7296
1481,55,7040
1482,55,7040
1483,56,7168
1484,56,7168
1485,56,7168
1486,56,7168
1487,56,7168
1488,56,7168
1489,56,7168
1490,55,7040
1491,54,6912
1492,56,7168
1493,55,7040
1494,55,7040
1495,54,6912
1496,55,7040
1497,54,6912
1498,54,6912
1499,56,7168
1500,55,7040
1501,55,7040
1502,56,7168
1503,55,7040
1504,53,6784
1505,54,6912
1506,54,6912
1507,53,6784
1508,53,6784
1509,51,6528
1510,52,6656
1511,53,6784
1512,53,6784
1513,53,6784
1514,53,6784
1515,52,6656
1516,55,7040
1517,52,6656
1518,51,6528
1519,52,6656
1520,53,6784
1521,53,6784
1522,52,6656
1523,53,6784
1524,54,6912
1525,52,6656
1526,53,6784
1527,52,6656
1528,52,6656
1529,51,6528
1530,52,6656
1531,52,6656
1532,53,6784
1533,53,6784
1534,52,6656
1535,52,6656
1536,53,6784
1537,53,6784
1538,52,6656
1539,51,6528
1540,51,6528
1541,51,6528
1542,52,6656
1543,53,6784
1544,52,6656
1545,51,6528
1546,51,6528
1547,51,6528
1548,53,6784
1549,53,6784
1550,53,6784
1551,55,7040
1552,53,6784
1553,54,6912
1554,52,6656
1555,52,6656
1556,51,6528
1557,51,6528
1558,51,6528
1559,50,6400
1560,50,6400
1561,49,6272
1562,49,6272
1563,50,6400
1564,50,6400
1565,51,6528
1566,49,6272
1567,49,6272
1568,48,6144
1569,48,6144
1570,50,6400
1571,48,6144
1572,49,6272
1573,51,6528
1574,50,6400
1575,50,6400
1576,50,6400
1577,50,6400
1578,49,6272
1579,50,6400
1580,50,6400
1581,51,6528
1582,51,6528
1583,51,6528
1584,51,6528
1585,51,6528
1586,51,6528
1587,51,6528
1588,51,6528
1589,51,6528
1590,51,6528
1591,50,6400
1592,52,6656
1593,52,6656
1594,52,6656
1595,49,6272
1596,52,6656
1597,52,6656
1598,50,6400
1599,50,6400
1600,52,6656
1601,50,6400
1602,50,6400
1603,51,6528
1604,51,6528
1605,50,6400
1606,51,6528
1607,51,6528
1608,51,6528
1609,51,6528
1610,52,6656
1611,52,6656
1612,51,6528
1613,51,6528
1614,51,6528
1615,51,6528
1616,51,6528
1617,51,6528
1618,49,6272
1619,49,6272
1620,49,6272
1621,50,6400
1622,51,6528
1623,52,6656
1624,51,6528
1625,52,6656
1626,51,6528
1627,52,6656
1628,52,6656
1629,53,6784
1630,51,6528
1631,51,6528
1632,52,6656
1633,52,6656
1634,52,6656
1635,52,6656
1636,52,6656
1637,53,6784
1638,52,6656
1639,52,6656
1640,54,6912
1641,53,6784
1642,54,6912
1643,54,6912
1644,55,7040
1645,53,6784
1646,55,7040
1647,54,6912
1648,52,6656
1649,52,6656
1650,52,6656
1651,52,6656
1652,53,6784
1653,53,6784
1654,54,6912
1655,51,6528
1656,51,6528
1657,51,6528
1658,50,6400
1659,51,6528
1660,51,6528
1661,50,6400
1662,52,6656
1663,50,6400
1664,49,6272
1665,49,6272
1666,48,6144
1667,49,6272
1668,49,6272
1669,49,6272
1670,49,6272
1671,50,6400
1672,50,6400
1673,50,6400
1674,49,6272
1675,50,6400
1676,49,6272
1677,50,6400
1678,50,6400
1679,50,6400
1680,52,6656
1681,50,6400
1682,51,6528
1683,51,6528
1684,51,6528
1685,51,6528
1686,51,6528
1687,50,6400
1688,50,6400
1689,50,6400
1690,50,6400
1691,49,6272
1692,50,6400
1693,50,6400
1694,50,6400
1695,49,6272
1696,49,6272
1697,50,6400
1698,50,6400
1699,48,6144
1700,50,6400
1701,50,6400
1702,51,6528
1703,49,6272
1704,50,6400
1705,50,6400
1706,50,6400
1707,51,6528
1708,49,6272
1709,49,6272
1710,50,6400
1711,49,6272
1712,50,6400
1713,50,6400
1714,50,6400
1715,50,6400
1716,50,6400
1717,51,6528
1718,50,6400
1719,52,6656
1720,52,6656
1721,52,6656
1722,51,6528
1723,52,6656
1724,52,6656
1725,51,6528
1726,50,6400
1727,49,6272
1728,50,6400
1729,50,6400
1730,51,6528
1731,51,6528
1732,50,6400
1733,50,6400
1734,50,6400
1735,48,6144
1736,48,6144
1737,50,6400
1738,48,6144
1739,48,6144
1740,48,6144
1741,48,6144
1742,48,6144
1743,47,6016
1744,48,6144
1745,48,6144
1746,49,6272
1747,48,6144
1748,48,6144
1749,49,6272
1750,49,6272
1751,47,6016
1752,47,6016
1753,48,6144
1754,48,6144
1755,46,5888
1756,47,6016
1757,47,6016
1758,47,6016
1759,48,6144
1760,47,6016
1761,46,5888
1762,48,6144
1763,47,6016
1764,47,6016
1765,46,5888
1766,48,6144
1767,48,6144
1768,49,6272
1769,49,6272
1770,50,6400
1771,49,6272
1772,49,6272
1773,49,6272
1774,49,6272
1775,48,6144
1776,49,6272
1777,49,6272
1778,47,6016
1779,46,5888
1780,47,6016
1781,46,5888
1782,47,6016
1783,47,6016
1784,47,6016
1785,47,6016
1786,44,5632
1787,46,5888
1788,46,5888
1789,48,6144
1790,47,6016
1791,47,6016
1792,48,6144
1793,48,6144
1794,48,6144
1795,48,6144
1796,48,6144
1797,49,6272
1798,47,6016
1799,48,6144
1800,47,6016
1801,47,6016
1802,48,6144
1803,48,6144
1804,50,6400
1805,48,6144
1806,49,6272
1807,48,6144
1808,49,6272
1809,49,6272
1810,49,6272
1811,48,6144
1812,51,6528
1813,48,6144
1814,49,6272
1815,49,6272
1816,50,6400
1817,50,6400
1818,50,6400
1819,49,6272
1820,49,6272
1821,49,6272
1822,49,6272
1823,52,6656
1824,49,6272
1825,51,6528
1826,49,6272
1827,49,6272
1828,52,6656
1829,49,6272
1830,49,6272
1831,49,6272
1832,50,6400
1833,51,6528
1834,50,6400
1835,48,6144
1836,49,6272
1837,53,6784
1838,53,6784
1839,49,6272
1840,49,6272
1841,48,6144
1842,48,6144
1843,49,6272
1844,50,6400
1845,49,6272
1846,50,6400
1847,51,6528
1848,49,6272
1849,50,6400
1850,50,6400
1851,51,6528
1852,52,6656
1853,52,6656
1854,51,6528
1855,50,6400
1856,50,6400
1857,50,6400
1858,50,6400
1859,50,6400
1860,51,6528
1861,51,6528
1862,52,6656
1863,52,6656
1864,52,6656
1865,51,6528
1866,50,6400
1867,50,6400
1868,50,6400
1869,52,6656
1870,50,6400
1871,50,6400
1872,51,6528
1873,54,6912
1874,54,6912
1875,54,6912
1876,54,6912
1877,54,6912
1878,54,6912
1879,53,6784
1880,54,6912
1881,56,7168
1882,54,6912
1883,53,6784
1884,53,6784
1885,53,6784
1886,54,6912
1887,52,6656
1888,53,6784
1889,53,6784
1890,53,6784
1891,54,6912
1892,54,6912
1893,52,6656
1894,51,6528
1895,53,6784
1896,51,6528
1897,51,6528
1898,52,6656
1899,52,6656
1900,52,6656
1901,53,6784
1902,53,6784
1903,53,6784
1904,52,6656
1905,52,6656
1906,54,6912
1907,54,6912
1908,53,6784
1909,54,6912
1910,53,6784
1911,55,7040
1912,55,7040
1913,55,7040
1914,55,7040
1915,54,6912
1916,54,6912
1917,55,7040
1918,52,6656
1919,54,6912
1920,55,7040
1921,54,6912
1922,54,6912
1923,55,7040
1924,55,7040
1925,54,6912
1926,55,7040
1927,55,7040
1928,55,7040
1929,56,7168
1930,54,6912
1931,54,6912
1932,54,6912
1933,54,6912
1934,54,6912
1935,53,6784
1936,54,6912
1937,56,7168
1938,57,7296
1939,56,7168
1940,55,7040
1941,55,7040
1942,54,6912
1943,54,6912
1944,57,7296
1945,57,7296
1946,57,7296
1947,56,7168
1948,58,7424
1949,56,7168
1950,57,7296
1951,57,7296
1952,56,7168
1953,55,7040
1954,58,7424
1955,57,7296
1956,55,7040
1957,55,7040
1958,56,7168
1959,55,7040
1960,55,7040
1961,54,6912
1962,55,7040
1963,56,7168
1964,56,7168
1965,56,7168
1966,56,7168
1967,55,7040
1968,55,7040
1969,55,7040
1970,54,6912
1971,54,6912
1972,54,6912
1973,55,7040
1974,54,6912
1975,57,7296
1976,58,7424
1977,58,7424
1978,56,7168
1979,55,7040
1980,55,7040
1981,54,6912
1982,54,6912
1983,55,7040
1984,56,7168
1985,56,7168
1986,54,6912
1987,54,6912
1988,55,7040
1989,55,7040
1990,54,6912
1991,54,6912
1992,53,6784
1993,54,6912
1994,56,7168
1995,54,6912
1996,54,6912
1997,56,7168
1998,57,7296
1999,57,7296
2000,56,7168
