RandomSeed,26896,Population size:128,Bit Length:64,Crossover Rate:0.7,Mutation Rate:0.005
gen,BestFitness,FitnessEval
1,17.0,2176
2,17.0,2176
3,25.0,3200
4,25.0,3200
5,49.0,6272
6,49.0,6272
7,49.0,6272
8,49.0,6272
9,49.0,6272
10,49.0,6272
11,49.0,6272
12,49.0,6272
13,49.0,6272
14,49.0,6272
15,49.0,6272
16,49.0,6272
17,49.0,6272
18,49.0,6272
19,49.0,6272
20,49.0,6272
21,49.0,6272
22,49.0,6272
23,49.0,6272
24,49.0,6272
25,49.0,6272
26,49.0,6272
27,49.0,6272
28,49.0,6272
29,49.0,6272
30,49.0,6272
31,49.0,6272
32,49.0,6272
33,49.0,6272
34,49.0,6272
35,49.0,6272
36,49.0,6272
37,49.0,6272
38,49.0,6272
39,49.0,6272
40,49.0,6272
41,49.0,6272
42,49.0,6272
43,49.0,6272
44,49.0,6272
45,49.0,6272
46,49.0,6272
47,49.0,6272
48,49.0,6272
49,49.0,6272
50,49.0,6272
51,49.0,6272
52,49.0,6272
53,49.0,6272
54,49.0,6272
55,57.0,7296
56,49.0,6272
57,49.0,6272
58,49.0,6272
59,49.0,6272
60,49.0,6272
61,49.0,6272
62,49.0,6272
63,49.0,6272
64,49.0,6272
65,49.0,6272
66,49.0,6272
67,49.0,6272
68,57.0,7296
69,49.0,6272
70,49.0,6272
71,49.0,6272
72,49.0,6272
73,49.0,6272
74,49.0,6272
75,49.0,6272
76,49.0,6272
77,49.0,6272
78,49.0,6272
79,49.0,6272
80,57.0,7296
81,49.0,6272
82,49.0,6272
83,49.0,6272
84,49.0,6272
85,49.0,6272
86,49.0,6272
87,49.0,6272
88,49.0,6272
89,49.0,6272
90,49.0,6272
91,49.0,6272
92,49.0,6272
93,49.0,6272
94,49.0,6272
95,49.0,6272
96,49.0,6272
97,49.0,6272
98,49.0,6272
99,49.0,6272
100,49.0,6272
101,49.0,6272
102,49.0,6272
103,49.0,6272
104,49.0,6272
105,49.0,6272
106,49.0,6272
107,49.0,6272
108,49.0,6272
109,49.0,6272
110,49.0,6272
111,49.0,6272
112,49.0,6272
113,49.0,6272
114,49.0,6272
115,49.0,6272
116,49.0,6272
117,49.0,6272
118,49.0,6272
119,49.0,6272
120,49.0,6272
121,49.0,6272
122,49.0,6272
123,49.0,6272
124,49.0,6272
125,49.0,6272
126,49.0,6272
127,49.0,6272
128,49.0,6272
129,49.0,6272
130,49.0,6272
131,49.0,6272
132,49.0,6272
133,49.0,6272
134,49.0,6272
135,49.0,6272
136,49.0,6272
137,49.0,6272
138,49.0,6272
139,49.0,6272
140,49.0,6272
141,49.0,6272
142,49.0,6272
143,49.0,6272
144,49.0,6272
145,49.0,6272
146,49.0,6272
147,49.0,6272
148,49.0,6272
149,49.0,6272
150,49.0,6272
151,49.0,6272
152,49.0,6272
153,49.0,6272
154,49.0,6272
155,49.0,6272
156,49.0,6272
157,49.0,6272
158,49.0,6272
159,49.0,6272
160,49.0,6272
161,49.0,6272
162,49.0,6272
163,49.0,6272
164,49.0,6272
165,49.0,6272
166,49.0,6272
167,49.0,6272
168,49.0,6272
169,49.0,6272
170,49.0,6272
171,49.0,6272
172,49.0,6272
173,49.0,6272
174,49.0,6272
175,49.0,6272
176,49.0,6272
177,49.0,6272
178,49.0,6272
179,49.0,6272
180,49.0,6272
181,49.0,6272
182,49.0,6272
183,49.0,6272
184,49.0,6272
185,57.0,7296
186,49.0,6272
187,49.0,6272
188,49.0,6272
189,49.0,6272
190,49.0,6272
191,49.0,6272
192,49.0,6272
193,49.0,6272
194,49.0,6272
195,49.0,6272
196,49.0,6272
197,49.0,6272
198,49.0,6272
199,49.0,6272
200,49.0,6272
201,49.0,6272
202,49.0,6272
203,49.0,6272
204,49.0,6272
205,49.0,6272
206,57.0,7296
207,57.0,7296
208,49.0,6272
209,49.0,6272
210,57.0,7296
211,49.0,6272
212,49.0,6272
213,49.0,6272
214,49.0,6272
215,49.0,6272
216,49.0,6272
217,49.0,6272
218,49.0,6272
219,49.0,6272
220,49.0,6272
221,49.0,6272
222,49.0,6272
223,49.0,6272
224,49.0,6272
225,49.0,6272
226,49.0,6272
227,49.0,6272
228,49.0,6272
229,49.0,6272
230,49.0,6272
231,49.0,6272
232,49.0,6272
233,49.0,6272
234,49.0,6272
235,49.0,6272
236,49.0,6272
237,49.0,6272
238,49.0,6272
239,49.0,6272
240,49.0,6272
241,49.0,6272
242,49.0,6272
243,49.0,6272
244,49.0,6272
245,49.0,6272
246,49.0,6272
247,49.0,6272
248,49.0,6272
249,49.0,6272
250,49.0,6272
251,49.0,6272
252,49.0,6272
253,49.0,6272
254,49.0,6272
255,49.0,6272
256,49.0,6272
257,49.0,6272
258,49.0,6272
259,49.0,6272
260,49.0,6272
261,49.0,6272
262,49.0,6272
263,49.0,6272
264,49.0,6272
265,49.0,6272
266,49.0,6272
267,49.0,6272
268,49.0,6272
269,49.0,6272
270,49.0,6272
271,49.0,6272
272,49.0,6272
273,49.0,6272
274,49.0,6272
275,49.0,6272
276,49.0,6272
277,49.0,6272
278,49.0,6272
279,49.0,6272
280,49.0,6272
281,49.0,6272
282,49.0,6272
283,49.0,6272
284,49.0,6272
285,49.0,6272
286,49.0,6272
287,49.0,6272
288,49.0,6272
289,49.0,6272
290,49.0,6272
291,49.0,6272
292,49.0,6272
293,49.0,6272
294,49.0,6272
295,49.0,6272
296,49.0,6272
297,49.0,6272
298,49.0,6272
299,49.0,6272
300,49.0,6272
301,49.0,6272
302,49.0,6272
303,49.0,6272
304,49.0,6272
305,49.0,6272
306,49.0,6272
307,49.0,6272
308,49.0,6272
309,49.0,6272
310,49.0,6272
311,49.0,6272
312,49.0,6272
313,49.0,6272
314,49.0,6272
315,49.0,6272
316,49.0,6272
317,49.0,6272
318,49.0,6272
319,49.0,6272
320,49.0,6272
321,49.0,6272
322,49.0,6272
323,49.0,6272
324,49.0,6272
325,49.0,6272
326,49.0,6272
327,105.0,13440
328,105.0,13440
329,105.0,13440
330,105.0,13440
331,105.0,13440
332,105.0,13440
333,105.0,13440
334,105.0,13440
335,105.0,13440
336,105.0,13440
337,105.0,13440
338,105.0,13440
339,105.0,13440
340,105.0,13440
341,105.0,13440
342,105.0,13440
343,105.0,13440
344,105.0,13440
345,105.0,13440
346,105.0,13440
347,105.0,13440
348,105.0,13440
349,105.0,13440
350,105.0,13440
351,105.0,13440
352,105.0,13440
353,105.0,13440
354,105.0,13440
355,105.0,13440
356,105.0,13440
357,105.0,13440
358,105.0,13440
359,105.0,13440
360,105.0,13440
361,105.0,13440
362,105.0,13440
363,105.0,13440
364,105.0,13440
365,105.0,13440
366,105.0,13440
367,105.0,13440
368,105.0,13440
369,105.0,13440
370,105.0,13440
371,105.0,13440
372,105.0,13440
373,105.0,13440
374,105.0,13440
375,105.0,13440
376,105.0,13440
377,105.0,13440
378,105.0,13440
379,105.0,13440
380,105.0,13440
381,105.0,13440
382,105.0,13440
383,105.0,13440
384,105.0,13440
385,105.0,13440
386,105.0,13440
387,105.0,13440
388,105.0,13440
389,105.0,13440
390,105.0,13440
391,105.0,13440
392,105.0,13440
393,105.0,13440
394,105.0,13440
395,105.0,13440
396,105.0,13440
397,105.0,13440
398,105.0,13440
399,105.0,13440
400,105.0,13440
401,105.0,13440
402,105.0,13440
403,105.0,13440
404,105.0,13440
405,105.0,13440
406,105.0,13440
407,105.0,13440
408,105.0,13440
409,105.0,13440
410,105.0,13440
411,105.0,13440
412,105.0,13440
413,105.0,13440
414,105.0,13440
415,105.0,13440
416,105.0,13440
417,105.0,13440
418,105.0,13440
419,105.0,13440
420,105.0,13440
421,105.0,13440
422,105.0,13440
423,105.0,13440
424,105.0,13440
425,105.0,13440
426,105.0,13440
427,105.0,13440
428,105.0,13440
429,105.0,13440
430,105.0,13440
431,113.0,14464
432,113.0,14464
433,113.0,14464
434,113.0,14464
435,113.0,14464
436,113.0,14464
437,113.0,14464
438,113.0,14464
439,113.0,14464
440,113.0,14464
441,113.0,14464
442,113.0,14464
443,113.0,14464
444,113.0,14464
445,113.0,14464
446,113.0,14464
447,105.0,13440
448,105.0,13440
449,105.0,13440
450,105.0,13440
451,105.0,13440
452,105.0,13440
453,105.0,13440
454,105.0,13440
455,105.0,13440
456,105.0,13440
457,105.0,13440
458,105.0,13440
459,105.0,13440
460,105.0,13440
461,105.0,13440
462,105.0,13440
463,105.0,13440
464,105.0,13440
465,105.0,13440
466,105.0,13440
467,105.0,13440
468,105.0,13440
469,105.0,13440
470,105.0,13440
471,105.0,13440
472,105.0,13440
473,105.0,13440
474,105.0,13440
475,105.0,13440
476,105.0,13440
477,105.0,13440
478,105.0,13440
479,105.0,13440
480,105.0,13440
481,105.0,13440
482,105.0,13440
483,105.0,13440
484,105.0,13440
485,105.0,13440
486,105.0,13440
487,105.0,13440
488,105.0,13440
489,105.0,13440
490,105.0,13440
491,105.0,13440
492,105.0,13440
493,105.0,13440
494,105.0,13440
495,105.0,13440
496,105.0,13440
497,105.0,13440
498,105.0,13440
499,105.0,13440
500,105.0,13440
501,105.0,13440
502,97.0,12416
503,97.0,12416
504,97.0,12416
505,105.0,13440
506,97.0,12416
507,97.0,12416
508,105.0,13440
509,97.0,12416
510,97.0,12416
511,97.0,12416
512,97.0,12416
513,105.0,13440
514,105.0,13440
515,105.0,13440
516,105.0,13440
517,105.0,13440
518,105.0,13440
519,105.0,13440
520,105.0,13440
521,105.0,13440
522,105.0,13440
523,105.0,13440
524,105.0,13440
525,105.0,13440
526,105.0,13440
527,105.0,13440
528,105.0,13440
529,105.0,13440
530,105.0,13440
531,105.0,13440
532,105.0,13440
533,105.0,13440
534,105.0,13440
535,105.0,13440
536,105.0,13440
537,105.0,13440
538,105.0,13440
539,105.0,13440
540,105.0,13440
541,105.0,13440
542,105.0,13440
543,105.0,13440
544,105.0,13440
545,105.0,13440
546,105.0,13440
547,105.0,13440
548,105.0,13440
549,105.0,13440
550,105.0,13440
551,105.0,13440
552,105.0,13440
553,105.0,13440
554,105.0,13440
555,105.0,13440
556,105.0,13440
557,105.0,13440
558,105.0,13440
559,105.0,13440
560,105.0,13440
561,105.0,13440
562,105.0,13440
563,105.0,13440
564,105.0,13440
565,105.0,13440
566,105.0,13440
567,105.0,13440
568,105.0,13440
569,105.0,13440
570,105.0,13440
571,105.0,13440
572,105.0,13440
573,105.0,13440
574,105.0,13440
575,105.0,13440
576,105.0,13440
577,105.0,13440
578,105.0,13440
579,105.0,13440
580,105.0,13440
581,105.0,13440
582,105.0,13440
583,105.0,13440
584,105.0,13440
585,105.0,13440
586,105.0,13440
587,105.0,13440
588,105.0,13440
589,105.0,13440
590,105.0,13440
591,105.0,13440
592,105.0,13440
593,105.0,13440
594,105.0,13440
595,105.0,13440
596,105.0,13440
597,105.0,13440
598,105.0,13440
599,105.0,13440
600,105.0,13440
601,105.0,13440
602,105.0,13440
603,105.0,13440
604,105.0,13440
605,105.0,13440
606,105.0,13440
607,105.0,13440
608,105.0,13440
609,105.0,13440
610,105.0,13440
611,105.0,13440
612,105.0,13440
613,105.0,13440
614,105.0,13440
615,105.0,13440
616,105.0,13440
617,105.0,13440
618,105.0,13440
619,105.0,13440
620,105.0,13440
621,105.0,13440
622,105.0,13440
623,105.0,13440
624,105.0,13440
625,105.0,13440
626,105.0,13440
627,105.0,13440
628,105.0,13440
629,105.0,13440
630,105.0,13440
631,105.0,13440
632,105.0,13440
633,105.0,13440
634,105.0,13440
635,105.0,13440
636,105.0,13440
637,105.0,13440
638,105.0,13440
639,105.0,13440
640,105.0,13440
641,105.0,13440
642,105.0,13440
643,105.0,13440
644,105.0,13440
645,105.0,13440
646,105.0,13440
647,105.0,13440
648,105.0,13440
649,105.0,13440
650,105.0,13440
651,105.0,13440
652,105.0,13440
653,105.0,13440
654,105.0,13440
655,105.0,13440
656,105.0,13440
657,105.0,13440
658,105.0,13440
659,105.0,13440
660,105.0,13440
661,105.0,13440
662,105.0,13440
663,105.0,13440
664,105.0,13440
665,105.0,13440
666,105.0,13440
667,105.0,13440
668,105.0,13440
669,105.0,13440
670,105.0,13440
671,105.0,13440
672,105.0,13440
673,105.0,13440
674,105.0,13440
675,105.0,13440
676,105.0,13440
677,105.0,13440
678,105.0,13440
679,105.0,13440
680,105.0,13440
681,105.0,13440
682,105.0,13440
683,105.0,13440
684,105.0,13440
685,105.0,13440
686,105.0,13440
687,105.0,13440
688,105.0,13440
689,105.0,13440
690,105.0,13440
691,105.0,13440
692,105.0,13440
693,105.0,13440
694,105.0,13440
695,105.0,13440
696,105.0,13440
697,105.0,13440
698,105.0,13440
699,105.0,13440
700,105.0,13440
701,105.0,13440
702,105.0,13440
703,105.0,13440
704,105.0,13440
705,105.0,13440
706,105.0,13440
707,105.0,13440
708,105.0,13440
709,105.0,13440
710,105.0,13440
711,105.0,13440
712,105.0,13440
713,105.0,13440
714,105.0,13440
715,105.0,13440
716,105.0,13440
717,105.0,13440
718,105.0,13440
719,105.0,13440
720,105.0,13440
721,105.0,13440
722,105.0,13440
723,105.0,13440
724,105.0,13440
725,105.0,13440
726,105.0,13440
727,105.0,13440
728,105.0,13440
729,105.0,13440
730,105.0,13440
731,105.0,13440
732,105.0,13440
733,105.0,13440
734,105.0,13440
735,105.0,13440
736,105.0,13440
737,105.0,13440
738,105.0,13440
739,105.0,13440
740,105.0,13440
741,105.0,13440
742,105.0,13440
743,105.0,13440
744,105.0,13440
745,105.0,13440
746,105.0,13440
747,105.0,13440
748,105.0,13440
749,105.0,13440
750,105.0,13440
751,105.0,13440
752,105.0,13440
753,105.0,13440
754,105.0,13440
755,105.0,13440
756,105.0,13440
757,105.0,13440
758,105.0,13440
759,105.0,13440
760,105.0,13440
761,105.0,13440
762,105.0,13440
763,105.0,13440
764,105.0,13440
765,105.0,13440
766,105.0,13440
767,105.0,13440
768,105.0,13440
769,105.0,13440
770,105.0,13440
771,105.0,13440
772,105.0,13440
773,105.0,13440
774,105.0,13440
775,105.0,13440
776,105.0,13440
777,105.0,13440
778,105.0,13440
779,105.0,13440
780,105.0,13440
781,105.0,13440
782,105.0,13440
783,105.0,13440
784,105.0,13440
785,105.0,13440
786,105.0,13440
787,105.0,13440
788,105.0,13440
789,105.0,13440
790,105.0,13440
791,105.0,13440
792,105.0,13440
793,105.0,13440
794,105.0,13440
795,105.0,13440
796,105.0,13440
797,105.0,13440
798,105.0,13440
799,105.0,13440
800,105.0,13440
801,105.0,13440
802,105.0,13440
803,105.0,13440
804,105.0,13440
805,105.0,13440
806,105.0,13440
807,105.0,13440
808,105.0,13440
809,105.0,13440
810,105.0,13440
811,105.0,13440
812,105.0,13440
813,105.0,13440
814,105.0,13440
815,105.0,13440
816,105.0,13440
817,105.0,13440
818,105.0,13440
819,105.0,13440
820,105.0,13440
821,105.0,13440
822,105.0,13440
823,105.0,13440
824,105.0,13440
825,105.0,13440
826,105.0,13440
827,105.0,13440
828,105.0,13440
829,105.0,13440
830,105.0,13440
831,105.0,13440
832,105.0,13440
833,105.0,13440
834,105.0,13440
835,105.0,13440
836,105.0,13440
837,105.0,13440
838,105.0,13440
839,105.0,13440
840,105.0,13440
841,105.0,13440
842,105.0,13440
843,105.0,13440
844,105.0,13440
845,105.0,13440
846,105.0,13440
847,105.0,13440
848,105.0,13440
849,105.0,13440
850,105.0,13440
851,105.0,13440
852,105.0,13440
853,105.0,13440
854,105.0,13440
855,105.0,13440
856,105.0,13440
857,105.0,13440
858,105.0,13440
859,105.0,13440
860,105.0,13440
861,105.0,13440
862,105.0,13440
863,105.0,13440
864,105.0,13440
865,105.0,13440
866,105.0,13440
867,105.0,13440
868,129.0,16512
869,105.0,13440
870,129.0,16512
871,129.0,16512
872,105.0,13440
873,129.0,16512
874,105.0,13440
875,105.0,13440
876,105.0,13440
877,105.0,13440
878,105.0,13440
879,105.0,13440
880,105.0,13440
881,105.0,13440
882,105.0,13440
883,105.0,13440
884,105.0,13440
885,105.0,13440
886,129.0,16512
887,105.0,13440
888,105.0,13440
889,105.0,13440
890,105.0,13440
891,105.0,13440
892,105.0,13440
893,105.0,13440
894,105.0,13440
895,105.0,13440
896,105.0,13440
897,105.0,13440
898,105.0,13440
899,105.0,13440
900,105.0,13440
901,105.0,13440
902,105.0,13440
903,105.0,13440
904,105.0,13440
905,105.0,13440
906,105.0,13440
907,105.0,13440
908,105.0,13440
909,105.0,13440
910,105.0,13440
911,105.0,13440
912,105.0,13440
913,105.0,13440
914,105.0,13440
915,105.0,13440
916,105.0,13440
917,105.0,13440
918,105.0,13440
919,105.0,13440
920,105.0,13440
921,105.0,13440
922,105.0,13440
923,105.0,13440
924,105.0,13440
925,105.0,13440
926,105.0,13440
927,105.0,13440
928,105.0,13440
929,105.0,13440
930,105.0,13440
931,105.0,13440
932,105.0,13440
933,105.0,13440
934,105.0,13440
935,105.0,13440
936,105.0,13440
937,105.0,13440
938,105.0,13440
939,113.0,14464
940,113.0,14464
941,113.0,14464
942,113.0,14464
943,113.0,14464
944,113.0,14464
945,113.0,14464
946,113.0,14464
947,113.0,14464
948,113.0,14464
949,113.0,14464
950,113.0,14464
951,113.0,14464
952,113.0,14464
953,113.0,14464
954,113.0,14464
955,113.0,14464
956,113.0,14464
957,113.0,14464
958,105.0,13440
959,105.0,13440
960,105.0,13440
961,113.0,14464
962,105.0,13440
963,105.0,13440
964,105.0,13440
965,105.0,13440
966,105.0,13440
967,105.0,13440
968,105.0,13440
969,113.0,14464
970,113.0,14464
971,113.0,14464
972,113.0,14464
973,113.0,14464
974,105.0,13440
975,113.0,14464
976,105.0,13440
977,105.0,13440
978,105.0,13440
979,105.0,13440
980,105.0,13440
981,105.0,13440
982,113.0,14464
983,113.0,14464
984,113.0,14464
985,113.0,14464
986,113.0,14464
987,113.0,14464
988,113.0,14464
989,113.0,14464
990,113.0,14464
991,105.0,13440
992,105.0,13440
993,105.0,13440
994,105.0,13440
995,105.0,13440
996,105.0,13440
997,105.0,13440
998,105.0,13440
999,105.0,13440
1000,105.0,13440
1001,105.0,13440
1002,105.0,13440
1003,105.0,13440
1004,105.0,13440
1005,105.0,13440
1006,105.0,13440
1007,105.0,13440
1008,105.0,13440
1009,105.0,13440
1010,105.0,13440
1011,105.0,13440
1012,105.0,13440
1013,105.0,13440
1014,105.0,13440
1015,105.0,13440
1016,105.0,13440
1017,105.0,13440
1018,105.0,13440
1019,105.0,13440
1020,105.0,13440
1021,105.0,13440
1022,105.0,13440
1023,105.0,13440
1024,105.0,13440
1025,105.0,13440
1026,105.0,13440
1027,105.0,13440
1028,105.0,13440
1029,105.0,13440
1030,105.0,13440
1031,113.0,14464
1032,105.0,13440
1033,105.0,13440
1034,113.0,14464
1035,113.0,14464
1036,105.0,13440
1037,105.0,13440
1038,105.0,13440
1039,105.0,13440
1040,105.0,13440
1041,105.0,13440
1042,113.0,14464
1043,105.0,13440
1044,105.0,13440
1045,105.0,13440
1046,105.0,13440
1047,105.0,13440
1048,105.0,13440
1049,113.0,14464
1050,113.0,14464
1051,105.0,13440
1052,105.0,13440
1053,105.0,13440
1054,105.0,13440
1055,105.0,13440
1056,105.0,13440
1057,105.0,13440
1058,105.0,13440
1059,105.0,13440
1060,105.0,13440
1061,105.0,13440
1062,105.0,13440
1063,105.0,13440
1064,105.0,13440
1065,105.0,13440
1066,105.0,13440
1067,105.0,13440
1068,105.0,13440
1069,105.0,13440
1070,105.0,13440
1071,97.0,12416
1072,97.0,12416
1073,97.0,12416
1074,105.0,13440
1075,105.0,13440
1076,105.0,13440
1077,105.0,13440
1078,105.0,13440
1079,105.0,13440
1080,105.0,13440
1081,105.0,13440
1082,105.0,13440
1083,105.0,13440
1084,105.0,13440
1085,105.0,13440
1086,105.0,13440
1087,105.0,13440
1088,105.0,13440
1089,105.0,13440
1090,97.0,12416
1091,97.0,12416
1092,105.0,13440
1093,97.0,12416
1094,97.0,12416
1095,97.0,12416
1096,97.0,12416
1097,105.0,13440
1098,97.0,12416
1099,97.0,12416
1100,97.0,12416
1101,97.0,12416
1102,97.0,12416
1103,97.0,12416
1104,97.0,12416
1105,105.0,13440
1106,97.0,12416
1107,97.0,12416
1108,97.0,12416
1109,97.0,12416
1110,97.0,12416
1111,97.0,12416
1112,97.0,12416
1113,105.0,13440
1114,105.0,13440
1115,105.0,13440
1116,105.0,13440
1117,105.0,13440
1118,97.0,12416
1119,97.0,12416
1120,97.0,12416
1121,105.0,13440
1122,105.0,13440
1123,105.0,13440
1124,105.0,13440
1125,97.0,12416
1126,105.0,13440
1127,97.0,12416
1128,105.0,13440
1129,97.0,12416
1130,97.0,12416
1131,97.0,12416
1132,105.0,13440
1133,97.0,12416
1134,97.0,12416
1135,97.0,12416
1136,97.0,12416
1137,97.0,12416
1138,97.0,12416
1139,105.0,13440
1140,97.0,12416
1141,97.0,12416
1142,97.0,12416
1143,97.0,12416
1144,97.0,12416
1145,97.0,12416
1146,97.0,12416
1147,97.0,12416
1148,97.0,12416
1149,97.0,12416
1150,97.0,12416
1151,97.0,12416
1152,97.0,12416
1153,97.0,12416
1154,97.0,12416
1155,97.0,12416
1156,97.0,12416
1157,97.0,12416
1158,97.0,12416
1159,105.0,13440
1160,105.0,13440
1161,97.0,12416
1162,97.0,12416
1163,97.0,12416
1164,97.0,12416
1165,105.0,13440
1166,105.0,13440
1167,105.0,13440
1168,105.0,13440
1169,105.0,13440
1170,105.0,13440
1171,105.0,13440
1172,105.0,13440
1173,105.0,13440
1174,105.0,13440
1175,105.0,13440
1176,105.0,13440
1177,105.0,13440
1178,105.0,13440
1179,105.0,13440
1180,105.0,13440
1181,105.0,13440
1182,105.0,13440
1183,105.0,13440
1184,105.0,13440
1185,105.0,13440
1186,105.0,13440
1187,105.0,13440
1188,105.0,13440
1189,105.0,13440
1190,105.0,13440
1191,105.0,13440
1192,105.0,13440
1193,105.0,13440
1194,105.0,13440
1195,105.0,13440
1196,105.0,13440
1197,105.0,13440
1198,105.0,13440
1199,105.0,13440
1200,105.0,13440
1201,105.0,13440
1202,105.0,13440
1203,113.0,14464
1204,105.0,13440
1205,113.0,14464
1206,113.0,14464
1207,113.0,14464
1208,113.0,14464
1209,113.0,14464
1210,113.0,14464
1211,113.0,14464
1212,113.0,14464
1213,113.0,14464
1214,113.0,14464
1215,113.0,14464
1216,113.0,14464
1217,113.0,14464
1218,113.0,14464
1219,113.0,14464
1220,113.0,14464
1221,113.0,14464
1222,113.0,14464
1223,113.0,14464
1224,113.0,14464
1225,113.0,14464
1226,113.0,14464
1227,113.0,14464
1228,113.0,14464
1229,113.0,14464
1230,113.0,14464
1231,113.0,14464
1232,113.0,14464
1233,113.0,14464
1234,113.0,14464
1235,113.0,14464
1236,129.0,16512
1237,113.0,14464
1238,113.0,14464
1239,113.0,14464
1240,113.0,14464
1241,113.0,14464
1242,113.0,14464
1243,113.0,14464
1244,113.0,14464
1245,113.0,14464
1246,113.0,14464
1247,113.0,14464
1248,113.0,14464
1249,113.0,14464
1250,113.0,14464
1251,113.0,14464
1252,113.0,14464
1253,113.0,14464
1254,113.0,14464
1255,113.0,14464
1256,113.0,14464
1257,113.0,14464
1258,113.0,14464
1259,113.0,14464
1260,129.0,16512
1261,129.0,16512
1262,129.0,16512
1263,129.0,16512
1264,129.0,16512
1265,129.0,16512
1266,129.0,16512
1267,129.0,16512
1268,129.0,16512
1269,129.0,16512
1270,129.0,16512
1271,129.0,16512
1272,129.0,16512
1273,129.0,16512
1274,129.0,16512
1275,129.0,16512
1276,129.0,16512
1277,129.0,16512
1278,129.0,16512
1279,129.0,16512
1280,137.0,17536
1281,137.0,17536
1282,137.0,17536
1283,137.0,17536
1284,137.0,17536
1285,137.0,17536
1286,137.0,17536
1287,137.0,17536
1288,137.0,17536
1289,137.0,17536
1290,137.0,17536
1291,137.0,17536
1292,137.0,17536
1293,137.0,17536
1294,137.0,17536
1295,137.0,17536
1296,137.0,17536
1297,137.0,17536
1298,137.0,17536
1299,137.0,17536
1300,137.0,17536
1301,137.0,17536
1302,129.0,16512
1303,129.0,16512
1304,137.0,17536
1305,137.0,17536
1306,137.0,17536
1307,137.0,17536
1308,137.0,17536
1309,137.0,17536
1310,137.0,17536
1311,137.0,17536
1312,137.0,17536
1313,137.0,17536
1314,137.0,17536
1315,137.0,17536
1316,137.0,17536
1317,137.0,17536
1318,137.0,17536
1319,137.0,17536
1320,137.0,17536
1321,137.0,17536
1322,137.0,17536
1323,137.0,17536
1324,137.0,17536
1325,137.0,17536
1326,137.0,17536
1327,137.0,17536
1328,137.0,17536
1329,137.0,17536
1330,137.0,17536
1331,129.0,16512
1332,137.0,17536
1333,137.0,17536
1334,137.0,17536
1335,137.0,17536
1336,137.0,17536
1337,137.0,17536
1338,137.0,17536
1339,137.0,17536
1340,137.0,17536
1341,137.0,17536
1342,137.0,17536
1343,137.0,17536
1344,137.0,17536
1345,137.0,17536
1346,137.0,17536
1347,137.0,17536
1348,137.0,17536
1349,137.0,17536
1350,137.0,17536
1351,137.0,17536
1352,137.0,17536
1353,137.0,17536
1354,137.0,17536
1355,137.0,17536
1356,137.0,17536
1357,137.0,17536
1358,137.0,17536
1359,137.0,17536
1360,137.0,17536
1361,137.0,17536
1362,137.0,17536
1363,137.0,17536
1364,137.0,17536
1365,137.0,17536
1366,137.0,17536
1367,137.0,17536
1368,137.0,17536
1369,137.0,17536
1370,137.0,17536
1371,137.0,17536
1372,137.0,17536
1373,137.0,17536
1374,137.0,17536
1375,137.0,17536
1376,137.0,17536
1377,137.0,17536
1378,137.0,17536
1379,137.0,17536
1380,137.0,17536
1381,137.0,17536
1382,137.0,17536
1383,137.0,17536
1384,137.0,17536
1385,137.0,17536
1386,137.0,17536
1387,137.0,17536
1388,137.0,17536
1389,137.0,17536
1390,137.0,17536
1391,137.0,17536
1392,137.0,17536
1393,137.0,17536
1394,137.0,17536
1395,137.0,17536
1396,137.0,17536
1397,137.0,17536
1398,137.0,17536
1399,137.0,17536
1400,137.0,17536
1401,137.0,17536
1402,137.0,17536
1403,137.0,17536
1404,137.0,17536
1405,137.0,17536
1406,137.0,17536
1407,137.0,17536
1408,137.0,17536
1409,137.0,17536
1410,137.0,17536
1411,137.0,17536
1412,137.0,17536
1413,137.0,17536
1414,137.0,17536
1415,137.0,17536
1416,137.0,17536
1417,137.0,17536
1418,137.0,17536
1419,137.0,17536
1420,137.0,17536
1421,137.0,17536
1422,137.0,17536
1423,137.0,17536
1424,137.0,17536
1425,137.0,17536
1426,137.0,17536
1427,137.0,17536
1428,137.0,17536
1429,137.0,17536
1430,137.0,17536
1431,137.0,17536
1432,137.0,17536
1433,137.0,17536
1434,137.0,17536
1435,137.0,17536
1436,137.0,17536
1437,129.0,16512
1438,137.0,17536
1439,137.0,17536
1440,137.0,17536
1441,137.0,17536
1442,137.0,17536
1443,137.0,17536
1444,137.0,17536
1445,137.0,17536
1446,137.0,17536
1447,137.0,17536
1448,137.0,17536
1449,137.0,17536
1450,137.0,17536
1451,129.0,16512
1452,129.0,16512
1453,129.0,16512
1454,129.0,16512
1455,129.0,16512
1456,129.0,16512
1457,129.0,16512
1458,129.0,16512
1459,129.0,16512
1460,129.0,16512
1461,129.0,16512
1462,129.0,16512
1463,129.0,16512
1464,129.0,16512
1465,129.0,16512
1466,129.0,16512
1467,129.0,16512
1468,129.0,16512
1469,129.0,16512
1470,129.0,16512
1471,129.0,16512
1472,129.0,16512
1473,129.0,16512
1474,129.0,16512
1475,129.0,16512
1476,129.0,16512
1477,129.0,16512
1478,129.0,16512
1479,129.0,16512
1480,129.0,16512
1481,129.0,16512
1482,129.0,16512
1483,129.0,16512
1484,129.0,16512
1485,129.0,16512
1486,129.0,16512
1487,129.0,16512
1488,129.0,16512
1489,129.0,16512
1490,129.0,16512
1491,129.0,16512
1492,129.0,16512
1493,129.0,16512
1494,129.0,16512
1495,129.0,16512
1496,129.0,16512
1497,129.0,16512
1498,129.0,16512
1499,129.0,16512
1500,129.0,16512
1501,129.0,16512
1502,129.0,16512
1503,129.0,16512
1504,129.0,16512
1505,129.0,16512
1506,129.0,16512
1507,129.0,16512
1508,129.0,16512
1509,129.0,16512
1510,129.0,16512
1511,129.0,16512
1512,129.0,16512
1513,129.0,16512
1514,129.0,16512
1515,129.0,16512
1516,129.0,16512
1517,129.0,16512
1518,129.0,16512
1519,129.0,16512
1520,129.0,16512
1521,129.0,16512
1522,129.0,16512
1523,129.0,16512
1524,129.0,16512
1525,129.0,16512
1526,129.0,16512
1527,129.0,16512
1528,129.0,16512
1529,129.0,16512
1530,129.0,16512
1531,129.0,16512
1532,129.0,16512
1533,129.0,16512
1534,129.0,16512
1535,129.0,16512
1536,129.0,16512
1537,129.0,16512
1538,129.0,16512
1539,129.0,16512
1540,129.0,16512
1541,129.0,16512
1542,129.0,16512
1543,129.0,16512
1544,129.0,16512
1545,129.0,16512
1546,129.0,16512
1547,129.0,16512
1548,129.0,16512
1549,129.0,16512
1550,129.0,16512
1551,129.0,16512
1552,129.0,16512
1553,129.0,16512
1554,129.0,16512
1555,129.0,16512
1556,129.0,16512
1557,129.0,16512
1558,129.0,16512
1559,129.0,16512
1560,129.0,16512
1561,129.0,16512
1562,129.0,16512
1563,129.0,16512
1564,129.0,16512
1565,129.0,16512
1566,129.0,16512
1567,129.0,16512
1568,129.0,16512
1569,129.0,16512
1570,129.0,16512
1571,129.0,16512
1572,129.0,16512
1573,129.0,16512
1574,129.0,16512
1575,129.0,16512
1576,129.0,16512
1577,129.0,16512
1578,129.0,16512
1579,129.0,16512
1580,129.0,16512
1581,129.0,16512
1582,129.0,16512
1583,129.0,16512
1584,129.0,16512
1585,129.0,16512
1586,129.0,16512
1587,129.0,16512
1588,129.0,16512
1589,129.0,16512
1590,129.0,16512
1591,129.0,16512
1592,129.0,16512
1593,129.0,16512
1594,129.0,16512
1595,129.0,16512
1596,129.0,16512
1597,129.0,16512
1598,129.0,16512
1599,129.0,16512
1600,129.0,16512
1601,129.0,16512
1602,129.0,16512
1603,129.0,16512
1604,129.0,16512
1605,129.0,16512
1606,129.0,16512
1607,129.0,16512
1608,129.0,16512
1609,129.0,16512
1610,129.0,16512
1611,129.0,16512
1612,129.0,16512
1613,129.0,16512
1614,129.0,16512
1615,129.0,16512
1616,129.0,16512
1617,129.0,16512
1618,129.0,16512
1619,129.0,16512
1620,129.0,16512
1621,129.0,16512
1622,129.0,16512
1623,129.0,16512
1624,129.0,16512
1625,129.0,16512
1626,129.0,16512
1627,129.0,16512
1628,129.0,16512
1629,129.0,16512
1630,129.0,16512
1631,129.0,16512
1632,129.0,16512
1633,129.0,16512
1634,129.0,16512
1635,129.0,16512
1636,129.0,16512
1637,129.0,16512
1638,129.0,16512
1639,129.0,16512
1640,129.0,16512
1641,129.0,16512
1642,129.0,16512
1643,129.0,16512
1644,129.0,16512
1645,129.0,16512
1646,129.0,16512
1647,129.0,16512
1648,137.0,17536
1649,129.0,16512
1650,129.0,16512
1651,129.0,16512
1652,129.0,16512
1653,129.0,16512
1654,129.0,16512
1655,129.0,16512
1656,129.0,16512
1657,129.0,16512
1658,129.0,16512
1659,129.0,16512
1660,129.0,16512
1661,129.0,16512
1662,129.0,16512
1663,129.0,16512
1664,129.0,16512
1665,129.0,16512
1666,129.0,16512
1667,129.0,16512
1668,129.0,16512
1669,129.0,16512
1670,129.0,16512
1671,129.0,16512
1672,129.0,16512
1673,129.0,16512
1674,129.0,16512
1675,129.0,16512
1676,129.0,16512
1677,129.0,16512
1678,129.0,16512
1679,129.0,16512
1680,129.0,16512
1681,129.0,16512
1682,129.0,16512
1683,129.0,16512
1684,129.0,16512
1685,129.0,16512
1686,129.0,16512
1687,129.0,16512
1688,129.0,16512
1689,129.0,16512
1690,129.0,16512
1691,129.0,16512
1692,129.0,16512
1693,129.0,16512
1694,129.0,16512
1695,129.0,16512
1696,129.0,16512
1697,129.0,16512
1698,129.0,16512
1699,129.0,16512
1700,129.0,16512
1701,129.0,16512
1702,129.0,16512
1703,129.0,16512
1704,129.0,16512
1705,129.0,16512
1706,129.0,16512
1707,129.0,16512
1708,129.0,16512
1709,129.0,16512
1710,129.0,16512
1711,129.0,16512
1712,129.0,16512
1713,137.0,17536
1714,137.0,17536
1715,137.0,17536
1716,129.0,16512
1717,129.0,16512
1718,129.0,16512
1719,129.0,16512
1720,129.0,16512
1721,129.0,16512
1722,129.0,16512
1723,129.0,16512
1724,129.0,16512
1725,129.0,16512
1726,129.0,16512
1727,129.0,16512
1728,129.0,16512
1729,129.0,16512
1730,129.0,16512
1731,129.0,16512
1732,129.0,16512
1733,129.0,16512
1734,129.0,16512
1735,129.0,16512
1736,129.0,16512
1737,129.0,16512
1738,129.0,16512
1739,129.0,16512
1740,129.0,16512
1741,129.0,16512
1742,129.0,16512
1743,129.0,16512
1744,129.0,16512
1745,129.0,16512
1746,129.0,16512
1747,137.0,17536
1748,137.0,17536
1749,137.0,17536
1750,137.0,17536
1751,137.0,17536
1752,137.0,17536
1753,137.0,17536
1754,137.0,17536
1755,137.0,17536
1756,137.0,17536
1757,137.0,17536
1758,137.0,17536
1759,137.0,17536
1760,137.0,17536
1761,137.0,17536
1762,137.0,17536
1763,137.0,17536
1764,137.0,17536
1765,137.0,17536
1766,137.0,17536
1767,137.0,17536
1768,137.0,17536
1769,137.0,17536
1770,137.0,17536
1771,137.0,17536
1772,137.0,17536
1773,137.0,17536
1774,137.0,17536
1775,137.0,17536
1776,137.0,17536
1777,137.0,17536
1778,137.0,17536
1779,137.0,17536
1780,137.0,17536
1781,137.0,17536
1782,137.0,17536
1783,137.0,17536
1784,137.0,17536
1785,137.0,17536
1786,137.0,17536
1787,137.0,17536
1788,137.0,17536
1789,137.0,17536
1790,137.0,17536
1791,137.0,17536
1792,137.0,17536
1793,137.0,17536
1794,137.0,17536
1795,137.0,17536
1796,137.0,17536
1797,137.0,17536
1798,137.0,17536
1799,137.0,17536
1800,137.0,17536
1801,137.0,17536
1802,137.0,17536
1803,137.0,17536
1804,137.0,17536
1805,137.0,17536
1806,137.0,17536
1807,137.0,17536
1808,137.0,17536
1809,137.0,17536
1810,137.0,17536
1811,137.0,17536
1812,137.0,17536
1813,137.0,17536
1814,137.0,17536
1815,137.0,17536
1816,137.0,17536
1817,137.0,17536
1818,137.0,17536
1819,137.0,17536
1820,137.0,17536
1821,137.0,17536
1822,137.0,17536
1823,137.0,17536
1824,137.0,17536
1825,129.0,16512
1826,129.0,16512
1827,129.0,16512
1828,129.0,16512
1829,137.0,17536
1830,137.0,17536
1831,137.0,17536
1832,137.0,17536
1833,137.0,17536
1834,129.0,16512
1835,129.0,16512
1836,129.0,16512
1837,129.0,16512
1838,129.0,16512
1839,129.0,16512
1840,129.0,16512
1841,129.0,16512
1842,129.0,16512
1843,129.0,16512
1844,129.0,16512
1845,129.0,16512
1846,129.0,16512
1847,129.0,16512
1848,129.0,16512
1849,129.0,16512
1850,129.0,16512
1851,129.0,16512
1852,129.0,16512
1853,137.0,17536
1854,137.0,17536
1855,137.0,17536
1856,137.0,17536
1857,137.0,17536
1858,137.0,17536
1859,137.0,17536
1860,129.0,16512
1861,129.0,16512
1862,137.0,17536
1863,137.0,17536
1864,137.0,17536
1865,137.0,17536
1866,137.0,17536
1867,137.0,17536
1868,137.0,17536
1869,137.0,17536
1870,137.0,17536
1871,137.0,17536
1872,137.0,17536
1873,137.0,17536
1874,137.0,17536
1875,137.0,17536
1876,137.0,17536
1877,137.0,17536
1878,137.0,17536
1879,137.0,17536
1880,137.0,17536
1881,137.0,17536
1882,137.0,17536
1883,129.0,16512
1884,129.0,16512
1885,129.0,16512
1886,137.0,17536
1887,129.0,16512
1888,129.0,16512
1889,129.0,16512
1890,129.0,16512
1891,129.0,16512
1892,129.0,16512
1893,129.0,16512
1894,137.0,17536
1895,129.0,16512
1896,129.0,16512
1897,129.0,16512
1898,129.0,16512
1899,129.0,16512
1900,129.0,16512
1901,129.0,16512
1902,129.0,16512
1903,129.0,16512
1904,129.0,16512
1905,137.0,17536
1906,129.0,16512
1907,129.0,16512
1908,129.0,16512
1909,129.0,16512
1910,129.0,16512
1911,129.0,16512
1912,129.0,16512
1913,129.0,16512
1914,137.0,17536
1915,129.0,16512
1916,129.0,16512
1917,129.0,16512
1918,129.0,16512
1919,129.0,16512
1920,129.0,16512
1921,129.0,16512
1922,129.0,16512
1923,129.0,16512
1924,129.0,16512
1925,129.0,16512
1926,129.0,16512
1927,129.0,16512
1928,129.0,16512
1929,129.0,16512
1930,129.0,16512
1931,129.0,16512
1932,129.0,16512
1933,129.0,16512
1934,129.0,16512
1935,129.0,16512
1936,129.0,16512
1937,129.0,16512
1938,129.0,16512
1939,129.0,16512
1940,129.0,16512
1941,129.0,16512
1942,129.0,16512
1943,105.0,13440
1944,105.0,13440
1945,129.0,16512
1946,129.0,16512
1947,129.0,16512
1948,129.0,16512
1949,129.0,16512
1950,129.0,16512
1951,129.0,16512
1952,129.0,16512
1953,129.0,16512
1954,129.0,16512
1955,129.0,16512
1956,129.0,16512
1957,129.0,16512
1958,129.0,16512
1959,129.0,16512
1960,129.0,16512
1961,129.0,16512
1962,129.0,16512
1963,129.0,16512
1964,129.0,16512
1965,129.0,16512
1966,129.0,16512
1967,129.0,16512
1968,129.0,16512
1969,129.0,16512
1970,129.0,16512
1971,129.0,16512
1972,137.0,17536
1973,129.0,16512
1974,129.0,16512
1975,129.0,16512
1976,129.0,16512
1977,129.0,16512
1978,129.0,16512
1979,129.0,16512
1980,129.0,16512
1981,129.0,16512
1982,129.0,16512
1983,129.0,16512
1984,129.0,16512
1985,129.0,16512
1986,129.0,16512
1987,129.0,16512
1988,129.0,16512
1989,129.0,16512
1990,129.0,16512
1991,129.0,16512
1992,129.0,16512
1993,129.0,16512
1994,129.0,16512
1995,129.0,16512
1996,129.0,16512
1997,129.0,16512
1998,129.0,16512
1999,129.0,16512
2000,129.0,16512
