RandomSeed,33031,Population size:128,Bit Length:64,Crossover Rate:0.7,Mutation Rate:0.005
gen,BestFitness,FitnessEval
1,44,5632
2,44,5632
3,45,5760
4,45,5760
5,45,5760
6,42,5376
7,42,5376
8,45,5760
9,44,5632
10,45,5760
11,45,5760
12,45,5760
13,44,5632
14,44,5632
15,45,5760
16,44,5632
17,44,5632
18,45,5760
19,44,5632
20,44,5632
21,45,5760
22,46,5888
23,45,5760
24,44,5632
25,44,5632
26,44,5632
27,44,5632
28,45,5760
29,45,5760
30,47,6016
31,48,6144
32,48,6144
33,47,6016
34,50,6400
35,51,6528
36,50,6400
37,49,6272
38,48,6144
39,47,6016
40,47,6016
41,48,6144
42,48,6144
43,47,6016
44,48,6144
45,50,6400
46,50,6400
47,50,6400
48,49,6272
49,51,6528
50,51,6528
51,50,6400
52,49,6272
53,50,6400
54,50,6400
55,49,6272
56,50,6400
57,52,6656
58,51,6528
59,51,6528
60,50,6400
61,50,6400
62,50,6400
63,51,6528
64,52,6656
65,52,6656
66,51,6528
67,49,6272
68,49,6272
69,49,6272
70,50,6400
71,50,6400
72,48,6144
73,48,6144
74,47,6016
75,48,6144
76,48,6144
77,48,6144
78,48,6144
79,50,6400
80,50,6400
81,49,6272
82,50,6400
83,50,6400
84,49,6272
85,50,6400
86,49,6272
87,51,6528
88,51,6528
89,51,6528
90,52,6656
91,51,6528
92,52,6656
93,53,6784
94,51,6528
95,51,6528
96,51,6528
97,52,6656
98,52,6656
99,52,6656
100,52,6656
101,53,6784
102,53,6784
103,54,6912
104,54,6912
105,55,7040
106,53,6784
107,53,6784
108,53,6784
109,53,6784
110,53,6784
111,54,6912
112,51,6528
113,52,6656
114,53,6784
115,54,6912
116,54,6912
117,53,6784
118,52,6656
119,52,6656
120,52,6656
121,52,6656
122,52,6656
123,53,6784
124,51,6528
125,52,6656
126,52,6656
127,53,6784
128,53,6784
129,52,6656
130,52,6656
131,52,6656
132,51,6528
133,51,6528
134,50,6400
135,51,6528
136,51,6528
137,52,6656
138,53,6784
139,53,6784
140,52,6656
141,53,6784
142,51,6528
143,52,6656
144,53,6784
145,53,6784
146,53,6784
147,50,6400
148,48,6144
149,48,6144
150,48,6144
151,49,6272
152,49,6272
153,48,6144
154,49,6272
155,49,6272
156,50,6400
157,49,6272
158,51,6528
159,49,6272
160,51,6528
161,48,6144
162,48,6144
163,47,6016
164,46,5888
165,47,6016
166,47,6016
167,47,6016
168,48,6144
169,48,6144
170,48,6144
171,46,5888
172,46,5888
173,46,5888
174,48,6144
175,49,6272
176,50,6400
177,48,6144
178,48,6144
179,48,6144
180,48,6144
181,50,6400
182,50,6400
183,49,6272
184,49,6272
185,48,6144
186,48,6144
187,48,6144
188,48,6144
189,48,6144
190,47,6016
191,47,6016
192,47,6016
193,47,6016
194,48,6144
195,47,6016
196,47,6016
197,47,6016
198,47,6016
199,48,6144
200,48,6144
201,48,6144
202,48,6144
203,47,6016
204,47,6016
205,48,6144
206,48,6144
207,49,6272
208,48,6144
209,50,6400
210,49,6272
211,49,6272
212,50,6400
213,51,6528
214,51,6528
215,51,6528
216,51,6528
217,50,6400
218,50,6400
219,52,6656
220,53,6784
221,52,6656
222,53,6784
223,51,6528
224,51,6528
225,50,6400
226,50,6400
227,50,6400
228,49,6272
229,50,6400
230,49,6272
231,48,6144
232,49,6272
233,50,6400
234,49,6272
235,50,6400
236,47,6016
237,48,6144
238,49,6272
239,49,6272
240,48,6144
241,47,6016
242,46,5888
243,46,5888
244,47,6016
245,47,6016
246,48,6144
247,48,6144
248,48,6144
249,49,6272
250,48,6144
251,48,6144
252,47,6016
253,46,5888
254,47,6016
255,47,6016
256,47,6016
257,46,5888
258,46,5888
259,46,5888
260,46,5888
261,47,6016
262,47,6016
263,47,6016
264,48,6144
265,49,6272
266,49,6272
267,48,6144
268,47,6016
269,47,6016
270,47,6016
271,46,5888
272,46,5888
273,46,5888
274,46,5888
275,46,5888
276,47,6016
277,48,6144
278,48,6144
279,47,6016
280,45,5760
281,46,5888
282,48,6144
283,48,6144
284,48,6144
285,48,6144
286,48,6144
287,48,6144
288,49,6272
289,48,6144
290,49,6272
291,47,6016
292,47,6016
293,49,6272
294,49,6272
295,46,5888
296,49,6272
297,48,6144
298,47,6016
299,47,6016
300,48,6144
301,49,6272
302,48,6144
303,49,6272
304,50,6400
305,48,6144
306,48,6144
307,47,6016
308,48,6144
309,48,6144
310,47,6016
311,49,6272
312,49,6272
313,49,6272
314,49,6272
315,48,6144
316,48,6144
317,48,6144
318,48,6144
319,48,6144
320,49,6272
321,50,6400
322,48,6144
323,48,6144
324,49,6272
325,48,6144
326,47,6016
327,48,6144
328,48,6144
329,49,6272
330,48,6144
331,49,6272
332,49,6272
333,48,6144
334,48,6144
335,49,6272
336,52,6656
337,51,6528
338,49,6272
339,50,6400
340,49,6272
341,49,6272
342,49,6272
343,48,6144
344,49,6272
345,49,6272
346,51,6528
347,49,6272
348,50,6400
349,49,6272
350,50,6400
351,52,6656
352,50,6400
353,50,6400
354,50,6400
355,51,6528
356,51,6528
357,51,6528
358,50,6400
359,49,6272
360,50,6400
361,50,6400
362,50,6400
363,50,6400
364,49,6272
365,50,6400
366,50,6400
367,51,6528
368,49,6272
369,50,6400
370,51,6528
371,51,6528
372,51,6528
373,52,6656
374,52,6656
375,51,6528
376,53,6784
377,52,6656
378,53,6784
379,50,6400
380,51,6528
381,50,6400
382,50,6400
383,51,6528
384,51,6528
385,50,6400
386,51,6528
387,51,6528
388,50,6400
389,50,6400
390,50,6400
391,50,6400
392,51,6528
393,51,6528
394,51,6528
395,52,6656
396,51,6528
397,51,6528
398,50,6400
399,51,6528
400,51,6528
401,52,6656
402,51,6528
403,52,6656
404,51,6528
405,51,6528
406,51,6528
407,52,6656
408,53,6784
409,51,6528
410,51,6528
411,51,6528
412,50,6400
413,50,6400
414,49,6272
415,49,6272
416,50,6400
417,50,6400
418,51,6528
419,50,6400
420,51,6528
421,50,6400
422,53,6784
423,52,6656
424,53,6784
425,53,6784
426,53,6784
427,53,6784
428,53,6784
429,55,7040
430,56,7168
431,53,6784
432,53,6784
433,53,6784
434,52,6656
435,52,6656
436,52,6656
437,53,6784
438,52,6656
439,53,6784
440,54,6912
441,52,6656
442,52,6656
443,51,6528
444,52,6656
445,52,6656
446,53,6784
447,52,6656
448,54,6912
449,54,6912
450,53,6784
451,53,6784
452,52,6656
453,53,6784
454,53,6784
455,53,6784
456,55,7040
457,53,6784
458,51,6528
459,51,6528
460,51,6528
461,51,6528
462,53,6784
463,53,6784
464,53,6784
465,53,6784
466,53,6784
467,52,6656
468,53,6784
469,53,6784
470,52,6656
471,53,6784
472,52,6656
473,52,6656
474,53,6784
475,53,6784
476,54,6912
477,53,6784
478,53,6784
479,54,6912
480,52,6656
481,52,6656
482,52,6656
483,52,6656
484,52,6656
485,52,6656
486,55,7040
487,53,6784
488,52,6656
489,53,6784
490,52,6656
491,52,6656
492,52,6656
493,55,7040
494,52,6656
495,53,6784
496,54,6912
497,53,6784
498,54,6912
499,52,6656
500,51,6528
501,51,6528
502,51,6528
503,52,6656
504,50,6400
505,50,6400
506,50,6400
507,50,6400
508,49,6272
509,49,6272
510,48,6144
511,50,6400
512,50,6400
513,51,6528
514,50,6400
515,51,6528
516,51,6528
517,52,6656
518,51,6528
519,52,6656
520,52,6656
521,52,6656
522,51,6528
523,51,6528
524,51,6528
525,53,6784
526,51,6528
527,53,6784
528,52,6656
529,51,6528
530,54,6912
531,53,6784
532,53,6784
533,51,6528
534,53,6784
535,53,6784
536,53,6784
537,51,6528
538,51,6528
539,52,6656
540,51,6528
541,52,6656
542,51,6528
543,52,6656
544,51,6528
545,52,6656
546,51,6528
547,51,6528
548,52,6656
549,52,6656
550,51,6528
551,51,6528
552,51,6528
553,51,6528
554,51,6528
555,50,6400
556,50,6400
557,51,6528
558,51,6528
559,50,6400
560,50,6400
561,50,6400
562,51,6528
563,51,6528
564,51,6528
565,52,6656
566,51,6528
567,51,6528
568,50,6400
569,50,6400
570,52,6656
571,52,6656
572,50,6400
573,51,6528
574,51,6528
575,51,6528
576,50,6400
577,51,6528
578,52,6656
579,53,6784
580,52,6656
581,51,6528
582,52,6656
583,52,6656
584,52,6656
585,52,6656
586,51,6528
587,51,6528
588,51,6528
589,51,6528
590,52,6656
591,52,6656
592,52,6656
593,52,6656
594,52,6656
595,52,6656
596,52,6656
597,54,6912
598,54,6912
599,55,7040
600,55,7040
601,55,7040
602,53,6784
603,54,6912
604,52,6656
605,52,6656
606,51,6528
607,51,6528
608,51,6528
609,50,6400
610,51,6528
611,52,6656
612,51,6528
613,52,6656
614,52,6656
615,51,6528
616,52,6656
617,52,6656
618,51,6528
619,51,6528
620,51,6528
621,51,6528
622,52,6656
623,53,6784
624,52,6656
625,53,6784
626,53,6784
627,54,6912
628,55,7040
629,54,6912
630,53,6784
631,53,6784
632,53,6784
633,54,6912
634,54,6912
635,52,6656
636,53,6784
637,52,6656
638,53,6784
639,53,6784
640,53,6784
641,53,6784
642,53,6784
643,54,6912
644,53,6784
645,53,6784
646,52,6656
647,53,6784
648,53,6784
649,52,6656
650,53,6784
651,52,6656
652,52,6656
653,55,7040
654,52,6656
655,52,6656
656,51,6528
657,51,6528
658,51,6528
659,51,6528
660,51,6528
661,51,6528
662,51,6528
663,52,6656
664,51,6528
665,51,6528
666,51,6528
667,50,6400
668,52,6656
669,50,6400
670,50,6400
671,49,6272
672,49,6272
673,50,6400
674,51,6528
675,51,6528
676,51,6528
677,51,6528
678,51,6528
679,50,6400
680,50,6400
681,50,6400
682,50,6400
683,51,6528
684,52,6656
685,52,6656
686,51,6528
687,50,6400
688,52,6656
689,51,6528
690,52,6656
691,51,6528
692,52,6656
693,55,7040
694,55,7040
695,55,7040
696,52,6656
697,53,6784
698,52,6656
699,52,6656
700,52,6656
701,53,6784
702,53,6784
703,53,6784
704,53,6784
705,53,6784
706,51,6528
707,53,6784
708,51,6528
709,52,6656
710,51,6528
711,51,6528
712,50,6400
713,50,6400
714,50,6400
715,50,6400
716,50,6400
717,51,6528
718,50,6400
719,51,6528
720,50,6400
721,49,6272
722,52,6656
723,53,6784
724,50,6400
725,51,6528
726,52,6656
727,50,6400
728,52,6656
729,51,6528
730,51,6528
731,52,6656
732,53,6784
733,53,6784
734,53,6784
735,53,6784
736,53,6784
737,54,6912
738,54,6912
739,53,6784
740,54,6912
741,52,6656
742,53,6784
743,54,6912
744,55,7040
745,54,6912
746,54,6912
747,53,6784
748,53,6784
749,52,6656
750,55,7040
751,54,6912
752,53,6784
753,53,6784
754,54,6912
755,54,6912
756,52,6656
757,52,6656
758,51,6528
759,51,6528
760,50,6400
761,51,6528
762,51,6528
763,51,6528
764,50,6400
765,51,6528
766,53,6784
767,52,6656
768,52,6656
769,51,6528
770,51,6528
771,51,6528
772,51,6528
773,51,6528
774,51,6528
775,50,6400
776,52,6656
777,53,6784
778,52,6656
779,52,6656
780,54,6912
781,54,6912
782,54,6912
783,54,6912
784,53,6784
785,54,6912
786,53,6784
787,53,6784
788,52,6656
789,52,6656
790,52,6656
791,52,6656
792,52,6656
793,52,6656
794,52,6656
795,52,6656
796,52,6656
797,52,6656
798,52,6656
799,53,6784
800,52,6656
801,53,6784
802,52,6656
803,53,6784
804,53,6784
805,53,6784
806,53,6784
807,51,6528
808,52,6656
809,53,6784
810,54,6912
811,54,6912
812,54,6912
813,54,6912
814,55,7040
815,53,6784
816,53,6784
817,53,6784
818,55,7040
819,55,7040
820,55,7040
821,55,7040
822,55,7040
823,56,7168
824,56,7168
825,56,7168
826,56,7168
827,56,7168
828,56,7168
829,57,7296
830,57,7296
831,55,7040
832,55,7040
833,57,7296
834,57,7296
835,58,7424
836,57,7296
837,56,7168
838,56,7168
839,56,7168
840,55,7040
841,55,7040
842,56,7168
843,55,7040
844,56,7168
845,55,7040
846,54,6912
847,54,6912
848,54,6912
849,56,7168
850,53,6784
851,53,6784
852,54,6912
853,53,6784
854,53,6784
855,54,6912
856,56,7168
857,58,7424
858,56,7168
859,56,7168
860,56,7168
861,55,7040
862,54,6912
863,54,6912
864,54,6912
865,52,6656
866,53,6784
867,54,6912
868,54,6912
869,54,6912
870,54,6912
871,56,7168
872,56,7168
873,56,7168
874,56,7168
875,56,7168
876,55,7040
877,56,7168
878,56,7168
879,56,7168
880,55,7040
881,55,7040
882,56,7168
883,56,7168
884,54,6912
885,56,7168
886,56,7168
887,55,7040
888,56,7168
889,53,6784
890,55,7040
891,55,7040
892,55,7040
893,55,7040
894,53,6784
895,53,6784
896,53,6784
897,53,6784
898,53,6784
899,55,7040
900,54,6912
901,53,6784
902,55,7040
903,54,6912
904,55,7040
905,55,7040
906,55,7040
907,55,7040
908,54,6912
909,52,6656
910,52,6656
911,52,6656
912,53,6784
913,52,6656
914,54,6912
915,54,6912
916,55,7040
917,54,6912
918,54,6912
919,52,6656
920,53,6784
921,53,6784
922,54,6912
923,54,6912
924,55,7040
925,54,6912
926,54,6912
927,55,7040
928,54,6912
929,55,7040
930,56,7168
931,55,7040
932,55,7040
933,55,7040
934,54,6912
935,54,6912
936,57,7296
937,55,7040
938,56,7168
939,56,7168
940,56,7168
941,56,7168
942,55,7040
943,56,7168
944,55,7040
945,55,7040
946,55,7040
947,54,6912
948,54,6912
949,54,6912
950,55,7040
951,55,7040
952,54,6912
953,54,6912
954,55,7040
955,55,7040
956,55,7040
957,55,7040
958,54,6912
959,54,6912
960,54,6912
961,55,7040
962,55,7040
963,55,7040
964,54,6912
965,55,7040
966,55,7040
967,55,7040
968,55,7040
969,56,7168
970,56,7168
971,56,7168
972,55,7040
973,55,7040
974,56,7168
975,54,6912
976,56,7168
977,56,7168
978,56,7168
979,55,7040
980,55,7040
981,56,7168
982,55,7040
983,55,7040
984,54,6912
985,54,6912
986,54,6912
987,56,7168
988,57,7296
989,55,7040
990,56,7168
991,56,7168
992,57,7296
993,57,7296
994,57,7296
995,57,7296
996,56,7168
997,56,7168
998,56,7168
999,57,7296
1000,54,6912
1001,56,7168
1002,56,7168
1003,56,7168
1004,56,7168
1005,56,7168
1006,56,7168
1007,56,7168
1008,55,7040
1009,55,7040
1010,56,7168
1011,53,6784
1012,53,6784
1013,53,6784
1014,53,6784
1015,56,7168
1016,56,7168
1017,54,6912
1018,54,6912
1019,55,7040
1020,55,7040
1021,55,7040
1022,56,7168
1023,55,7040
1024,55,7040
1025,56,7168
1026,55,7040
1027,54,6912
1028,54,6912
1029,54,6912
1030,55,7040
1031,55,7040
1032,55,7040
1033,55,7040
1034,55,7040
1035,54,6912
1036,53,6784
1037,53,6784
1038,53,6784
1039,54,6912
1040,55,7040
1041,56,7168
1042,56,7168
1043,53,6784
1044,53,6784
1045,55,7040
1046,55,7040
1047,56,7168
1048,53,6784
1049,55,7040
1050,53,6784
1051,53,6784
1052,54,6912
1053,55,7040
1054,55,7040
1055,54,6912
1056,54,6912
1057,54,6912
1058,55,7040
1059,54,6912
1060,54,6912
1061,54,6912
1062,53,6784
1063,54,6912
1064,54,6912
1065,54,6912
1066,54,6912
1067,55,7040
1068,53,6784
1069,52,6656
1070,54,6912
1071,52,6656
1072,52,6656
1073,53,6784
1074,54,6912
1075,52,6656
1076,53,6784
1077,53,6784
1078,52,6656
1079,53,6784
1080,51,6528
1081,52,6656
1082,51,6528
1083,52,6656
1084,52,6656
1085,52,6656
1086,51,6528
1087,51,6528
1088,51,6528
1089,52,6656
1090,52,6656
1091,54,6912
1092,54,6912
1093,54,6912
1094,52,6656
1095,53,6784
1096,52,6656
1097,52,6656
1098,51,6528
1099,51,6528
1100,52,6656
1101,52,6656
1102,53,6784
1103,51,6528
1104,51,6528
1105,50,6400
1106,51,6528
1107,52,6656
1108,51,6528
1109,51,6528
1110,51,6528
1111,51,6528
1112,51,6528
1113,53,6784
1114,51,6528
1115,50,6400
1116,51,6528
1117,51,6528
1118,50,6400
1119,50,6400
1120,51,6528
1121,51,6528
1122,51,6528
1123,52,6656
1124,51,6528
1125,53,6784
1126,54,6912
1127,51,6528
1128,52,6656
1129,52,6656
1130,52,6656
1131,52,6656
1132,51,6528
1133,49,6272
1134,49,6272
1135,48,6144
1136,48,6144
1137,48,6144
1138,51,6528
1139,51,6528
1140,47,6016
1141,48,6144
1142,48,6144
1143,48,6144
1144,47,6016
1145,47,6016
1146,49,6272
1147,48,6144
1148,47,6016
1149,47,6016
1150,47,6016
1151,46,5888
1152,45,5760
1153,46,5888
1154,47,6016
1155,47,6016
1156,47,6016
1157,47,6016
1158,48,6144
1159,47,6016
1160,47,6016
1161,49,6272
1162,48,6144
1163,47,6016
1164,49,6272
1165,49,6272
1166,50,6400
1167,50,6400
1168,50,6400
1169,49,6272
1170,50,6400
1171,50,6400
1172,48,6144
1173,48,6144
1174,48,6144
1175,49,6272
1176,49,6272
1177,50,6400
1178,48,6144
1179,51,6528
1180,50,6400
1181,50,6400
1182,51,6528
1183,51,6528
1184,51,6528
1185,51,6528
1186,51,6528
1187,50,6400
1188,51,6528
1189,50,6400
1190,51,6528
1191,49,6272
1192,51,6528
1193,50,6400
1194,51,6528
1195,51,6528
1196,50,6400
1197,50,6400
1198,49,6272
1199,51,6528
1200,50,6400
1201,50,6400
1202,49,6272
1203,48,6144
1204,48,6144
1205,49,6272
1206,49,6272
1207,50,6400
1208,49,6272
1209,51,6528
1210,51,6528
1211,51,6528
1212,52,6656
1213,52,6656
1214,49,6272
1215,50,6400
1216,50,6400
1217,50,6400
1218,50,6400
1219,51,6528
1220,51,6528
1221,50,6400
1222,49,6272
1223,49,6272
1224,49,6272
1225,49,6272
1226,50,6400
1227,50,6400
1228,50,6400
1229,50,6400
1230,50,6400
1231,49,6272
1232,52,6656
1233,49,6272
1234,49,6272
1235,49,6272
1236,49,6272
1237,49,6272
1238,49,6272
1239,48,6144
1240,47,6016
1241,48,6144
1242,48,6144
1243,48,6144
1244,49,6272
1245,49,6272
1246,47,6016
1247,48,6144
1248,48,6144
1249,50,6400
1250,51,6528
1251,51,6528
1252,51,6528
1253,49,6272
1254,50,6400
1255,50,6400
1256,49,6272
1257,48,6144
1258,48,6144
1259,50,6400
1260,48,6144
1261,48,6144
1262,47,6016
1263,46,5888
1264,45,5760
1265,46,5888
1266,46,5888
1267,48,6144
1268,46,5888
1269,47,6016
1270,47,6016
1271,47,6016
1272,46,5888
1273,46,5888
1274,46,5888
1275,47,6016
1276,46,5888
1277,46,5888
1278,45,5760
1279,46,5888
1280,46,5888
1281,47,6016
1282,46,5888
1283,47,6016
1284,49,6272
1285,48,6144
1286,49,6272
1287,48,6144
1288,48,6144
1289,48,6144
1290,48,6144
1291,47,6016
1292,48,6144
1293,49,6272
1294,50,6400
1295,48,6144
1296,48,6144
1297,50,6400
1298,50,6400
1299,49,6272
1300,50,6400
1301,50,6400
1302,51,6528
1303,51,6528
1304,48,6144
1305,48,6144
1306,48,6144
1307,51,6528
1308,51,6528
1309,51,6528
1310,49,6272
1311,49,6272
1312,49,6272
1313,50,6400
1314,52,6656
1315,51,6528
1316,50,6400
1317,51,6528
1318,53,6784
1319,53,6784
1320,49,6272
1321,50,6400
1322,51,6528
1323,51,6528
1324,52,6656
1325,51,6528
1326,51,6528
1327,52,6656
1328,52,6656
1329,51,6528
1330,52,6656
1331,53,6784
1332,53,6784
1333,52,6656
1334,51,6528
1335,53,6784
1336,53,6784
1337,54,6912
1338,54,6912
1339,53,6784
1340,53,6784
1341,55,7040
1342,54,6912
1343,52,6656
1344,52,6656
1345,53,6784
1346,51,6528
1347,51,6528
1348,51,6528
1349,52,6656
1350,53,6784
1351,53,6784
1352,52,6656
1353,53,6784
1354,52,6656
1355,53,6784
1356,52,6656
1357,52,6656
1358,54,6912
1359,52,6656
1360,51,6528
1361,53,6784
1362,51,6528
1363,52,6656
1364,51,6528
1365,51,6528
1366,52,6656
1367,51,6528
1368,51,6528
1369,51,6528
1370,52,6656
1371,51,6528
1372,52,6656
1373,52,6656
1374,52,6656
1375,53,6784
1376,51,6528
1377,52,6656
1378,52,6656
1379,51,6528
1380,52,6656
1381,51,6528
1382,51,6528
1383,51,6528
1384,52,6656
1385,51,6528
1386,52,6656
1387,52,6656
1388,51,6528
1389,52,6656
1390,51,6528
1391,53,6784
1392,53,6784
1393,53,6784
1394,52,6656
1395,53,6784
1396,52,6656
1397,51,6528
1398,51,6528
1399,51,6528
1400,51,6528
1401,51,6528
1402,52,6656
1403,53,6784
1404,52,6656
1405,51,6528
1406,51,6528
1407,51,6528
1408,50,6400
1409,50,6400
1410,49,6272
1411,49,6272
1412,49,6272
1413,50,6400
1414,50,6400
1415,50,6400
1416,50,6400
1417,48,6144
1418,50,6400
1419,50,6400
1420,48,6144
1421,50,6400
1422,49,6272
1423,50,6400
1424,50,6400
1425,50,6400
1426,51,6528
1427,51,6528
1428,52,6656
1429,51,6528
1430,51,6528
1431,51,6528
1432,52,6656
1433,51,6528
1434,53,6784
1435,52,6656
1436,52,6656
1437,54,6912
1438,54,6912
1439,54,6912
1440,55,7040
1441,55,7040
1442,54,6912
1443,55,7040
1444,54,6912
1445,54,6912
1446,54,6912
1447,53,6784
1448,54,6912
1449,53,6784
1450,52,6656
1451,52,6656
1452,53,6784
1453,53,6784
1454,53,6784
1455,52,6656
1456,52,6656
1457,52,6656
1458,52,6656
1459,52,6656
1460,52,6656
1461,53,6784
1462,52,6656
1463,53,6784
1464,52,6656
1465,54,6912
1466,54,6912
1467,54,6912
1468,54,6912
1469,53,6784
1470,53,6784
1471,53,6784
1472,55,7040
1473,54,6912
1474,54,6912
1475,53,6784
1476,53,6784
1477,52,6656
1478,52,6656
1479,53,6784
1480,53,6784
1481,53,6784
1482,52,6656
1483,54,6912
1484,54,6912
1485,54,6912
1486,54,6912
1487,53,6784
1488,53,6784
1489,54,6912
1490,54,6912
1491,54,6912
1492,53,6784
1493,52,6656
1494,53,6784
1495,54,6912
1496,53,6784
1497,57,7296
1498,54,6912
1499,54,6912
1500,54,6912
1501,54,6912
1502,56,7168
1503,56,7168
1504,56,7168
1505,55,7040
1506,54,6912
1507,54,6912
1508,55,7040
1509,56,7168
1510,54,6912
1511,54,6912
1512,53,6784
1513,53,6784
1514,53,6784
1515,55,7040
1516,54,6912
1517,54,6912
1518,54,6912
1519,54,6912
1520,55,7040
1521,54,6912
1522,53,6784
1523,52,6656
1524,52,6656
1525,52,6656
1526,53,6784
1527,53,6784
1528,53,6784
1529,53,6784
1530,53,6784
1531,53,6784
1532,53,6784
1533,52,6656
1534,53,6784
1535,53,6784
1536,54,6912
1537,54,6912
1538,54,6912
1539,53,6784
1540,54,6912
1541,54,6912
1542,53,6784
1543,53,6784
1544,52,6656
1545,52,6656
1546,52,6656
1547,55,7040
1548,55,7040
1549,55,7040
1550,55,7040
1551,54,6912
1552,54,6912
1553,55,7040
1554,55,7040
1555,55,7040
1556,55,7040
1557,54,6912
1558,55,7040
1559,55,7040
1560,55,7040
1561,56,7168
1562,56,7168
1563,56,7168
1564,56,7168
1565,56,7168
1566,55,7040
1567,56,7168
1568,59,7552
1569,57,7296
1570,57,7296
1571,57,7296
1572,57,7296
1573,57,7296
1574,55,7040
1575,56,7168
1576,56,7168
1577,54,6912
1578,56,7168
1579,53,6784
1580,53,6784
1581,53,6784
1582,53,6784
1583,55,7040
1584,56,7168
1585,54,6912
1586,56,7168
1587,55,7040
1588,52,6656
1589,53,6784
1590,53,6784
1591,53,6784
1592,53,6784
1593,53,6784
1594,53,6784
1595,54,6912
1596,54,6912
1597,53,6784
1598,54,6912
1599,53,6784
1600,53,6784
1601,53,6784
1602,52,6656
1603,53,6784
1604,53,6784
1605,54,6912
1606,54,6912
1607,54,6912
1608,53,6784
1609,53,6784
1610,52,6656
1611,53,6784
1612,53,6784
1613,51,6528
1614,51,6528
1615,51,6528
1616,51,6528
1617,53,6784
1618,53,6784
1619,54,6912
1620,55,7040
1621,52,6656
1622,54,6912
1623,54,6912
1624,53,6784
1625,53,6784
1626,53,6784
1627,52,6656
1628,54,6912
1629,54,6912
1630,52,6656
1631,49,6272
1632,49,6272
1633,51,6528
1634,51,6528
1635,51,6528
1636,51,6528
1637,50,6400
1638,50,6400
1639,49,6272
1640,50,6400
1641,50,6400
1642,49,6272
1643,49,6272
1644,52,6656
1645,49,6272
1646,52,6656
1647,50,6400
1648,49,6272
1649,49,6272
1650,50,6400
1651,50,6400
1652,50,6400
1653,50,6400
1654,51,6528
1655,52,6656
1656,51,6528
1657,51,6528
1658,48,6144
1659,49,6272
1660,53,6784
1661,53,6784
1662,52,6656
1663,52,6656
1664,53,6784
1665,51,6528
1666,51,6528
1667,51,6528
1668,49,6272
1669,50,6400
1670,49,6272
1671,48,6144
1672,49,6272
1673,49,6272
1674,49,6272
1675,49,6272
1676,49,6272
1677,50,6400
1678,50,6400
1679,51,6528
1680,51,6528
1681,49,6272
1682,49,6272
1683,49,6272
1684,49,6272
1685,49,6272
1686,49,6272
1687,50,6400
1688,48,6144
1689,49,6272
1690,49,6272
1691,49,6272
1692,50,6400
1693,49,6272
1694,49,6272
1695,49,6272
1696,50,6400
1697,49,6272
1698,49,6272
1699,49,6272
1700,49,6272
1701,49,6272
1702,49,6272
1703,50,6400
1704,50,6400
1705,51,6528
1706,51,6528
1707,52,6656
1708,50,6400
1709,49,6272
1710,50,6400
1711,51,6528
1712,51,6528
1713,51,6528
1714,50,6400
1715,51,6528
1716,51,6528
1717,52,6656
1718,51,6528
1719,52,6656
1720,50,6400
1721,51,6528
1722,50,6400
1723,51,6528
1724,51,6528
1725,50,6400
1726,51,6528
1727,52,6656
1728,52,6656
1729,51,6528
1730,49,6272
1731,51,6528
1732,49,6272
1733,52,6656
1734,50,6400
1735,49,6272
1736,49,6272
1737,49,6272
1738,51,6528
1739,50,6400
1740,50,6400
1741,49,6272
1742,49,6272
1743,50,6400
1744,51,6528
1745,50,6400
1746,50,6400
1747,51,6528
1748,51,6528
1749,51,6528
1750,51,6528
1751,51,6528
1752,53,6784
1753,52,6656
1754,50,6400
1755,50,6400
1756,51,6528
1757,51,6528
1758,50,6400
1759,51,6528
1760,53,6784
1761,52,6656
1762,50,6400
1763,50,6400
1764,51,6528
1765,50,6400
1766,51,6528
1767,51,6528
1768,50,6400
1769,50,6400
1770,50,6400
1771,50,6400
1772,51,6528
1773,51,6528
1774,51,6528
1775,51,6528
1776,51,6528
1777,51,6528
1778,50,6400
1779,51,6528
1780,51,6528
1781,52,6656
1782,52,6656
1783,52,6656
1784,51,6528
1785,51,6528
1786,52,6656
1787,51,6528
1788,52,6656
1789,53,6784
1790,53,6784
1791,52,6656
1792,52,6656
1793,52,6656
1794,53,6784
1795,52,6656
1796,52,6656
1797,53,6784
1798,53,6784
1799,54,6912
1800,52,6656
1801,52,6656
1802,53,6784
1803,52,6656
1804,53,6784
1805,53,6784
1806,53,6784
1807,53,6784
1808,53,6784
1809,53,6784
1810,54,6912
1811,52,6656
1812,53,6784
1813,54,6912
1814,54,6912
1815,55,7040
1816,53,6784
1817,54,6912
1818,54,6912
1819,54,6912
1820,54,6912
1821,54,6912
1822,54,6912
1823,53,6784
1824,53,6784
1825,53,6784
1826,53,6784
1827,54,6912
1828,54,6912
1829,54,6912
1830,55,7040
1831,54,6912
1832,54,6912
1833,54,6912
1834,55,7040
1835,54,6912
1836,55,7040
1837,54,6912
1838,55,7040
1839,55,7040
1840,54,6912
1841,53,6784
1842,53,6784
1843,52,6656
1844,53,6784
1845,53,6784
1846,52,6656
1847,53,6784
1848,52,6656
1849,53,6784
1850,53,6784
1851,53,6784
1852,54,6912
1853,54,6912
1854,54,6912
1855,55,7040
1856,55,7040
1857,52,6656
1858,53,6784
1859,52,6656
1860,53,6784
1861,53,6784
1862,51,6528
1863,52,6656
1864,52,6656
1865,53,6784
1866,54,6912
1867,53,6784
1868,53,6784
1869,53,6784
1870,53,6784
1871,55,7040
1872,56,7168
1873,55,7040
1874,56,7168
1875,56,7168
1876,56,7168
1877,58,7424
1878,56,7168
1879,56,7168
1880,55,7040
1881,55,7040
1882,54,6912
1883,54,6912
1884,55,7040
1885,55,7040
1886,57,7296
1887,57,7296
1888,58,7424
1889,57,7296
1890,56,7168
1891,56,7168
1892,56,7168
1893,55,7040
1894,55,7040
1895,56,7168
1896,55,7040
1897,54,6912
1898,55,7040
1899,54,6912
1900,55,7040
1901,57,7296
1902,56,7168
1903,56,7168
1904,56,7168
1905,55,7040
1906,53,6784
1907,53,6784
1908,53,6784
1909,54,6912
1910,53,6784
1911,53,6784
1912,54,6912
1913,53,6784
1914,52,6656
1915,53,6784
1916,54,6912
1917,52,6656
1918,53,6784
1919,53,6784
1920,53,6784
1921,55,7040
1922,54,6912
1923,52,6656
1924,52,6656
1925,52,6656
1926,52,6656
1927,51,6528
1928,52,6656
1929,53,6784
1930,53,6784
1931,53,6784
1932,52,6656
1933,52,6656
1934,52,6656
1935,52,6656
1936,53,6784
1937,54,6912
1938,54,6912
1939,54,6912
1940,53,6784
1941,53,6784
1942,53,6784
1943,51,6528
1944,52,6656
1945,52,6656
1946,51,6528
1947,51,6528
1948,51,6528
1949,51,6528
1950,51,6528
1951,52,6656
1952,51,6528
1953,50,6400
1954,51,6528
1955,50,6400
1956,51,6528
1957,51,6528
1958,51,6528
1959,51,6528
1960,51,6528
1961,51,6528
1962,51,6528
1963,52,6656
1964,50,6400
1965,50,6400
1966,50,6400
1967,50,6400
1968,49,6272
1969,52,6656
1970,49,6272
1971,49,6272
1972,51,6528
1973,52,6656
1974,52,6656
1975,49,6272
1976,50,6400
1977,49,6272
1978,49,6272
1979,50,6400
1980,50,6400
1981,50,6400
1982,50,6400
1983,50,6400
1984,51,6528
1985,51,6528
1986,52,6656
1987,52,6656
1988,53,6784
1989,53,6784
1990,53,6784
1991,53,6784
1992,52,6656
1993,52,6656
1994,51,6528
1995,50,6400
1996,52,6656
1997,50,6400
1998,50,6400
1999,49,6272
2000,49,6272
