RandomSeed,34996,Population size:128,Bit Length:64,Crossover Rate:0.7,Mutation Rate:0.005
gen,BestFitness,FitnessEval
1,44,5632
2,44,5632
3,43,5504
4,43,5504
5,43,5504
6,43,5504
7,48,6144
8,44,5632
9,47,6016
10,48,6144
11,49,6272
12,49,6272
13,49,6272
14,48,6144
15,50,6400
16,50,6400
17,48,6144
18,47,6016
19,49,6272
20,49,6272
21,51,6528
22,51,6528
23,52,6656
24,49,6272
25,50,6400
26,49,6272
27,49,6272
28,48,6144
29,49,6272
30,48,6144
31,48,6144
32,49,6272
33,48,6144
34,47,6016
35,49,6272
36,50,6400
37,51,6528
38,49,6272
39,49,6272
40,49,6272
41,50,6400
42,51,6528
43,50,6400
44,50,6400
45,51,6528
46,52,6656
47,50,6400
48,49,6272
49,49,6272
50,50,6400
51,50,6400
52,49,6272
53,49,6272
54,49,6272
55,49,6272
56,48,6144
57,49,6272
58,49,6272
59,48,6144
60,49,6272
61,49,6272
62,49,6272
63,50,6400
64,50,6400
65,49,6272
66,50,6400
67,50,6400
68,49,6272
69,49,6272
70,50,6400
71,51,6528
72,49,6272
73,49,6272
74,49,6272
75,50,6400
76,50,6400
77,50,6400
78,50,6400
79,50,6400
80,49,6272
81,49,6272
82,49,6272
83,49,6272
84,50,6400
85,50,6400
86,49,6272
87,49,6272
88,49,6272
89,49,6272
90,50,6400
91,49,6272
92,50,6400
93,49,6272
94,50,6400
95,50,6400
96,50,6400
97,50,6400
98,50,6400
99,50,6400
100,48,6144
101,48,6144
102,48,6144
103,46,5888
104,47,6016
105,47,6016
106,47,6016
107,47,6016
108,47,6016
109,48,6144
110,48,6144
111,48,6144
112,48,6144
113,47,6016
114,49,6272
115,47,6016
116,47,6016
117,49,6272
118,48,6144
119,49,6272
120,49,6272
121,48,6144
122,50,6400
123,49,6272
124,49,6272
125,48,6144
126,47,6016
127,47,6016
128,47,6016
129,47,6016
130,47,6016
131,47,6016
132,47,6016
133,47,6016
134,48,6144
135,46,5888
136,47,6016
137,48,6144
138,48,6144
139,48,6144
140,48,6144
141,47,6016
142,47,6016
143,48,6144
144,49,6272
145,51,6528
146,49,6272
147,50,6400
148,49,6272
149,48,6144
150,48,6144
151,48,6144
152,48,6144
153,49,6272
154,50,6400
155,50,6400
156,49,6272
157,49,6272
158,49,6272
159,49,6272
160,50,6400
161,49,6272
162,49,6272
163,49,6272
164,49,6272
165,49,6272
166,49,6272
167,49,6272
168,50,6400
169,50,6400
170,48,6144
171,49,6272
172,49,6272
173,49,6272
174,50,6400
175,50,6400
176,50,6400
177,50,6400
178,50,6400
179,49,6272
180,49,6272
181,51,6528
182,51,6528
183,51,6528
184,52,6656
185,50,6400
186,50,6400
187,51,6528
188,51,6528
189,51,6528
190,51,6528
191,51,6528
192,51,6528
193,50,6400
194,50,6400
195,51,6528
196,51,6528
197,51,6528
198,53,6784
199,53,6784
200,51,6528
201,50,6400
202,51,6528
203,51,6528
204,51,6528
205,51,6528
206,52,6656
207,52,6656
208,52,6656
209,52,6656
210,51,6528
211,50,6400
212,51,6528
213,51,6528
214,51,6528
215,52,6656
216,51,6528
217,51,6528
218,51,6528
219,49,6272
220,49,6272
221,49,6272
222,48,6144
223,49,6272
224,50,6400
225,51,6528
226,50,6400
227,51,6528
228,51,6528
229,50,6400
230,51,6528
231,51,6528
232,51,6528
233,51,6528
234,50,6400
235,50,6400
236,49,6272
237,49,6272
238,51,6528
239,51,6528
240,51,6528
241,51,6528
242,51,6528
243,50,6400
244,50,6400
245,49,6272
246,49,6272
247,49,6272
248,50,6400
249,50,6400
250,50,6400
251,49,6272
252,49,6272
253,49,6272
254,49,6272
255,51,6528
256,51,6528
257,51,6528
258,51,6528
259,49,6272
260,51,6528
261,49,6272
262,49,6272
263,49,6272
264,51,6528
265,52,6656
266,52,6656
267,52,6656
268,53,6784
269,52,6656
270,52,6656
271,52,6656
272,51,6528
273,50,6400
274,51,6528
275,51,6528
276,51,6528
277,51,6528
278,51,6528
279,50,6400
280,51,6528
281,51,6528
282,50,6400
283,52,6656
284,50,6400
285,49,6272
286,49,6272
287,50,6400
288,50,6400
289,52,6656
290,51,6528
291,53,6784
292,55,7040
293,53,6784
294,55,7040
295,56,7168
296,53,6784
297,52,6656
298,53,6784
299,52,6656
300,52,6656
301,53,6784
302,54,6912
303,54,6912
304,52,6656
305,51,6528
306,50,6400
307,53,6784
308,51,6528
309,52,6656
310,53,6784
311,53,6784
312,53,6784
313,54,6912
314,54,6912
315,52,6656
316,53,6784
317,53,6784
318,53,6784
319,54,6912
320,54,6912
321,54,6912
322,55,7040
323,54,6912
324,54,6912
325,54,6912
326,55,7040
327,54,6912
328,55,7040
329,56,7168
330,55,7040
331,55,7040
332,54,6912
333,54,6912
334,55,7040
335,54,6912
336,54,6912
337,56,7168
338,54,6912
339,55,7040
340,55,7040
341,55,7040
342,54,6912
343,54,6912
344,52,6656
345,52,6656
346,54,6912
347,55,7040
348,55,7040
349,54,6912
350,51,6528
351,51,6528
352,51,6528
353,51,6528
354,50,6400
355,51,6528
356,51,6528
357,51,6528
358,51,6528
359,51,6528
360,51,6528
361,52,6656
362,52,6656
363,50,6400
364,50,6400
365,51,6528
366,51,6528
367,51,6528
368,51,6528
369,52,6656
370,52,6656
371,52,6656
372,52,6656
373,52,6656
374,52,6656
375,52,6656
376,50,6400
377,50,6400
378,50,6400
379,51,6528
380,51,6528
381,50,6400
382,51,6528
383,52,6656
384,53,6784
385,53,6784
386,52,6656
387,53,6784
388,50,6400
389,50,6400
390,52,6656
391,50,6400
392,51,6528
393,52,6656
394,51,6528
395,50,6400
396,48,6144
397,49,6272
398,49,6272
399,50,6400
400,50,6400
401,50,6400
402,50,6400
403,50,6400
404,51,6528
405,52,6656
406,52,6656
407,53,6784
408,51,6528
409,52,6656
410,51,6528
411,50,6400
412,52,6656
413,52,6656
414,51,6528
415,51,6528
416,51,6528
417,51,6528
418,51,6528
419,51,6528
420,51,6528
421,50,6400
422,50,6400
423,49,6272
424,50,6400
425,49,6272
426,51,6528
427,51,6528
428,51,6528
429,51,6528
430,53,6784
431,51,6528
432,50,6400
433,51,6528
434,52,6656
435,52,6656
436,53,6784
437,50,6400
438,49,6272
439,49,6272
440,49,6272
441,53,6784
442,50,6400
443,51,6528
444,50,6400
445,50,6400
446,51,6528
447,50,6400
448,51,6528
449,51,6528
450,51,6528
451,51,6528
452,50,6400
453,49,6272
454,49,6272
455,50,6400
456,51,6528
457,50,6400
458,50,6400
459,53,6784
460,52,6656
461,52,6656
462,52,6656
463,52,6656
464,52,6656
465,52,6656
466,52,6656
467,51,6528
468,51,6528
469,51,6528
470,50,6400
471,50,6400
472,51,6528
473,52,6656
474,53,6784
475,55,7040
476,53,6784
477,53,6784
478,52,6656
479,54,6912
480,55,7040
481,52,6656
482,51,6528
483,50,6400
484,54,6912
485,52,6656
486,52,6656
487,53,6784
488,52,6656
489,53,6784
490,51,6528
491,51,6528
492,53,6784
493,53,6784
494,51,6528
495,51,6528
496,51,6528
497,53,6784
498,52,6656
499,50,6400
500,50,6400
501,51,6528
502,51,6528
503,50,6400
504,50,6400
505,50,6400
506,49,6272
507,50,6400
508,50,6400
509,50,6400
510,52,6656
511,50,6400
512,51,6528
513,51,6528
514,52,6656
515,51,6528
516,50,6400
517,51,6528
518,50,6400
519,49,6272
520,50,6400
521,50,6400
522,50,6400
523,50,6400
524,51,6528
525,47,6016
526,48,6144
527,50,6400
528,51,6528
529,50,6400
530,50,6400
531,50,6400
532,50,6400
533,51,6528
534,50,6400
535,51,6528
536,51,6528
537,52,6656
538,53,6784
539,52,6656
540,52,6656
541,51,6528
542,51,6528
543,51,6528
544,51,6528
545,52,6656
546,53,6784
547,53,6784
548,52,6656
549,53,6784
550,53,6784
551,53,6784
552,54,6912
553,52,6656
554,52,6656
555,53,6784
556,52,6656
557,53,6784
558,53,6784
559,53,6784
560,52,6656
561,54,6912
562,55,7040
563,54,6912
564,53,6784
565,53,6784
566,53,6784
567,54,6912
568,54,6912
569,53,6784
570,53,6784
571,55,7040
572,54,6912
573,52,6656
574,52,6656
575,52,6656
576,51,6528
577,51,6528
578,51,6528
579,51,6528
580,51,6528
581,51,6528
582,53,6784
583,51,6528
584,49,6272
585,49,6272
586,49,6272
587,48,6144
588,49,6272
589,49,6272
590,48,6144
591,50,6400
592,49,6272
593,50,6400
594,50,6400
595,49,6272
596,48,6144
597,51,6528
598,50,6400
599,49,6272
600,52,6656
601,50,6400
602,52,6656
603,50,6400
604,52,6656
605,51,6528
606,54,6912
607,54,6912
608,54,6912
609,53,6784
610,54,6912
611,54,6912
612,55,7040
613,53,6784
614,52,6656
615,52,6656
616,54,6912
617,53,6784
618,53,6784
619,53,6784
620,54,6912
621,54,6912
622,53,6784
623,53,6784
624,53,6784
625,51,6528
626,53,6784
627,54,6912
628,52,6656
629,54,6912
630,52,6656
631,53,6784
632,54,6912
633,54,6912
634,53,6784
635,53,6784
636,55,7040
637,55,7040
638,54,6912
639,55,7040
640,53,6784
641,53,6784
642,53,6784
643,54,6912
644,53,6784
645,53,6784
646,54,6912
647,55,7040
648,52,6656
649,52,6656
650,53,6784
651,55,7040
652,54,6912
653,55,7040
654,52,6656
655,52,6656
656,51,6528
657,51,6528
658,52,6656
659,52,6656
660,52,6656
661,54,6912
662,55,7040
663,53,6784
664,53,6784
665,53,6784
666,53,6784
667,54,6912
668,52,6656
669,52,6656
670,51,6528
671,52,6656
672,51,6528
673,54,6912
674,52,6656
675,52,6656
676,53,6784
677,51,6528
678,52,6656
679,52,6656
680,51,6528
681,54,6912
682,53,6784
683,54,6912
684,52,6656
685,52,6656
686,54,6912
687,53,6784
688,55,7040
689,52,6656
690,53,6784
691,53,6784
692,54,6912
693,52,6656
694,52,6656
695,55,7040
696,55,7040
697,55,7040
698,52,6656
699,51,6528
700,51,6528
701,52,6656
702,52,6656
703,51,6528
704,51,6528
705,51,6528
706,50,6400
707,50,6400
708,50,6400
709,50,6400
710,50,6400
711,51,6528
712,51,6528
713,51,6528
714,51,6528
715,53,6784
716,53,6784
717,49,6272
718,49,6272
719,49,6272
720,48,6144
721,48,6144
722,48,6144
723,48,6144
724,49,6272
725,49,6272
726,50,6400
727,49,6272
728,49,6272
729,49,6272
730,50,6400
731,48,6144
732,50,6400
733,49,6272
734,49,6272
735,50,6400
736,48,6144
737,49,6272
738,48,6144
739,48,6144
740,49,6272
741,50,6400
742,49,6272
743,49,6272
744,49,6272
745,50,6400
746,50,6400
747,51,6528
748,50,6400
749,49,6272
750,48,6144
751,48,6144
752,49,6272
753,47,6016
754,46,5888
755,48,6144
756,48,6144
757,48,6144
758,51,6528
759,49,6272
760,49,6272
761,49,6272
762,48,6144
763,48,6144
764,49,6272
765,47,6016
766,47,6016
767,48,6144
768,49,6272
769,48,6144
770,49,6272
771,49,6272
772,48,6144
773,49,6272
774,48,6144
775,48,6144
776,49,6272
777,50,6400
778,49,6272
779,49,6272
780,50,6400
781,50,6400
782,50,6400
783,50,6400
784,51,6528
785,51,6528
786,52,6656
787,51,6528
788,51,6528
789,51,6528
790,51,6528
791,51,6528
792,50,6400
793,51,6528
794,49,6272
795,49,6272
796,49,6272
797,49,6272
798,49,6272
799,49,6272
800,49,6272
801,50,6400
802,50,6400
803,50,6400
804,51,6528
805,51,6528
806,51,6528
807,52,6656
808,50,6400
809,51,6528
810,52,6656
811,53,6784
812,51,6528
813,51,6528
814,51,6528
815,52,6656
816,52,6656
817,52,6656
818,52,6656
819,53,6784
820,52,6656
821,52,6656
822,53,6784
823,51,6528
824,52,6656
825,51,6528
826,51,6528
827,50,6400
828,52,6656
829,51,6528
830,51,6528
831,52,6656
832,53,6784
833,52,6656
834,52,6656
835,53,6784
836,53,6784
837,55,7040
838,53,6784
839,54,6912
840,54,6912
841,55,7040
842,55,7040
843,54,6912
844,52,6656
845,52,6656
846,54,6912
847,53,6784
848,53,6784
849,54,6912
850,53,6784
851,52,6656
852,54,6912
853,54,6912
854,54,6912
855,54,6912
856,54,6912
857,52,6656
858,53,6784
859,53,6784
860,54,6912
861,53,6784
862,52,6656
863,54,6912
864,53,6784
865,53,6784
866,52,6656
867,52,6656
868,53,6784
869,51,6528
870,51,6528
871,52,6656
872,54,6912
873,51,6528
874,52,6656
875,51,6528
876,52,6656
877,52,6656
878,52,6656
879,52,6656
880,51,6528
881,51,6528
882,51,6528
883,52,6656
884,52,6656
885,52,6656
886,51,6528
887,52,6656
888,51,6528
889,50,6400
890,50,6400
891,51,6528
892,51,6528
893,51,6528
894,51,6528
895,51,6528
896,51,6528
897,52,6656
898,52,6656
899,54,6912
900,53,6784
901,52,6656
902,50,6400
903,50,6400
904,49,6272
905,51,6528
906,51,6528
907,51,6528
908,51,6528
909,50,6400
910,50,6400
911,51,6528
912,51,6528
913,52,6656
914,52,6656
915,49,6272
916,50,6400
917,49,6272
918,49,6272
919,50,6400
920,49,6272
921,48,6144
922,48,6144
923,49,6272
924,51,6528
925,49,6272
926,51,6528
927,49,6272
928,50,6400
929,48,6144
930,49,6272
931,49,6272
932,48,6144
933,48,6144
934,49,6272
935,47,6016
936,48,6144
937,50,6400
938,50,6400
939,50,6400
940,50,6400
941,50,6400
942,49,6272
943,48,6144
944,49,6272
945,48,6144
946,49,6272
947,49,6272
948,50,6400
949,51,6528
950,51,6528
951,50,6400
952,51,6528
953,50,6400
954,50,6400
955,52,6656
956,52,6656
957,52,6656
958,52,6656
959,52,6656
960,52,6656
961,52,6656
962,52,6656
963,52,6656
964,51,6528
965,51,6528
966,51,6528
967,52,6656
968,52,6656
969,52,6656
970,51,6528
971,52,6656
972,50,6400
973,51,6528
974,52,6656
975,51,6528
976,52,6656
977,51,6528
978,52,6656
979,52,6656
980,51,6528
981,52,6656
982,51,6528
983,51,6528
984,51,6528
985,52,6656
986,52,6656
987,52,6656
988,52,6656
989,54,6912
990,52,6656
991,52,6656
992,52,6656
993,50,6400
994,50,6400
995,50,6400
996,51,6528
997,52,6656
998,54,6912
999,53,6784
1000,51,6528
1001,51,6528
1002,51,6528
1003,52,6656
1004,52,6656
1005,51,6528
1006,52,6656
1007,52,6656
1008,52,6656
1009,52,6656
1010,52,6656
1011,52,6656
1012,54,6912
1013,54,6912
1014,54,6912
1015,54,6912
1016,53,6784
1017,55,7040
1018,55,7040
1019,55,7040
1020,54,6912
1021,53,6784
1022,53,6784
1023,54,6912
1024,55,7040
1025,55,7040
1026,55,7040
1027,53,6784
1028,53,6784
1029,55,7040
1030,55,7040
1031,55,7040
1032,55,7040
1033,53,6784
1034,55,7040
1035,56,7168
1036,57,7296
1037,56,7168
1038,56,7168
1039,56,7168
1040,56,7168
1041,56,7168
1042,56,7168
1043,56,7168
1044,57,7296
1045,55,7040
1046,54,6912
1047,56,7168
1048,54,6912
1049,54,6912
1050,54,6912
1051,54,6912
1052,55,7040
1053,55,7040
1054,55,7040
1055,57,7296
1056,55,7040
1057,55,7040
1058,55,7040
1059,54,6912
1060,54,6912
1061,53,6784
1062,55,7040
1063,54,6912
1064,52,6656
1065,53,6784
1066,52,6656
1067,52,6656
1068,51,6528
1069,54,6912
1070,52,6656
1071,51,6528
1072,51,6528
1073,52,6656
1074,52,6656
1075,53,6784
1076,53,6784
1077,54,6912
1078,55,7040
1079,53,6784
1080,53,6784
1081,54,6912
1082,54,6912
1083,54,6912
1084,54,6912
1085,52,6656
1086,52,6656
1087,53,6784
1088,53,6784
1089,54,6912
1090,55,7040
1091,54,6912
1092,54,6912
1093,54,6912
1094,54,6912
1095,53,6784
1096,52,6656
1097,53,6784
1098,53,6784
1099,53,6784
1100,52,6656
1101,52,6656
1102,53,6784
1103,52,6656
1104,53,6784
1105,54,6912
1106,53,6784
1107,53,6784
1108,53,6784
1109,54,6912
1110,53,6784
1111,53,6784
1112,53,6784
1113,52,6656
1114,54,6912
1115,52,6656
1116,51,6528
1117,52,6656
1118,51,6528
1119,54,6912
1120,53,6784
1121,52,6656
1122,51,6528
1123,51,6528
1124,49,6272
1125,49,6272
1126,50,6400
1127,51,6528
1128,49,6272
1129,51,6528
1130,49,6272
1131,50,6400
1132,51,6528
1133,52,6656
1134,50,6400
1135,50,6400
1136,51,6528
1137,51,6528
1138,51,6528
1139,49,6272
1140,50,6400
1141,50,6400
1142,50,6400
1143,50,6400
1144,48,6144
1145,50,6400
1146,48,6144
1147,50,6400
1148,51,6528
1149,48,6144
1150,48,6144
1151,48,6144
1152,47,6016
1153,47,6016
1154,49,6272
1155,49,6272
1156,46,5888
1157,47,6016
1158,47,6016
1159,47,6016
1160,47,6016
1161,48,6144
1162,48,6144
1163,49,6272
1164,49,6272
1165,49,6272
1166,48,6144
1167,49,6272
1168,50,6400
1169,51,6528
1170,51,6528
1171,49,6272
1172,49,6272
1173,47,6016
1174,47,6016
1175,48,6144
1176,47,6016
1177,48,6144
1178,50,6400
1179,49,6272
1180,50,6400
1181,48,6144
1182,48,6144
1183,49,6272
1184,49,6272
1185,49,6272
1186,48,6144
1187,47,6016
1188,48,6144
1189,47,6016
1190,49,6272
1191,49,6272
1192,47,6016
1193,48,6144
1194,47,6016
1195,48,6144
1196,49,6272
1197,47,6016
1198,47,6016
1199,49,6272
1200,49,6272
1201,49,6272
1202,47,6016
1203,47,6016
1204,48,6144
1205,47,6016
1206,47,6016
1207,50,6400
1208,48,6144
1209,48,6144
1210,48,6144
1211,48,6144
1212,47,6016
1213,47,6016
1214,47,6016
1215,46,5888
1216,46,5888
1217,48,6144
1218,48,6144
1219,48,6144
1220,49,6272
1221,49,6272
1222,47,6016
1223,47,6016
1224,47,6016
1225,47,6016
1226,48,6144
1227,47,6016
1228,47,6016
1229,46,5888
1230,46,5888
1231,47,6016
1232,47,6016
1233,47,6016
1234,45,5760
1235,46,5888
1236,46,5888
1237,46,5888
1238,46,5888
1239,46,5888
1240,46,5888
1241,47,6016
1242,46,5888
1243,48,6144
1244,48,6144
1245,48,6144
1246,48,6144
1247,49,6272
1248,49,6272
1249,49,6272
1250,49,6272
1251,49,6272
1252,48,6144
1253,48,6144
1254,48,6144
1255,49,6272
1256,49,6272
1257,49,6272
1258,51,6528
1259,50,6400
1260,50,6400
1261,52,6656
1262,51,6528
1263,51,6528
1264,51,6528
1265,51,6528
1266,51,6528
1267,50,6400
1268,51,6528
1269,51,6528
1270,51,6528
1271,51,6528
1272,51,6528
1273,49,6272
1274,49,6272
1275,50,6400
1276,51,6528
1277,51,6528
1278,51,6528
1279,49,6272
1280,49,6272
1281,50,6400
1282,52,6656
1283,49,6272
1284,49,6272
1285,50,6400
1286,48,6144
1287,51,6528
1288,49,6272
1289,49,6272
1290,48,6144
1291,48,6144
1292,49,6272
1293,48,6144
1294,48,6144
1295,49,6272
1296,50,6400
1297,50,6400
1298,50,6400
1299,50,6400
1300,48,6144
1301,48,6144
1302,47,6016
1303,48,6144
1304,47,6016
1305,48,6144
1306,48,6144
1307,51,6528
1308,49,6272
1309,49,6272
1310,49,6272
1311,49,6272
1312,51,6528
1313,51,6528
1314,51,6528
1315,50,6400
1316,50,6400
1317,50,6400
1318,51,6528
1319,50,6400
1320,49,6272
1321,50,6400
1322,50,6400
1323,50,6400
1324,50,6400
1325,52,6656
1326,51,6528
1327,51,6528
1328,50,6400
1329,51,6528
1330,50,6400
1331,51,6528
1332,52,6656
1333,53,6784
1334,51,6528
1335,50,6400
1336,51,6528
1337,50,6400
1338,51,6528
1339,51,6528
1340,50,6400
1341,51,6528
1342,51,6528
1343,51,6528
1344,49,6272
1345,50,6400
1346,49,6272
1347,50,6400
1348,50,6400
1349,51,6528
1350,50,6400
1351,51,6528
1352,50,6400
1353,49,6272
1354,49,6272
1355,49,6272
1356,49,6272
1357,49,6272
1358,49,6272
1359,50,6400
1360,50,6400
1361,49,6272
1362,49,6272
1363,50,6400
1364,49,6272
1365,49,6272
1366,49,6272
1367,49,6272
1368,49,6272
1369,51,6528
1370,51,6528
1371,50,6400
1372,51,6528
1373,51,6528
1374,48,6144
1375,48,6144
1376,48,6144
1377,48,6144
1378,49,6272
1379,49,6272
1380,48,6144
1381,48,6144
1382,50,6400
1383,48,6144
1384,48,6144
1385,48,6144
1386,50,6400
1387,50,6400
1388,48,6144
1389,49,6272
1390,49,6272
1391,49,6272
1392,52,6656
1393,49,6272
1394,50,6400
1395,50,6400
1396,49,6272
1397,48,6144
1398,48,6144
1399,49,6272
1400,49,6272
1401,48,6144
1402,49,6272
1403,50,6400
1404,50,6400
1405,49,6272
1406,49,6272
1407,50,6400
1408,49,6272
1409,50,6400
1410,50,6400
1411,50,6400
1412,51,6528
1413,51,6528
1414,50,6400
1415,51,6528
1416,51,6528
1417,51,6528
1418,51,6528
1419,51,6528
1420,51,6528
1421,50,6400
1422,50,6400
1423,50,6400
1424,52,6656
1425,50,6400
1426,50,6400
1427,50,6400
1428,50,6400
1429,50,6400
1430,49,6272
1431,52,6656
1432,52,6656
1433,53,6784
1434,53,6784
1435,52,6656
1436,52,6656
1437,52,6656
1438,51,6528
1439,50,6400
1440,53,6784
1441,52,6656
1442,52,6656
1443,53,6784
1444,52,6656
1445,52,6656
1446,51,6528
1447,51,6528
1448,50,6400
1449,49,6272
1450,49,6272
1451,49,6272
1452,51,6528
1453,51,6528
1454,50,6400
1455,51,6528
1456,51,6528
1457,51,6528
1458,51,6528
1459,52,6656
1460,51,6528
1461,51,6528
1462,50,6400
1463,50,6400
1464,51,6528
1465,49,6272
1466,50,6400
1467,50,6400
1468,49,6272
1469,49,6272
1470,50,6400
1471,50,6400
1472,49,6272
1473,50,6400
1474,51,6528
1475,50,6400
1476,50,6400
1477,50,6400
1478,52,6656
1479,52,6656
1480,53,6784
1481,51,6528
1482,53,6784
1483,53,6784
1484,52,6656
1485,52,6656
1486,52,6656
1487,54,6912
1488,52,6656
1489,52,6656
1490,51,6528
1491,52,6656
1492,52,6656
1493,52,6656
1494,52,6656
1495,52,6656
1496,52,6656
1497,52,6656
1498,51,6528
1499,51,6528
1500,53,6784
1501,53,6784
1502,52,6656
1503,53,6784
1504,52,6656
1505,52,6656
1506,52,6656
1507,52,6656
1508,52,6656
1509,51,6528
1510,51,6528
1511,51,6528
1512,51,6528
1513,52,6656
1514,51,6528
1515,51,6528
1516,49,6272
1517,51,6528
1518,49,6272
1519,50,6400
1520,50,6400
1521,51,6528
1522,51,6528
1523,50,6400
1524,52,6656
1525,53,6784
1526,54,6912
1527,54,6912
1528,54,6912
1529,53,6784
1530,53,6784
1531,52,6656
1532,51,6528
1533,50,6400
1534,51,6528
1535,50,6400
1536,50,6400
1537,51,6528
1538,52,6656
1539,53,6784
1540,52,6656
1541,50,6400
1542,52,6656
1543,50,6400
1544,50,6400
1545,50,6400
1546,49,6272
1547,49,6272
1548,50,6400
1549,50,6400
1550,51,6528
1551,50,6400
1552,49,6272
1553,48,6144
1554,49,6272
1555,49,6272
1556,49,6272
1557,49,6272
1558,50,6400
1559,51,6528
1560,51,6528
1561,49,6272
1562,50,6400
1563,49,6272
1564,49,6272
1565,49,6272
1566,49,6272
1567,50,6400
1568,49,6272
1569,49,6272
1570,49,6272
1571,49,6272
1572,49,6272
1573,49,6272
1574,50,6400
1575,49,6272
1576,48,6144
1577,50,6400
1578,48,6144
1579,48,6144
1580,49,6272
1581,49,6272
1582,49,6272
1583,48,6144
1584,48,6144
1585,48,6144
1586,49,6272
1587,48,6144
1588,48,6144
1589,51,6528
1590,50,6400
1591,51,6528
1592,50,6400
1593,50,6400
1594,49,6272
1595,50,6400
1596,49,6272
1597,49,6272
1598,49,6272
1599,49,6272
1600,50,6400
1601,50,6400
1602,50,6400
1603,52,6656
1604,52,6656
1605,52,6656
1606,54,6912
1607,53,6784
1608,53,6784
1609,50,6400
1610,51,6528
1611,51,6528
1612,52,6656
1613,52,6656
1614,51,6528
1615,50,6400
1616,50,6400
1617,51,6528
1618,52,6656
1619,52,6656
1620,52,6656
1621,53,6784
1622,53,6784
1623,51,6528
1624,51,6528
1625,51,6528
1626,52,6656
1627,51,6528
1628,52,6656
1629,52,6656
1630,51,6528
1631,51,6528
1632,51,6528
1633,51,6528
1634,50,6400
1635,51,6528
1636,50,6400
1637,49,6272
1638,49,6272
1639,49,6272
1640,50,6400
1641,50,6400
1642,49,6272
1643,49,6272
1644,48,6144
1645,48,6144
1646,48,6144
1647,49,6272
1648,49,6272
1649,49,6272
1650,50,6400
1651,50,6400
1652,50,6400
1653,49,6272
1654,49,6272
1655,48,6144
1656,48,6144
1657,48,6144
1658,48,6144
1659,47,6016
1660,47,6016
1661,46,5888
1662,47,6016
1663,46,5888
1664,47,6016
1665,45,5760
1666,46,5888
1667,46,5888
1668,45,5760
1669,46,5888
1670,46,5888
1671,47,6016
1672,46,5888
1673,46,5888
1674,46,5888
1675,45,5760
1676,46,5888
1677,47,6016
1678,47,6016
1679,46,5888
1680,47,6016
1681,48,6144
1682,46,5888
1683,47,6016
1684,47,6016
1685,46,5888
1686,46,5888
1687,47,6016
1688,47,6016
1689,48,6144
1690,48,6144
1691,48,6144
1692,47,6016
1693,49,6272
1694,49,6272
1695,49,6272
1696,49,6272
1697,48,6144
1698,50,6400
1699,51,6528
1700,50,6400
1701,50,6400
1702,49,6272
1703,48,6144
1704,49,6272
1705,49,6272
1706,49,6272
1707,49,6272
1708,48,6144
1709,50,6400
1710,51,6528
1711,48,6144
1712,48,6144
1713,50,6400
1714,49,6272
1715,48,6144
1716,49,6272
1717,49,6272
1718,48,6144
1719,50,6400
1720,50,6400
1721,50,6400
1722,52,6656
1723,50,6400
1724,51,6528
1725,49,6272
1726,50,6400
1727,51,6528
1728,49,6272
1729,49,6272
1730,49,6272
1731,51,6528
1732,51,6528
1733,51,6528
1734,53,6784
1735,51,6528
1736,51,6528
1737,52,6656
1738,53,6784
1739,52,6656
1740,52,6656
1741,51,6528
1742,50,6400
1743,50,6400
1744,50,6400
1745,51,6528
1746,52,6656
1747,52,6656
1748,53,6784
1749,53,6784
1750,53,6784
1751,53,6784
1752,53,6784
1753,53,6784
1754,52,6656
1755,54,6912
1756,53,6784
1757,51,6528
1758,51,6528
1759,52,6656
1760,53,6784
1761,53,6784
1762,55,7040
1763,53,6784
1764,54,6912
1765,54,6912
1766,54,6912
1767,54,6912
1768,54,6912
1769,54,6912
1770,55,7040
1771,55,7040
1772,54,6912
1773,54,6912
1774,55,7040
1775,56,7168
1776,56,7168
1777,55,7040
1778,55,7040
1779,54,6912
1780,54,6912
1781,54,6912
1782,55,7040
1783,55,7040
1784,53,6784
1785,53,6784
1786,53,6784
1787,53,6784
1788,53,6784
1789,53,6784
1790,53,6784
1791,53,6784
1792,56,7168
1793,54,6912
1794,55,7040
1795,54,6912
1796,53,6784
1797,53,6784
1798,53,6784
1799,53,6784
1800,53,6784
1801,53,6784
1802,53,6784
1803,53,6784
1804,53,6784
1805,54,6912
1806,55,7040
1807,53,6784
1808,54,6912
1809,54,6912
1810,54,6912
1811,52,6656
1812,52,6656
1813,52,6656
1814,53,6784
1815,53,6784
1816,52,6656
1817,52,6656
1818,53,6784
1819,52,6656
1820,53,6784
1821,54,6912
1822,52,6656
1823,52,6656
1824,53,6784
1825,53,6784
1826,52,6656
1827,52,6656
1828,52,6656
1829,50,6400
1830,51,6528
1831,53,6784
1832,53,6784
1833,53,6784
1834,51,6528
1835,51,6528
1836,52,6656
1837,51,6528
1838,51,6528
1839,51,6528
1840,52,6656
1841,53,6784
1842,54,6912
1843,54,6912
1844,53,6784
1845,53,6784
1846,53,6784
1847,54,6912
1848,54,6912
1849,53,6784
1850,54,6912
1851,52,6656
1852,53,6784
1853,54,6912
1854,52,6656
1855,54,6912
1856,54,6912
1857,55,7040
1858,55,7040
1859,55,7040
1860,55,7040
1861,54,6912
1862,54,6912
1863,53,6784
1864,53,6784
1865,53,6784
1866,53,6784
1867,54,6912
1868,53,6784
1869,54,6912
1870,52,6656
1871,53,6784
1872,51,6528
1873,51,6528
1874,51,6528
1875,52,6656
1876,52,6656
1877,52,6656
1878,52,6656
1879,52,6656
1880,52,6656
1881,52,6656
1882,52,6656
1883,52,6656
1884,51,6528
1885,51,6528
1886,52,6656
1887,51,6528
1888,52,6656
1889,51,6528
1890,51,6528
1891,53,6784
1892,54,6912
1893,51,6528
1894,51,6528
1895,51,6528
1896,51,6528
1897,51,6528
1898,50,6400
1899,50,6400
1900,51,6528
1901,51,6528
1902,49,6272
1903,50,6400
1904,50,6400
1905,52,6656
1906,52,6656
1907,49,6272
1908,49,6272
1909,51,6528
1910,53,6784
1911,53,6784
1912,53,6784
1913,52,6656
1914,52,6656
1915,51,6528
1916,51,6528
1917,52,6656
1918,51,6528
1919,51,6528
1920,51,6528
1921,52,6656
1922,53,6784
1923,52,6656
1924,54,6912
1925,54,6912
1926,54,6912
1927,55,7040
1928,55,7040
1929,55,7040
1930,55,7040
1931,55,7040
1932,55,7040
1933,55,7040
1934,55,7040
1935,55,7040
1936,55,7040
1937,53,6784
1938,53,6784
1939,53,6784
1940,55,7040
1941,55,7040
1942,53,6784
1943,52,6656
1944,53,6784
1945,53,6784
1946,52,6656
1947,53,6784
1948,53,6784
1949,53,6784
1950,53,6784
1951,53,6784
1952,53,6784
1953,53,6784
1954,53,6784
1955,54,6912
1956,54,6912
1957,54,6912
1958,55,7040
1959,57,7296
1960,53,6784
1961,53,6784
1962,53,6784
1963,52,6656
1964,54,6912
1965,53,6784
1966,54,6912
1967,53,6784
1968,53,6784
1969,54,6912
1970,54,6912
1971,55,7040
1972,55,7040
1973,56,7168
1974,56,7168
1975,56,7168
1976,55,7040
1977,54,6912
1978,54,6912
1979,54,6912
1980,55,7040
1981,55,7040
1982,54,6912
1983,53,6784
1984,53,6784
1985,53,6784
1986,53,6784
1987,54,6912
1988,54,6912
1989,55,7040
1990,55,7040
1991,55,7040
1992,55,7040
1993,56,7168
1994,56,7168
1995,56,7168
1996,56,7168
1997,57,7296
1998,56,7168
1999,56,7168
2000,56,7168
