RandomSeed,68177,Population size:128,Bit Length:64,Crossover Rate:0.7,Mutation Rate:0.005
gen,BestFitness,FitnessEval
1,17.0,2176
2,17.0,2176
3,33.0,4224
4,41.0,5248
5,41.0,5248
6,41.0,5248
7,41.0,5248
8,41.0,5248
9,41.0,5248
10,41.0,5248
11,41.0,5248
12,41.0,5248
13,41.0,5248
14,41.0,5248
15,41.0,5248
16,41.0,5248
17,49.0,6272
18,41.0,5248
19,41.0,5248
20,49.0,6272
21,41.0,5248
22,41.0,5248
23,41.0,5248
24,41.0,5248
25,41.0,5248
26,41.0,5248
27,41.0,5248
28,41.0,5248
29,41.0,5248
30,41.0,5248
31,41.0,5248
32,41.0,5248
33,41.0,5248
34,41.0,5248
35,41.0,5248
36,41.0,5248
37,41.0,5248
38,41.0,5248
39,41.0,5248
40,41.0,5248
41,41.0,5248
42,41.0,5248
43,41.0,5248
44,41.0,5248
45,41.0,5248
46,41.0,5248
47,41.0,5248
48,41.0,5248
49,41.0,5248
50,41.0,5248
51,41.0,5248
52,41.0,5248
53,41.0,5248
54,41.0,5248
55,41.0,5248
56,41.0,5248
57,41.0,5248
58,41.0,5248
59,41.0,5248
60,49.0,6272
61,49.0,6272
62,41.0,5248
63,41.0,5248
64,41.0,5248
65,41.0,5248
66,41.0,5248
67,41.0,5248
68,41.0,5248
69,41.0,5248
70,41.0,5248
71,41.0,5248
72,41.0,5248
73,41.0,5248
74,41.0,5248
75,41.0,5248
76,41.0,5248
77,41.0,5248
78,41.0,5248
79,41.0,5248
80,41.0,5248
81,41.0,5248
82,41.0,5248
83,41.0,5248
84,41.0,5248
85,41.0,5248
86,49.0,6272
87,49.0,6272
88,49.0,6272
89,49.0,6272
90,49.0,6272
91,49.0,6272
92,49.0,6272
93,49.0,6272
94,49.0,6272
95,41.0,5248
96,41.0,5248
97,49.0,6272
98,41.0,5248
99,41.0,5248
100,41.0,5248
101,41.0,5248
102,41.0,5248
103,41.0,5248
104,41.0,5248
105,41.0,5248
106,41.0,5248
107,41.0,5248
108,41.0,5248
109,41.0,5248
110,41.0,5248
111,41.0,5248
112,41.0,5248
113,41.0,5248
114,49.0,6272
115,49.0,6272
116,49.0,6272
117,49.0,6272
118,49.0,6272
119,49.0,6272
120,49.0,6272
121,41.0,5248
122,41.0,5248
123,41.0,5248
124,41.0,5248
125,41.0,5248
126,41.0,5248
127,41.0,5248
128,41.0,5248
129,41.0,5248
130,41.0,5248
131,41.0,5248
132,41.0,5248
133,41.0,5248
134,41.0,5248
135,41.0,5248
136,41.0,5248
137,41.0,5248
138,41.0,5248
139,41.0,5248
140,41.0,5248
141,41.0,5248
142,41.0,5248
143,41.0,5248
144,41.0,5248
145,41.0,5248
146,41.0,5248
147,41.0,5248
148,41.0,5248
149,41.0,5248
150,41.0,5248
151,41.0,5248
152,41.0,5248
153,41.0,5248
154,41.0,5248
155,41.0,5248
156,41.0,5248
157,41.0,5248
158,41.0,5248
159,41.0,5248
160,41.0,5248
161,41.0,5248
162,41.0,5248
163,41.0,5248
164,41.0,5248
165,41.0,5248
166,41.0,5248
167,41.0,5248
168,41.0,5248
169,41.0,5248
170,41.0,5248
171,41.0,5248
172,41.0,5248
173,41.0,5248
174,41.0,5248
175,41.0,5248
176,41.0,5248
177,41.0,5248
178,41.0,5248
179,41.0,5248
180,41.0,5248
181,41.0,5248
182,41.0,5248
183,41.0,5248
184,41.0,5248
185,41.0,5248
186,41.0,5248
187,41.0,5248
188,41.0,5248
189,41.0,5248
190,41.0,5248
191,41.0,5248
192,41.0,5248
193,41.0,5248
194,41.0,5248
195,41.0,5248
196,41.0,5248
197,41.0,5248
198,41.0,5248
199,41.0,5248
200,41.0,5248
201,41.0,5248
202,41.0,5248
203,41.0,5248
204,41.0,5248
205,41.0,5248
206,41.0,5248
207,41.0,5248
208,41.0,5248
209,41.0,5248
210,41.0,5248
211,41.0,5248
212,41.0,5248
213,41.0,5248
214,41.0,5248
215,41.0,5248
216,41.0,5248
217,41.0,5248
218,41.0,5248
219,41.0,5248
220,41.0,5248
221,41.0,5248
222,41.0,5248
223,41.0,5248
224,41.0,5248
225,41.0,5248
226,41.0,5248
227,41.0,5248
228,41.0,5248
229,41.0,5248
230,41.0,5248
231,41.0,5248
232,41.0,5248
233,41.0,5248
234,41.0,5248
235,41.0,5248
236,41.0,5248
237,41.0,5248
238,41.0,5248
239,41.0,5248
240,41.0,5248
241,41.0,5248
242,41.0,5248
243,41.0,5248
244,41.0,5248
245,41.0,5248
246,41.0,5248
247,41.0,5248
248,41.0,5248
249,41.0,5248
250,41.0,5248
251,41.0,5248
252,41.0,5248
253,41.0,5248
254,41.0,5248
255,41.0,5248
256,41.0,5248
257,41.0,5248
258,41.0,5248
259,41.0,5248
260,41.0,5248
261,41.0,5248
262,41.0,5248
263,41.0,5248
264,41.0,5248
265,41.0,5248
266,41.0,5248
267,41.0,5248
268,41.0,5248
269,41.0,5248
270,41.0,5248
271,41.0,5248
272,41.0,5248
273,41.0,5248
274,41.0,5248
275,41.0,5248
276,41.0,5248
277,41.0,5248
278,41.0,5248
279,41.0,5248
280,41.0,5248
281,41.0,5248
282,41.0,5248
283,41.0,5248
284,41.0,5248
285,41.0,5248
286,41.0,5248
287,41.0,5248
288,41.0,5248
289,41.0,5248
290,41.0,5248
291,41.0,5248
292,41.0,5248
293,41.0,5248
294,41.0,5248
295,41.0,5248
296,41.0,5248
297,41.0,5248
298,41.0,5248
299,41.0,5248
300,41.0,5248
301,41.0,5248
302,41.0,5248
303,41.0,5248
304,41.0,5248
305,41.0,5248
306,41.0,5248
307,41.0,5248
308,41.0,5248
309,41.0,5248
310,41.0,5248
311,41.0,5248
312,41.0,5248
313,41.0,5248
314,41.0,5248
315,41.0,5248
316,41.0,5248
317,41.0,5248
318,41.0,5248
319,41.0,5248
320,41.0,5248
321,41.0,5248
322,41.0,5248
323,41.0,5248
324,41.0,5248
325,41.0,5248
326,41.0,5248
327,41.0,5248
328,41.0,5248
329,41.0,5248
330,41.0,5248
331,41.0,5248
332,41.0,5248
333,41.0,5248
334,41.0,5248
335,41.0,5248
336,41.0,5248
337,41.0,5248
338,41.0,5248
339,41.0,5248
340,41.0,5248
341,41.0,5248
342,41.0,5248
343,41.0,5248
344,41.0,5248
345,41.0,5248
346,41.0,5248
347,41.0,5248
348,41.0,5248
349,41.0,5248
350,41.0,5248
351,41.0,5248
352,41.0,5248
353,41.0,5248
354,41.0,5248
355,41.0,5248
356,41.0,5248
357,41.0,5248
358,41.0,5248
359,41.0,5248
360,41.0,5248
361,41.0,5248
362,41.0,5248
363,41.0,5248
364,41.0,5248
365,41.0,5248
366,41.0,5248
367,41.0,5248
368,41.0,5248
369,41.0,5248
370,41.0,5248
371,41.0,5248
372,41.0,5248
373,41.0,5248
374,41.0,5248
375,41.0,5248
376,41.0,5248
377,41.0,5248
378,41.0,5248
379,41.0,5248
380,41.0,5248
381,41.0,5248
382,41.0,5248
383,41.0,5248
384,41.0,5248
385,41.0,5248
386,41.0,5248
387,41.0,5248
388,41.0,5248
389,41.0,5248
390,41.0,5248
391,41.0,5248
392,41.0,5248
393,41.0,5248
394,41.0,5248
395,41.0,5248
396,41.0,5248
397,41.0,5248
398,41.0,5248
399,41.0,5248
400,41.0,5248
401,41.0,5248
402,41.0,5248
403,41.0,5248
404,41.0,5248
405,41.0,5248
406,41.0,5248
407,41.0,5248
408,41.0,5248
409,41.0,5248
410,41.0,5248
411,41.0,5248
412,41.0,5248
413,41.0,5248
414,41.0,5248
415,41.0,5248
416,41.0,5248
417,41.0,5248
418,41.0,5248
419,41.0,5248
420,41.0,5248
421,41.0,5248
422,41.0,5248
423,41.0,5248
424,41.0,5248
425,41.0,5248
426,41.0,5248
427,41.0,5248
428,41.0,5248
429,41.0,5248
430,41.0,5248
431,41.0,5248
432,41.0,5248
433,41.0,5248
434,41.0,5248
435,41.0,5248
436,41.0,5248
437,41.0,5248
438,41.0,5248
439,41.0,5248
440,41.0,5248
441,41.0,5248
442,41.0,5248
443,41.0,5248
444,41.0,5248
445,41.0,5248
446,41.0,5248
447,41.0,5248
448,41.0,5248
449,41.0,5248
450,41.0,5248
451,41.0,5248
452,41.0,5248
453,41.0,5248
454,41.0,5248
455,41.0,5248
456,41.0,5248
457,41.0,5248
458,41.0,5248
459,41.0,5248
460,41.0,5248
461,41.0,5248
462,41.0,5248
463,41.0,5248
464,41.0,5248
465,41.0,5248
466,41.0,5248
467,41.0,5248
468,41.0,5248
469,41.0,5248
470,41.0,5248
471,41.0,5248
472,41.0,5248
473,41.0,5248
474,41.0,5248
475,41.0,5248
476,41.0,5248
477,41.0,5248
478,41.0,5248
479,41.0,5248
480,41.0,5248
481,41.0,5248
482,41.0,5248
483,41.0,5248
484,41.0,5248
485,41.0,5248
486,41.0,5248
487,41.0,5248
488,41.0,5248
489,41.0,5248
490,41.0,5248
491,41.0,5248
492,41.0,5248
493,41.0,5248
494,41.0,5248
495,41.0,5248
496,49.0,6272
497,41.0,5248
498,41.0,5248
499,41.0,5248
500,41.0,5248
501,41.0,5248
502,41.0,5248
503,41.0,5248
504,41.0,5248
505,41.0,5248
506,41.0,5248
507,41.0,5248
508,49.0,6272
509,41.0,5248
510,41.0,5248
511,49.0,6272
512,49.0,6272
513,41.0,5248
514,41.0,5248
515,41.0,5248
516,41.0,5248
517,41.0,5248
518,41.0,5248
519,41.0,5248
520,41.0,5248
521,41.0,5248
522,41.0,5248
523,41.0,5248
524,41.0,5248
525,49.0,6272
526,41.0,5248
527,41.0,5248
528,41.0,5248
529,41.0,5248
530,49.0,6272
531,41.0,5248
532,41.0,5248
533,41.0,5248
534,41.0,5248
535,41.0,5248
536,41.0,5248
537,41.0,5248
538,41.0,5248
539,41.0,5248
540,41.0,5248
541,41.0,5248
542,41.0,5248
543,41.0,5248
544,41.0,5248
545,41.0,5248
546,41.0,5248
547,41.0,5248
548,41.0,5248
549,41.0,5248
550,41.0,5248
551,41.0,5248
552,41.0,5248
553,41.0,5248
554,41.0,5248
555,41.0,5248
556,41.0,5248
557,41.0,5248
558,41.0,5248
559,41.0,5248
560,41.0,5248
561,41.0,5248
562,41.0,5248
563,41.0,5248
564,41.0,5248
565,41.0,5248
566,41.0,5248
567,41.0,5248
568,41.0,5248
569,41.0,5248
570,41.0,5248
571,41.0,5248
572,41.0,5248
573,41.0,5248
574,41.0,5248
575,41.0,5248
576,41.0,5248
577,41.0,5248
578,41.0,5248
579,41.0,5248
580,41.0,5248
581,41.0,5248
582,41.0,5248
583,41.0,5248
584,41.0,5248
585,41.0,5248
586,41.0,5248
587,41.0,5248
588,41.0,5248
589,41.0,5248
590,41.0,5248
591,41.0,5248
592,41.0,5248
593,49.0,6272
594,41.0,5248
595,41.0,5248
596,41.0,5248
597,41.0,5248
598,41.0,5248
599,41.0,5248
600,41.0,5248
601,41.0,5248
602,41.0,5248
603,41.0,5248
604,41.0,5248
605,41.0,5248
606,41.0,5248
607,41.0,5248
608,49.0,6272
609,41.0,5248
610,49.0,6272
611,41.0,5248
612,41.0,5248
613,41.0,5248
614,41.0,5248
615,41.0,5248
616,41.0,5248
617,41.0,5248
618,41.0,5248
619,41.0,5248
620,41.0,5248
621,41.0,5248
622,41.0,5248
623,41.0,5248
624,41.0,5248
625,41.0,5248
626,41.0,5248
627,49.0,6272
628,49.0,6272
629,49.0,6272
630,49.0,6272
631,49.0,6272
632,41.0,5248
633,41.0,5248
634,41.0,5248
635,41.0,5248
636,41.0,5248
637,41.0,5248
638,41.0,5248
639,41.0,5248
640,41.0,5248
641,41.0,5248
642,41.0,5248
643,41.0,5248
644,41.0,5248
645,41.0,5248
646,41.0,5248
647,41.0,5248
648,41.0,5248
649,41.0,5248
650,41.0,5248
651,41.0,5248
652,41.0,5248
653,41.0,5248
654,41.0,5248
655,41.0,5248
656,41.0,5248
657,41.0,5248
658,41.0,5248
659,41.0,5248
660,41.0,5248
661,41.0,5248
662,41.0,5248
663,41.0,5248
664,41.0,5248
665,41.0,5248
666,41.0,5248
667,41.0,5248
668,41.0,5248
669,41.0,5248
670,41.0,5248
671,41.0,5248
672,41.0,5248
673,41.0,5248
674,41.0,5248
675,41.0,5248
676,41.0,5248
677,41.0,5248
678,41.0,5248
679,49.0,6272
680,41.0,5248
681,41.0,5248
682,41.0,5248
683,41.0,5248
684,41.0,5248
685,41.0,5248
686,41.0,5248
687,41.0,5248
688,41.0,5248
689,41.0,5248
690,65.0,8320
691,65.0,8320
692,65.0,8320
693,65.0,8320
694,65.0,8320
695,65.0,8320
696,65.0,8320
697,65.0,8320
698,65.0,8320
699,65.0,8320
700,65.0,8320
701,65.0,8320
702,65.0,8320
703,65.0,8320
704,65.0,8320
705,65.0,8320
706,65.0,8320
707,65.0,8320
708,65.0,8320
709,65.0,8320
710,65.0,8320
711,65.0,8320
712,65.0,8320
713,65.0,8320
714,65.0,8320
715,65.0,8320
716,65.0,8320
717,65.0,8320
718,65.0,8320
719,65.0,8320
720,65.0,8320
721,65.0,8320
722,65.0,8320
723,65.0,8320
724,65.0,8320
725,65.0,8320
726,65.0,8320
727,65.0,8320
728,65.0,8320
729,65.0,8320
730,65.0,8320
731,65.0,8320
732,65.0,8320
733,65.0,8320
734,65.0,8320
735,65.0,8320
736,65.0,8320
737,65.0,8320
738,65.0,8320
739,65.0,8320
740,65.0,8320
741,65.0,8320
742,65.0,8320
743,65.0,8320
744,65.0,8320
745,65.0,8320
746,65.0,8320
747,65.0,8320
748,65.0,8320
749,65.0,8320
750,65.0,8320
751,65.0,8320
752,65.0,8320
753,65.0,8320
754,65.0,8320
755,65.0,8320
756,65.0,8320
757,65.0,8320
758,65.0,8320
759,65.0,8320
760,65.0,8320
761,65.0,8320
762,65.0,8320
763,65.0,8320
764,65.0,8320
765,65.0,8320
766,65.0,8320
767,65.0,8320
768,65.0,8320
769,65.0,8320
770,65.0,8320
771,65.0,8320
772,65.0,8320
773,65.0,8320
774,65.0,8320
775,65.0,8320
776,65.0,8320
777,65.0,8320
778,65.0,8320
779,65.0,8320
780,65.0,8320
781,65.0,8320
782,65.0,8320
783,65.0,8320
784,65.0,8320
785,65.0,8320
786,65.0,8320
787,65.0,8320
788,65.0,8320
789,65.0,8320
790,65.0,8320
791,65.0,8320
792,65.0,8320
793,65.0,8320
794,65.0,8320
795,65.0,8320
796,65.0,8320
797,65.0,8320
798,65.0,8320
799,65.0,8320
800,65.0,8320
801,65.0,8320
802,65.0,8320
803,65.0,8320
804,65.0,8320
805,65.0,8320
806,65.0,8320
807,65.0,8320
808,65.0,8320
809,65.0,8320
810,65.0,8320
811,65.0,8320
812,65.0,8320
813,65.0,8320
814,65.0,8320
815,65.0,8320
816,65.0,8320
817,65.0,8320
818,65.0,8320
819,65.0,8320
820,65.0,8320
821,65.0,8320
822,65.0,8320
823,65.0,8320
824,65.0,8320
825,65.0,8320
826,65.0,8320
827,65.0,8320
828,65.0,8320
829,65.0,8320
830,65.0,8320
831,65.0,8320
832,65.0,8320
833,65.0,8320
834,65.0,8320
835,65.0,8320
836,65.0,8320
837,65.0,8320
838,65.0,8320
839,65.0,8320
840,65.0,8320
841,65.0,8320
842,65.0,8320
843,65.0,8320
844,65.0,8320
845,65.0,8320
846,65.0,8320
847,65.0,8320
848,65.0,8320
849,65.0,8320
850,65.0,8320
851,65.0,8320
852,65.0,8320
853,65.0,8320
854,65.0,8320
855,73.0,9344
856,73.0,9344
857,73.0,9344
858,65.0,8320
859,65.0,8320
860,65.0,8320
861,65.0,8320
862,65.0,8320
863,65.0,8320
864,65.0,8320
865,65.0,8320
866,65.0,8320
867,65.0,8320
868,65.0,8320
869,65.0,8320
870,65.0,8320
871,65.0,8320
872,65.0,8320
873,65.0,8320
874,65.0,8320
875,65.0,8320
876,65.0,8320
877,65.0,8320
878,65.0,8320
879,65.0,8320
880,65.0,8320
881,65.0,8320
882,65.0,8320
883,65.0,8320
884,65.0,8320
885,65.0,8320
886,65.0,8320
887,65.0,8320
888,65.0,8320
889,65.0,8320
890,65.0,8320
891,65.0,8320
892,65.0,8320
893,65.0,8320
894,65.0,8320
895,65.0,8320
896,65.0,8320
897,65.0,8320
898,65.0,8320
899,65.0,8320
900,65.0,8320
901,65.0,8320
902,65.0,8320
903,65.0,8320
904,65.0,8320
905,65.0,8320
906,65.0,8320
907,65.0,8320
908,65.0,8320
909,65.0,8320
910,65.0,8320
911,65.0,8320
912,65.0,8320
913,65.0,8320
914,73.0,9344
915,73.0,9344
916,73.0,9344
917,73.0,9344
918,73.0,9344
919,73.0,9344
920,73.0,9344
921,65.0,8320
922,65.0,8320
923,65.0,8320
924,65.0,8320
925,65.0,8320
926,65.0,8320
927,65.0,8320
928,65.0,8320
929,65.0,8320
930,65.0,8320
931,65.0,8320
932,65.0,8320
933,65.0,8320
934,65.0,8320
935,65.0,8320
936,65.0,8320
937,65.0,8320
938,65.0,8320
939,65.0,8320
940,65.0,8320
941,65.0,8320
942,65.0,8320
943,65.0,8320
944,65.0,8320
945,65.0,8320
946,65.0,8320
947,65.0,8320
948,65.0,8320
949,65.0,8320
950,65.0,8320
951,65.0,8320
952,65.0,8320
953,65.0,8320
954,65.0,8320
955,65.0,8320
956,65.0,8320
957,65.0,8320
958,65.0,8320
959,65.0,8320
960,65.0,8320
961,65.0,8320
962,65.0,8320
963,73.0,9344
964,73.0,9344
965,65.0,8320
966,65.0,8320
967,65.0,8320
968,73.0,9344
969,73.0,9344
970,65.0,8320
971,65.0,8320
972,65.0,8320
973,65.0,8320
974,65.0,8320
975,65.0,8320
976,65.0,8320
977,65.0,8320
978,65.0,8320
979,65.0,8320
980,65.0,8320
981,73.0,9344
982,73.0,9344
983,73.0,9344
984,73.0,9344
985,65.0,8320
986,65.0,8320
987,65.0,8320
988,65.0,8320
989,65.0,8320
990,65.0,8320
991,65.0,8320
992,65.0,8320
993,65.0,8320
994,65.0,8320
995,65.0,8320
996,65.0,8320
997,65.0,8320
998,65.0,8320
999,65.0,8320
1000,65.0,8320
1001,65.0,8320
1002,65.0,8320
1003,65.0,8320
1004,65.0,8320
1005,65.0,8320
1006,73.0,9344
1007,73.0,9344
1008,73.0,9344
1009,73.0,9344
1010,73.0,9344
1011,73.0,9344
1012,73.0,9344
1013,73.0,9344
1014,73.0,9344
1015,73.0,9344
1016,73.0,9344
1017,73.0,9344
1018,73.0,9344
1019,73.0,9344
1020,73.0,9344
1021,73.0,9344
1022,73.0,9344
1023,73.0,9344
1024,73.0,9344
1025,73.0,9344
1026,73.0,9344
1027,73.0,9344
1028,73.0,9344
1029,73.0,9344
1030,73.0,9344
1031,73.0,9344
1032,73.0,9344
1033,73.0,9344
1034,73.0,9344
1035,73.0,9344
1036,73.0,9344
1037,73.0,9344
1038,73.0,9344
1039,73.0,9344
1040,73.0,9344
1041,73.0,9344
1042,73.0,9344
1043,73.0,9344
1044,73.0,9344
1045,73.0,9344
1046,73.0,9344
1047,73.0,9344
1048,73.0,9344
1049,73.0,9344
1050,73.0,9344
1051,73.0,9344
1052,73.0,9344
1053,73.0,9344
1054,73.0,9344
1055,73.0,9344
1056,73.0,9344
1057,73.0,9344
1058,73.0,9344
1059,73.0,9344
1060,73.0,9344
1061,73.0,9344
1062,73.0,9344
1063,73.0,9344
1064,73.0,9344
1065,73.0,9344
1066,73.0,9344
1067,81.0,10368
1068,73.0,9344
1069,73.0,9344
1070,73.0,9344
1071,73.0,9344
1072,73.0,9344
1073,73.0,9344
1074,73.0,9344
1075,73.0,9344
1076,73.0,9344
1077,73.0,9344
1078,73.0,9344
1079,73.0,9344
1080,73.0,9344
1081,73.0,9344
1082,73.0,9344
1083,73.0,9344
1084,73.0,9344
1085,73.0,9344
1086,73.0,9344
1087,73.0,9344
1088,73.0,9344
1089,73.0,9344
1090,73.0,9344
1091,73.0,9344
1092,73.0,9344
1093,73.0,9344
1094,73.0,9344
1095,73.0,9344
1096,73.0,9344
1097,73.0,9344
1098,73.0,9344
1099,73.0,9344
1100,73.0,9344
1101,73.0,9344
1102,73.0,9344
1103,73.0,9344
1104,73.0,9344
1105,73.0,9344
1106,73.0,9344
1107,73.0,9344
1108,73.0,9344
1109,73.0,9344
1110,73.0,9344
1111,73.0,9344
1112,73.0,9344
1113,73.0,9344
1114,73.0,9344
1115,73.0,9344
1116,73.0,9344
1117,73.0,9344
1118,73.0,9344
1119,73.0,9344
1120,73.0,9344
1121,73.0,9344
1122,73.0,9344
1123,73.0,9344
1124,73.0,9344
1125,73.0,9344
1126,73.0,9344
1127,73.0,9344
1128,73.0,9344
1129,81.0,10368
1130,81.0,10368
1131,81.0,10368
1132,73.0,9344
1133,73.0,9344
1134,73.0,9344
1135,73.0,9344
1136,73.0,9344
1137,73.0,9344
1138,73.0,9344
1139,73.0,9344
1140,73.0,9344
1141,73.0,9344
1142,73.0,9344
1143,73.0,9344
1144,73.0,9344
1145,73.0,9344
1146,73.0,9344
1147,73.0,9344
1148,73.0,9344
1149,73.0,9344
1150,73.0,9344
1151,73.0,9344
1152,73.0,9344
1153,73.0,9344
1154,73.0,9344
1155,73.0,9344
1156,73.0,9344
1157,73.0,9344
1158,73.0,9344
1159,73.0,9344
1160,73.0,9344
1161,73.0,9344
1162,73.0,9344
1163,73.0,9344
1164,73.0,9344
1165,73.0,9344
1166,73.0,9344
1167,73.0,9344
1168,73.0,9344
1169,73.0,9344
1170,73.0,9344
1171,73.0,9344
1172,73.0,9344
1173,73.0,9344
1174,73.0,9344
1175,73.0,9344
1176,73.0,9344
1177,73.0,9344
1178,73.0,9344
1179,73.0,9344
1180,73.0,9344
1181,73.0,9344
1182,73.0,9344
1183,73.0,9344
1184,73.0,9344
1185,73.0,9344
1186,73.0,9344
1187,73.0,9344
1188,73.0,9344
1189,73.0,9344
1190,73.0,9344
1191,73.0,9344
1192,73.0,9344
1193,73.0,9344
1194,73.0,9344
1195,73.0,9344
1196,73.0,9344
1197,73.0,9344
1198,73.0,9344
1199,73.0,9344
1200,73.0,9344
1201,73.0,9344
1202,73.0,9344
1203,73.0,9344
1204,73.0,9344
1205,73.0,9344
1206,73.0,9344
1207,73.0,9344
1208,73.0,9344
1209,73.0,9344
1210,73.0,9344
1211,73.0,9344
1212,73.0,9344
1213,73.0,9344
1214,73.0,9344
1215,73.0,9344
1216,73.0,9344
1217,73.0,9344
1218,73.0,9344
1219,73.0,9344
1220,73.0,9344
1221,73.0,9344
1222,73.0,9344
1223,73.0,9344
1224,73.0,9344
1225,73.0,9344
1226,73.0,9344
1227,73.0,9344
1228,73.0,9344
1229,73.0,9344
1230,73.0,9344
1231,73.0,9344
1232,73.0,9344
1233,73.0,9344
1234,73.0,9344
1235,73.0,9344
1236,73.0,9344
1237,73.0,9344
1238,73.0,9344
1239,73.0,9344
1240,73.0,9344
1241,73.0,9344
1242,73.0,9344
1243,73.0,9344
1244,73.0,9344
1245,73.0,9344
1246,73.0,9344
1247,73.0,9344
1248,73.0,9344
1249,73.0,9344
1250,73.0,9344
1251,73.0,9344
1252,73.0,9344
1253,73.0,9344
1254,73.0,9344
1255,73.0,9344
1256,73.0,9344
1257,73.0,9344
1258,73.0,9344
1259,73.0,9344
1260,73.0,9344
1261,73.0,9344
1262,73.0,9344
1263,73.0,9344
1264,73.0,9344
1265,73.0,9344
1266,73.0,9344
1267,73.0,9344
1268,73.0,9344
1269,73.0,9344
1270,73.0,9344
1271,73.0,9344
1272,73.0,9344
1273,73.0,9344
1274,73.0,9344
1275,73.0,9344
1276,73.0,9344
1277,73.0,9344
1278,73.0,9344
1279,73.0,9344
1280,73.0,9344
1281,73.0,9344
1282,73.0,9344
1283,73.0,9344
1284,81.0,10368
1285,81.0,10368
1286,73.0,9344
1287,73.0,9344
1288,73.0,9344
1289,73.0,9344
1290,73.0,9344
1291,73.0,9344
1292,73.0,9344
1293,73.0,9344
1294,73.0,9344
1295,73.0,9344
1296,73.0,9344
1297,73.0,9344
1298,73.0,9344
1299,73.0,9344
1300,73.0,9344
1301,73.0,9344
1302,73.0,9344
1303,73.0,9344
1304,73.0,9344
1305,73.0,9344
1306,73.0,9344
1307,73.0,9344
1308,73.0,9344
1309,73.0,9344
1310,73.0,9344
1311,81.0,10368
1312,73.0,9344
1313,73.0,9344
1314,81.0,10368
1315,81.0,10368
1316,81.0,10368
1317,73.0,9344
1318,73.0,9344
1319,73.0,9344
1320,73.0,9344
1321,73.0,9344
1322,81.0,10368
1323,73.0,9344
1324,73.0,9344
1325,73.0,9344
1326,73.0,9344
1327,73.0,9344
1328,73.0,9344
1329,73.0,9344
1330,73.0,9344
1331,73.0,9344
1332,73.0,9344
1333,73.0,9344
1334,73.0,9344
1335,73.0,9344
1336,73.0,9344
1337,73.0,9344
1338,73.0,9344
1339,73.0,9344
1340,73.0,9344
1341,73.0,9344
1342,81.0,10368
1343,81.0,10368
1344,81.0,10368
1345,81.0,10368
1346,81.0,10368
1347,81.0,10368
1348,81.0,10368
1349,81.0,10368
1350,81.0,10368
1351,81.0,10368
1352,81.0,10368
1353,81.0,10368
1354,81.0,10368
1355,81.0,10368
1356,81.0,10368
1357,81.0,10368
1358,81.0,10368
1359,81.0,10368
1360,81.0,10368
1361,81.0,10368
1362,81.0,10368
1363,81.0,10368
1364,81.0,10368
1365,81.0,10368
1366,81.0,10368
1367,81.0,10368
1368,81.0,10368
1369,81.0,10368
1370,81.0,10368
1371,81.0,10368
1372,81.0,10368
1373,81.0,10368
1374,81.0,10368
1375,81.0,10368
1376,81.0,10368
1377,81.0,10368
1378,81.0,10368
1379,81.0,10368
1380,81.0,10368
1381,81.0,10368
1382,81.0,10368
1383,81.0,10368
1384,81.0,10368
1385,81.0,10368
1386,81.0,10368
1387,81.0,10368
1388,81.0,10368
1389,81.0,10368
1390,81.0,10368
1391,81.0,10368
1392,81.0,10368
1393,81.0,10368
1394,81.0,10368
1395,81.0,10368
1396,81.0,10368
1397,81.0,10368
1398,81.0,10368
1399,81.0,10368
1400,81.0,10368
1401,81.0,10368
1402,81.0,10368
1403,81.0,10368
1404,81.0,10368
1405,81.0,10368
1406,81.0,10368
1407,81.0,10368
1408,81.0,10368
1409,81.0,10368
1410,81.0,10368
1411,81.0,10368
1412,81.0,10368
1413,81.0,10368
1414,81.0,10368
1415,81.0,10368
1416,81.0,10368
1417,81.0,10368
1418,81.0,10368
1419,81.0,10368
1420,81.0,10368
1421,81.0,10368
1422,81.0,10368
1423,81.0,10368
1424,81.0,10368
1425,81.0,10368
1426,81.0,10368
1427,81.0,10368
1428,81.0,10368
1429,81.0,10368
1430,81.0,10368
1431,81.0,10368
1432,81.0,10368
1433,81.0,10368
1434,81.0,10368
1435,81.0,10368
1436,81.0,10368
1437,81.0,10368
1438,81.0,10368
1439,81.0,10368
1440,81.0,10368
1441,81.0,10368
1442,81.0,10368
1443,81.0,10368
1444,81.0,10368
1445,81.0,10368
1446,81.0,10368
1447,81.0,10368
1448,81.0,10368
1449,81.0,10368
1450,81.0,10368
1451,81.0,10368
1452,81.0,10368
1453,81.0,10368
1454,81.0,10368
1455,81.0,10368
1456,81.0,10368
1457,81.0,10368
1458,81.0,10368
1459,81.0,10368
1460,81.0,10368
1461,81.0,10368
1462,81.0,10368
1463,81.0,10368
1464,81.0,10368
1465,81.0,10368
1466,81.0,10368
1467,105.0,13440
1468,81.0,10368
1469,137.0,17536
1470,81.0,10368
1471,81.0,10368
1472,81.0,10368
1473,81.0,10368
1474,81.0,10368
1475,81.0,10368
1476,81.0,10368
1477,81.0,10368
1478,81.0,10368
1479,81.0,10368
1480,81.0,10368
1481,81.0,10368
1482,81.0,10368
1483,81.0,10368
1484,81.0,10368
1485,81.0,10368
1486,81.0,10368
1487,81.0,10368
1488,81.0,10368
1489,81.0,10368
1490,81.0,10368
1491,81.0,10368
1492,81.0,10368
1493,81.0,10368
1494,81.0,10368
1495,81.0,10368
1496,81.0,10368
1497,81.0,10368
1498,81.0,10368
1499,81.0,10368
1500,81.0,10368
1501,81.0,10368
1502,81.0,10368
1503,81.0,10368
1504,81.0,10368
1505,81.0,10368
1506,81.0,10368
1507,81.0,10368
1508,81.0,10368
1509,81.0,10368
1510,81.0,10368
1511,81.0,10368
1512,81.0,10368
1513,81.0,10368
1514,81.0,10368
1515,81.0,10368
1516,81.0,10368
1517,81.0,10368
1518,81.0,10368
1519,81.0,10368
1520,81.0,10368
1521,81.0,10368
1522,81.0,10368
1523,81.0,10368
1524,81.0,10368
1525,81.0,10368
1526,81.0,10368
1527,81.0,10368
1528,81.0,10368
1529,81.0,10368
1530,81.0,10368
1531,81.0,10368
1532,81.0,10368
1533,81.0,10368
1534,81.0,10368
1535,81.0,10368
1536,81.0,10368
1537,81.0,10368
1538,81.0,10368
1539,81.0,10368
1540,81.0,10368
1541,81.0,10368
1542,81.0,10368
1543,81.0,10368
1544,81.0,10368
1545,81.0,10368
1546,81.0,10368
1547,81.0,10368
1548,81.0,10368
1549,81.0,10368
1550,81.0,10368
1551,81.0,10368
1552,81.0,10368
1553,81.0,10368
1554,81.0,10368
1555,81.0,10368
1556,81.0,10368
1557,81.0,10368
1558,81.0,10368
1559,81.0,10368
1560,81.0,10368
1561,81.0,10368
1562,81.0,10368
1563,81.0,10368
1564,81.0,10368
1565,81.0,10368
1566,81.0,10368
1567,81.0,10368
1568,81.0,10368
1569,81.0,10368
1570,81.0,10368
1571,81.0,10368
1572,81.0,10368
1573,81.0,10368
1574,81.0,10368
1575,81.0,10368
1576,81.0,10368
1577,81.0,10368
1578,81.0,10368
1579,81.0,10368
1580,81.0,10368
1581,81.0,10368
1582,81.0,10368
1583,81.0,10368
1584,81.0,10368
1585,81.0,10368
1586,81.0,10368
1587,81.0,10368
1588,81.0,10368
1589,81.0,10368
1590,81.0,10368
1591,81.0,10368
1592,81.0,10368
1593,81.0,10368
1594,81.0,10368
1595,81.0,10368
1596,81.0,10368
1597,81.0,10368
1598,81.0,10368
1599,81.0,10368
1600,81.0,10368
1601,81.0,10368
1602,81.0,10368
1603,81.0,10368
1604,81.0,10368
1605,81.0,10368
1606,81.0,10368
1607,81.0,10368
1608,81.0,10368
1609,81.0,10368
1610,81.0,10368
1611,81.0,10368
1612,81.0,10368
1613,81.0,10368
1614,81.0,10368
1615,81.0,10368
1616,81.0,10368
1617,81.0,10368
1618,81.0,10368
1619,81.0,10368
1620,81.0,10368
1621,81.0,10368
1622,81.0,10368
1623,81.0,10368
1624,81.0,10368
1625,81.0,10368
1626,81.0,10368
1627,81.0,10368
1628,81.0,10368
1629,81.0,10368
1630,81.0,10368
1631,81.0,10368
1632,81.0,10368
1633,81.0,10368
1634,81.0,10368
1635,81.0,10368
1636,81.0,10368
1637,81.0,10368
1638,81.0,10368
1639,81.0,10368
1640,81.0,10368
1641,81.0,10368
1642,81.0,10368
1643,81.0,10368
1644,81.0,10368
1645,81.0,10368
1646,81.0,10368
1647,81.0,10368
1648,81.0,10368
1649,81.0,10368
1650,81.0,10368
1651,81.0,10368
1652,81.0,10368
1653,81.0,10368
1654,81.0,10368
1655,81.0,10368
1656,81.0,10368
1657,81.0,10368
1658,81.0,10368
1659,81.0,10368
1660,81.0,10368
1661,81.0,10368
1662,81.0,10368
1663,81.0,10368
1664,81.0,10368
1665,81.0,10368
1666,81.0,10368
1667,81.0,10368
1668,81.0,10368
1669,81.0,10368
1670,81.0,10368
1671,81.0,10368
1672,81.0,10368
1673,81.0,10368
1674,81.0,10368
1675,81.0,10368
1676,81.0,10368
1677,81.0,10368
1678,81.0,10368
1679,81.0,10368
1680,81.0,10368
1681,81.0,10368
1682,81.0,10368
1683,81.0,10368
1684,81.0,10368
1685,81.0,10368
1686,81.0,10368
1687,81.0,10368
1688,81.0,10368
1689,81.0,10368
1690,81.0,10368
1691,81.0,10368
1692,81.0,10368
1693,81.0,10368
1694,81.0,10368
1695,81.0,10368
1696,81.0,10368
1697,81.0,10368
1698,81.0,10368
1699,81.0,10368
1700,81.0,10368
1701,81.0,10368
1702,81.0,10368
1703,81.0,10368
1704,81.0,10368
1705,81.0,10368
1706,81.0,10368
1707,81.0,10368
1708,81.0,10368
1709,81.0,10368
1710,81.0,10368
1711,81.0,10368
1712,81.0,10368
1713,129.0,16512
1714,129.0,16512
1715,129.0,16512
1716,137.0,17536
1717,137.0,17536
1718,137.0,17536
1719,137.0,17536
1720,137.0,17536
1721,137.0,17536
1722,137.0,17536
1723,137.0,17536
1724,137.0,17536
1725,137.0,17536
1726,137.0,17536
1727,137.0,17536
1728,137.0,17536
1729,137.0,17536
1730,137.0,17536
1731,137.0,17536
1732,137.0,17536
1733,137.0,17536
1734,137.0,17536
1735,137.0,17536
1736,137.0,17536
1737,137.0,17536
1738,137.0,17536
1739,137.0,17536
1740,137.0,17536
1741,137.0,17536
1742,137.0,17536
1743,137.0,17536
1744,137.0,17536
1745,137.0,17536
1746,137.0,17536
1747,137.0,17536
1748,137.0,17536
1749,137.0,17536
1750,137.0,17536
1751,137.0,17536
1752,137.0,17536
1753,137.0,17536
1754,137.0,17536
1755,137.0,17536
1756,137.0,17536
1757,137.0,17536
1758,137.0,17536
1759,137.0,17536
1760,137.0,17536
1761,137.0,17536
1762,137.0,17536
1763,137.0,17536
1764,137.0,17536
1765,137.0,17536
1766,137.0,17536
1767,137.0,17536
1768,137.0,17536
1769,137.0,17536
1770,137.0,17536
1771,137.0,17536
1772,137.0,17536
1773,137.0,17536
1774,137.0,17536
1775,137.0,17536
1776,137.0,17536
1777,137.0,17536
1778,137.0,17536
1779,137.0,17536
1780,137.0,17536
1781,137.0,17536
1782,137.0,17536
1783,137.0,17536
1784,137.0,17536
1785,137.0,17536
1786,137.0,17536
1787,137.0,17536
1788,137.0,17536
1789,137.0,17536
1790,137.0,17536
1791,137.0,17536
1792,137.0,17536
1793,137.0,17536
1794,137.0,17536
1795,137.0,17536
1796,137.0,17536
1797,137.0,17536
1798,137.0,17536
1799,137.0,17536
1800,137.0,17536
1801,137.0,17536
1802,137.0,17536
1803,137.0,17536
1804,137.0,17536
1805,137.0,17536
1806,137.0,17536
1807,137.0,17536
1808,137.0,17536
1809,137.0,17536
1810,137.0,17536
1811,137.0,17536
1812,137.0,17536
1813,137.0,17536
1814,137.0,17536
1815,137.0,17536
1816,137.0,17536
1817,137.0,17536
1818,137.0,17536
1819,137.0,17536
1820,137.0,17536
1821,137.0,17536
1822,137.0,17536
1823,137.0,17536
1824,137.0,17536
1825,137.0,17536
1826,137.0,17536
1827,137.0,17536
1828,137.0,17536
1829,137.0,17536
1830,137.0,17536
1831,137.0,17536
1832,137.0,17536
1833,137.0,17536
1834,137.0,17536
1835,137.0,17536
1836,137.0,17536
1837,137.0,17536
1838,137.0,17536
1839,137.0,17536
1840,137.0,17536
1841,137.0,17536
1842,137.0,17536
1843,137.0,17536
1844,137.0,17536
1845,137.0,17536
1846,137.0,17536
1847,137.0,17536
1848,137.0,17536
1849,137.0,17536
1850,137.0,17536
1851,137.0,17536
1852,137.0,17536
1853,137.0,17536
1854,137.0,17536
1855,137.0,17536
1856,137.0,17536
1857,137.0,17536
1858,137.0,17536
1859,137.0,17536
1860,137.0,17536
1861,137.0,17536
1862,137.0,17536
1863,137.0,17536
1864,137.0,17536
1865,137.0,17536
1866,137.0,17536
1867,137.0,17536
1868,137.0,17536
1869,137.0,17536
1870,137.0,17536
1871,137.0,17536
1872,137.0,17536
1873,137.0,17536
1874,137.0,17536
1875,137.0,17536
1876,137.0,17536
1877,137.0,17536
1878,137.0,17536
1879,137.0,17536
1880,137.0,17536
1881,137.0,17536
1882,137.0,17536
1883,137.0,17536
1884,137.0,17536
1885,137.0,17536
1886,129.0,16512
1887,129.0,16512
1888,129.0,16512
1889,129.0,16512
1890,129.0,16512
1891,129.0,16512
1892,129.0,16512
1893,129.0,16512
1894,129.0,16512
1895,129.0,16512
1896,129.0,16512
1897,129.0,16512
1898,137.0,17536
1899,129.0,16512
1900,129.0,16512
1901,129.0,16512
1902,129.0,16512
1903,129.0,16512
1904,129.0,16512
1905,129.0,16512
1906,129.0,16512
1907,129.0,16512
1908,137.0,17536
1909,137.0,17536
1910,129.0,16512
1911,129.0,16512
1912,129.0,16512
1913,137.0,17536
1914,129.0,16512
1915,137.0,17536
1916,129.0,16512
1917,137.0,17536
1918,137.0,17536
1919,137.0,17536
1920,137.0,17536
1921,137.0,17536
1922,137.0,17536
1923,137.0,17536
1924,137.0,17536
1925,137.0,17536
1926,137.0,17536
1927,137.0,17536
1928,137.0,17536
1929,137.0,17536
1930,137.0,17536
1931,137.0,17536
1932,137.0,17536
1933,137.0,17536
1934,137.0,17536
1935,137.0,17536
1936,137.0,17536
1937,137.0,17536
1938,137.0,17536
1939,137.0,17536
1940,137.0,17536
1941,137.0,17536
1942,137.0,17536
1943,137.0,17536
1944,137.0,17536
1945,137.0,17536
1946,137.0,17536
1947,137.0,17536
1948,137.0,17536
1949,137.0,17536
1950,137.0,17536
1951,137.0,17536
1952,137.0,17536
1953,137.0,17536
1954,137.0,17536
1955,137.0,17536
1956,137.0,17536
1957,137.0,17536
1958,137.0,17536
1959,137.0,17536
1960,137.0,17536
1961,137.0,17536
1962,137.0,17536
1963,137.0,17536
1964,137.0,17536
1965,137.0,17536
1966,137.0,17536
1967,137.0,17536
1968,137.0,17536
1969,137.0,17536
1970,137.0,17536
1971,137.0,17536
1972,137.0,17536
1973,137.0,17536
1974,137.0,17536
1975,137.0,17536
1976,137.0,17536
1977,137.0,17536
1978,137.0,17536
1979,137.0,17536
1980,137.0,17536
1981,137.0,17536
1982,137.0,17536
1983,137.0,17536
1984,137.0,17536
1985,137.0,17536
1986,137.0,17536
1987,137.0,17536
1988,137.0,17536
1989,137.0,17536
1990,137.0,17536
1991,137.0,17536
1992,137.0,17536
1993,137.0,17536
1994,137.0,17536
1995,137.0,17536
1996,137.0,17536
1997,137.0,17536
1998,137.0,17536
1999,137.0,17536
2000,137.0,17536
