RandomSeed,28333,Population size:128,Bit Length:64,Crossover Rate:0.7,Mutation Rate:0.005
gen,BestFitness,FitnessEval
1,17.0,2176
2,17.0,2176
3,17.0,2176
4,25.0,3200
5,41.0,5248
6,41.0,5248
7,41.0,5248
8,49.0,6272
9,49.0,6272
10,65.0,8320
11,41.0,5248
12,65.0,8320
13,65.0,8320
14,65.0,8320
15,65.0,8320
16,65.0,8320
17,65.0,8320
18,65.0,8320
19,65.0,8320
20,65.0,8320
21,73.0,9344
22,73.0,9344
23,73.0,9344
24,73.0,9344
25,129.0,16512
26,129.0,16512
27,129.0,16512
28,129.0,16512
29,129.0,16512
30,129.0,16512
31,129.0,16512
32,129.0,16512
33,129.0,16512
34,129.0,16512
35,129.0,16512
36,129.0,16512
37,129.0,16512
38,129.0,16512
39,129.0,16512
40,129.0,16512
41,129.0,16512
42,129.0,16512
43,129.0,16512
44,129.0,16512
45,129.0,16512
46,129.0,16512
47,129.0,16512
48,129.0,16512
49,129.0,16512
50,129.0,16512
51,129.0,16512
52,129.0,16512
53,129.0,16512
54,129.0,16512
55,129.0,16512
56,129.0,16512
57,129.0,16512
58,129.0,16512
59,129.0,16512
60,129.0,16512
61,129.0,16512
62,129.0,16512
63,129.0,16512
64,129.0,16512
65,129.0,16512
66,129.0,16512
67,129.0,16512
68,129.0,16512
69,129.0,16512
70,129.0,16512
71,129.0,16512
72,129.0,16512
73,129.0,16512
74,129.0,16512
75,129.0,16512
76,129.0,16512
77,129.0,16512
78,129.0,16512
79,129.0,16512
80,129.0,16512
81,129.0,16512
82,129.0,16512
83,129.0,16512
84,129.0,16512
85,129.0,16512
86,129.0,16512
87,129.0,16512
88,129.0,16512
89,129.0,16512
90,129.0,16512
91,129.0,16512
92,129.0,16512
93,129.0,16512
94,129.0,16512
95,129.0,16512
96,129.0,16512
97,129.0,16512
98,129.0,16512
99,129.0,16512
100,129.0,16512
101,129.0,16512
102,129.0,16512
103,129.0,16512
104,129.0,16512
105,129.0,16512
106,129.0,16512
107,129.0,16512
108,129.0,16512
109,129.0,16512
110,129.0,16512
111,129.0,16512
112,129.0,16512
113,129.0,16512
114,129.0,16512
115,129.0,16512
116,129.0,16512
117,129.0,16512
118,129.0,16512
119,129.0,16512
120,129.0,16512
121,129.0,16512
122,129.0,16512
123,129.0,16512
124,129.0,16512
125,129.0,16512
126,129.0,16512
127,129.0,16512
128,129.0,16512
129,129.0,16512
130,129.0,16512
131,129.0,16512
132,129.0,16512
133,129.0,16512
134,129.0,16512
135,129.0,16512
136,129.0,16512
137,129.0,16512
138,129.0,16512
139,129.0,16512
140,129.0,16512
141,129.0,16512
142,129.0,16512
143,129.0,16512
144,129.0,16512
145,129.0,16512
146,129.0,16512
147,129.0,16512
148,129.0,16512
149,129.0,16512
150,129.0,16512
151,129.0,16512
152,129.0,16512
153,129.0,16512
154,129.0,16512
155,129.0,16512
156,129.0,16512
157,129.0,16512
158,129.0,16512
159,129.0,16512
160,129.0,16512
161,129.0,16512
162,129.0,16512
163,129.0,16512
164,129.0,16512
165,129.0,16512
166,129.0,16512
167,129.0,16512
168,129.0,16512
169,129.0,16512
170,129.0,16512
171,129.0,16512
172,129.0,16512
173,129.0,16512
174,129.0,16512
175,129.0,16512
176,129.0,16512
177,129.0,16512
178,129.0,16512
179,129.0,16512
180,129.0,16512
181,129.0,16512
182,129.0,16512
183,129.0,16512
184,129.0,16512
185,129.0,16512
186,129.0,16512
187,129.0,16512
188,129.0,16512
189,129.0,16512
190,129.0,16512
191,129.0,16512
192,129.0,16512
193,129.0,16512
194,129.0,16512
195,129.0,16512
196,129.0,16512
197,129.0,16512
198,129.0,16512
199,129.0,16512
200,129.0,16512
201,129.0,16512
202,129.0,16512
203,129.0,16512
204,129.0,16512
205,129.0,16512
206,129.0,16512
207,129.0,16512
208,129.0,16512
209,129.0,16512
210,129.0,16512
211,129.0,16512
212,129.0,16512
213,129.0,16512
214,129.0,16512
215,137.0,17536
216,129.0,16512
217,129.0,16512
218,129.0,16512
219,129.0,16512
220,129.0,16512
221,129.0,16512
222,129.0,16512
223,129.0,16512
224,129.0,16512
225,129.0,16512
226,129.0,16512
227,129.0,16512
228,129.0,16512
229,129.0,16512
230,129.0,16512
231,129.0,16512
232,129.0,16512
233,129.0,16512
234,137.0,17536
235,129.0,16512
236,129.0,16512
237,129.0,16512
238,129.0,16512
239,129.0,16512
240,129.0,16512
241,129.0,16512
242,129.0,16512
243,129.0,16512
244,129.0,16512
245,129.0,16512
246,129.0,16512
247,129.0,16512
248,129.0,16512
249,129.0,16512
250,129.0,16512
251,129.0,16512
252,129.0,16512
253,129.0,16512
254,129.0,16512
255,129.0,16512
256,129.0,16512
257,129.0,16512
258,129.0,16512
259,129.0,16512
260,129.0,16512
261,129.0,16512
262,129.0,16512
263,129.0,16512
264,137.0,17536
265,129.0,16512
266,129.0,16512
267,129.0,16512
268,129.0,16512
269,129.0,16512
270,129.0,16512
271,129.0,16512
272,129.0,16512
273,129.0,16512
274,129.0,16512
275,129.0,16512
276,129.0,16512
277,129.0,16512
278,129.0,16512
279,129.0,16512
280,137.0,17536
281,129.0,16512
282,129.0,16512
283,129.0,16512
284,129.0,16512
285,129.0,16512
286,129.0,16512
287,129.0,16512
288,129.0,16512
289,129.0,16512
290,129.0,16512
291,129.0,16512
292,129.0,16512
293,129.0,16512
294,129.0,16512
295,129.0,16512
296,129.0,16512
297,129.0,16512
298,137.0,17536
299,129.0,16512
300,129.0,16512
301,129.0,16512
302,129.0,16512
303,129.0,16512
304,129.0,16512
305,129.0,16512
306,129.0,16512
307,129.0,16512
308,129.0,16512
309,129.0,16512
310,129.0,16512
311,129.0,16512
312,129.0,16512
313,129.0,16512
314,129.0,16512
315,129.0,16512
316,129.0,16512
317,137.0,17536
318,137.0,17536
319,137.0,17536
320,137.0,17536
321,137.0,17536
322,137.0,17536
323,137.0,17536
324,137.0,17536
325,137.0,17536
326,129.0,16512
327,129.0,16512
328,129.0,16512
329,129.0,16512
330,129.0,16512
331,129.0,16512
332,129.0,16512
333,129.0,16512
334,129.0,16512
335,129.0,16512
336,129.0,16512
337,129.0,16512
338,129.0,16512
339,129.0,16512
340,129.0,16512
341,129.0,16512
342,129.0,16512
343,129.0,16512
344,129.0,16512
345,129.0,16512
346,129.0,16512
347,129.0,16512
348,129.0,16512
349,129.0,16512
350,129.0,16512
351,129.0,16512
352,129.0,16512
353,129.0,16512
354,129.0,16512
355,129.0,16512
356,129.0,16512
357,129.0,16512
358,129.0,16512
359,129.0,16512
360,129.0,16512
361,129.0,16512
362,129.0,16512
363,129.0,16512
364,129.0,16512
365,129.0,16512
366,129.0,16512
367,129.0,16512
368,129.0,16512
369,129.0,16512
370,129.0,16512
371,129.0,16512
372,129.0,16512
373,129.0,16512
374,129.0,16512
375,129.0,16512
376,129.0,16512
377,129.0,16512
378,129.0,16512
379,129.0,16512
380,129.0,16512
381,129.0,16512
382,129.0,16512
383,129.0,16512
384,129.0,16512
385,129.0,16512
386,129.0,16512
387,129.0,16512
388,129.0,16512
389,129.0,16512
390,129.0,16512
391,129.0,16512
392,129.0,16512
393,129.0,16512
394,129.0,16512
395,129.0,16512
396,129.0,16512
397,129.0,16512
398,129.0,16512
399,129.0,16512
400,129.0,16512
401,129.0,16512
402,129.0,16512
403,129.0,16512
404,129.0,16512
405,129.0,16512
406,129.0,16512
407,129.0,16512
408,129.0,16512
409,129.0,16512
410,129.0,16512
411,129.0,16512
412,129.0,16512
413,129.0,16512
414,129.0,16512
415,129.0,16512
416,129.0,16512
417,129.0,16512
418,129.0,16512
419,129.0,16512
420,129.0,16512
421,129.0,16512
422,129.0,16512
423,129.0,16512
424,129.0,16512
425,129.0,16512
426,129.0,16512
427,129.0,16512
428,129.0,16512
429,129.0,16512
430,129.0,16512
431,129.0,16512
432,129.0,16512
433,129.0,16512
434,129.0,16512
435,129.0,16512
436,129.0,16512
437,129.0,16512
438,129.0,16512
439,129.0,16512
440,129.0,16512
441,129.0,16512
442,129.0,16512
443,129.0,16512
444,129.0,16512
445,129.0,16512
446,129.0,16512
447,129.0,16512
448,129.0,16512
449,129.0,16512
450,129.0,16512
451,129.0,16512
452,129.0,16512
453,129.0,16512
454,129.0,16512
455,129.0,16512
456,129.0,16512
457,129.0,16512
458,129.0,16512
459,129.0,16512
460,129.0,16512
461,129.0,16512
462,129.0,16512
463,129.0,16512
464,129.0,16512
465,129.0,16512
466,129.0,16512
467,129.0,16512
468,129.0,16512
469,129.0,16512
470,129.0,16512
471,129.0,16512
472,129.0,16512
473,129.0,16512
474,129.0,16512
475,129.0,16512
476,129.0,16512
477,129.0,16512
478,129.0,16512
479,129.0,16512
480,129.0,16512
481,129.0,16512
482,129.0,16512
483,129.0,16512
484,129.0,16512
485,129.0,16512
486,129.0,16512
487,129.0,16512
488,129.0,16512
489,129.0,16512
490,129.0,16512
491,129.0,16512
492,129.0,16512
493,129.0,16512
494,129.0,16512
495,129.0,16512
496,129.0,16512
497,129.0,16512
498,129.0,16512
499,129.0,16512
500,129.0,16512
501,129.0,16512
502,129.0,16512
503,129.0,16512
504,129.0,16512
505,129.0,16512
506,129.0,16512
507,129.0,16512
508,129.0,16512
509,129.0,16512
510,129.0,16512
511,129.0,16512
512,129.0,16512
513,129.0,16512
514,129.0,16512
515,129.0,16512
516,129.0,16512
517,129.0,16512
518,129.0,16512
519,129.0,16512
520,129.0,16512
521,129.0,16512
522,129.0,16512
523,129.0,16512
524,129.0,16512
525,129.0,16512
526,129.0,16512
527,129.0,16512
528,129.0,16512
529,129.0,16512
530,129.0,16512
531,129.0,16512
532,129.0,16512
533,129.0,16512
534,129.0,16512
535,129.0,16512
536,129.0,16512
537,129.0,16512
538,129.0,16512
539,129.0,16512
540,129.0,16512
541,129.0,16512
542,129.0,16512
543,129.0,16512
544,129.0,16512
545,129.0,16512
546,129.0,16512
547,129.0,16512
548,129.0,16512
549,129.0,16512
550,129.0,16512
551,129.0,16512
552,129.0,16512
553,129.0,16512
554,129.0,16512
555,129.0,16512
556,129.0,16512
557,129.0,16512
558,129.0,16512
559,129.0,16512
560,129.0,16512
561,129.0,16512
562,129.0,16512
563,129.0,16512
564,129.0,16512
565,129.0,16512
566,129.0,16512
567,129.0,16512
568,129.0,16512
569,129.0,16512
570,129.0,16512
571,129.0,16512
572,129.0,16512
573,129.0,16512
574,129.0,16512
575,129.0,16512
576,129.0,16512
577,129.0,16512
578,129.0,16512
579,129.0,16512
580,129.0,16512
581,129.0,16512
582,129.0,16512
583,129.0,16512
584,129.0,16512
585,129.0,16512
586,129.0,16512
587,129.0,16512
588,129.0,16512
589,129.0,16512
590,129.0,16512
591,129.0,16512
592,129.0,16512
593,129.0,16512
594,129.0,16512
595,129.0,16512
596,129.0,16512
597,129.0,16512
598,129.0,16512
599,129.0,16512
600,129.0,16512
601,129.0,16512
602,129.0,16512
603,129.0,16512
604,129.0,16512
605,129.0,16512
606,129.0,16512
607,129.0,16512
608,129.0,16512
609,129.0,16512
610,129.0,16512
611,129.0,16512
612,129.0,16512
613,129.0,16512
614,129.0,16512
615,129.0,16512
616,129.0,16512
617,129.0,16512
618,129.0,16512
619,129.0,16512
620,129.0,16512
621,129.0,16512
622,129.0,16512
623,129.0,16512
624,129.0,16512
625,129.0,16512
626,129.0,16512
627,129.0,16512
628,129.0,16512
629,129.0,16512
630,129.0,16512
631,129.0,16512
632,129.0,16512
633,129.0,16512
634,129.0,16512
635,129.0,16512
636,129.0,16512
637,129.0,16512
638,129.0,16512
639,129.0,16512
640,129.0,16512
641,129.0,16512
642,129.0,16512
643,129.0,16512
644,129.0,16512
645,129.0,16512
646,129.0,16512
647,129.0,16512
648,129.0,16512
649,129.0,16512
650,129.0,16512
651,129.0,16512
652,129.0,16512
653,129.0,16512
654,129.0,16512
655,129.0,16512
656,129.0,16512
657,129.0,16512
658,129.0,16512
659,129.0,16512
660,129.0,16512
661,129.0,16512
662,129.0,16512
663,129.0,16512
664,129.0,16512
665,129.0,16512
666,129.0,16512
667,129.0,16512
668,129.0,16512
669,129.0,16512
670,129.0,16512
671,129.0,16512
672,129.0,16512
673,129.0,16512
674,129.0,16512
675,129.0,16512
676,129.0,16512
677,129.0,16512
678,129.0,16512
679,129.0,16512
680,129.0,16512
681,129.0,16512
682,129.0,16512
683,129.0,16512
684,129.0,16512
685,129.0,16512
686,129.0,16512
687,129.0,16512
688,129.0,16512
689,129.0,16512
690,129.0,16512
691,129.0,16512
692,129.0,16512
693,129.0,16512
694,129.0,16512
695,129.0,16512
696,129.0,16512
697,129.0,16512
698,129.0,16512
699,129.0,16512
700,129.0,16512
701,129.0,16512
702,129.0,16512
703,129.0,16512
704,129.0,16512
705,129.0,16512
706,129.0,16512
707,129.0,16512
708,129.0,16512
709,129.0,16512
710,129.0,16512
711,129.0,16512
712,129.0,16512
713,129.0,16512
714,129.0,16512
715,129.0,16512
716,129.0,16512
717,129.0,16512
718,129.0,16512
719,129.0,16512
720,129.0,16512
721,129.0,16512
722,129.0,16512
723,129.0,16512
724,129.0,16512
725,129.0,16512
726,129.0,16512
727,129.0,16512
728,129.0,16512
729,129.0,16512
730,129.0,16512
731,129.0,16512
732,129.0,16512
733,129.0,16512
734,129.0,16512
735,129.0,16512
736,129.0,16512
737,129.0,16512
738,129.0,16512
739,129.0,16512
740,129.0,16512
741,129.0,16512
742,129.0,16512
743,129.0,16512
744,129.0,16512
745,129.0,16512
746,129.0,16512
747,129.0,16512
748,129.0,16512
749,129.0,16512
750,129.0,16512
751,129.0,16512
752,129.0,16512
753,129.0,16512
754,129.0,16512
755,129.0,16512
756,129.0,16512
757,129.0,16512
758,129.0,16512
759,129.0,16512
760,129.0,16512
761,129.0,16512
762,129.0,16512
763,129.0,16512
764,129.0,16512
765,129.0,16512
766,129.0,16512
767,129.0,16512
768,129.0,16512
769,129.0,16512
770,129.0,16512
771,129.0,16512
772,129.0,16512
773,129.0,16512
774,129.0,16512
775,129.0,16512
776,129.0,16512
777,129.0,16512
778,129.0,16512
779,129.0,16512
780,129.0,16512
781,129.0,16512
782,129.0,16512
783,129.0,16512
784,129.0,16512
785,129.0,16512
786,129.0,16512
787,129.0,16512
788,129.0,16512
789,129.0,16512
790,129.0,16512
791,129.0,16512
792,129.0,16512
793,129.0,16512
794,129.0,16512
795,129.0,16512
796,129.0,16512
797,129.0,16512
798,129.0,16512
799,129.0,16512
800,129.0,16512
801,129.0,16512
802,129.0,16512
803,129.0,16512
804,129.0,16512
805,129.0,16512
806,129.0,16512
807,129.0,16512
808,129.0,16512
809,129.0,16512
810,129.0,16512
811,129.0,16512
812,129.0,16512
813,129.0,16512
814,129.0,16512
815,129.0,16512
816,129.0,16512
817,129.0,16512
818,129.0,16512
819,129.0,16512
820,129.0,16512
821,129.0,16512
822,129.0,16512
823,129.0,16512
824,129.0,16512
825,129.0,16512
826,129.0,16512
827,129.0,16512
828,129.0,16512
829,129.0,16512
830,129.0,16512
831,129.0,16512
832,129.0,16512
833,129.0,16512
834,129.0,16512
835,129.0,16512
836,129.0,16512
837,129.0,16512
838,129.0,16512
839,129.0,16512
840,129.0,16512
841,129.0,16512
842,129.0,16512
843,129.0,16512
844,129.0,16512
845,129.0,16512
846,129.0,16512
847,129.0,16512
848,129.0,16512
849,129.0,16512
850,129.0,16512
851,129.0,16512
852,129.0,16512
853,129.0,16512
854,137.0,17536
855,137.0,17536
856,137.0,17536
857,137.0,17536
858,137.0,17536
859,137.0,17536
860,137.0,17536
861,137.0,17536
862,137.0,17536
863,137.0,17536
864,129.0,16512
865,129.0,16512
866,129.0,16512
867,129.0,16512
868,129.0,16512
869,129.0,16512
870,129.0,16512
871,137.0,17536
872,129.0,16512
873,129.0,16512
874,129.0,16512
875,129.0,16512
876,129.0,16512
877,129.0,16512
878,129.0,16512
879,129.0,16512
880,129.0,16512
881,129.0,16512
882,129.0,16512
883,129.0,16512
884,129.0,16512
885,129.0,16512
886,129.0,16512
887,129.0,16512
888,129.0,16512
889,129.0,16512
890,129.0,16512
891,129.0,16512
892,129.0,16512
893,129.0,16512
894,129.0,16512
895,129.0,16512
896,129.0,16512
897,129.0,16512
898,129.0,16512
899,129.0,16512
900,129.0,16512
901,129.0,16512
902,129.0,16512
903,129.0,16512
904,129.0,16512
905,129.0,16512
906,129.0,16512
907,129.0,16512
908,129.0,16512
909,129.0,16512
910,129.0,16512
911,129.0,16512
912,129.0,16512
913,129.0,16512
914,129.0,16512
915,129.0,16512
916,129.0,16512
917,129.0,16512
918,129.0,16512
919,129.0,16512
920,129.0,16512
921,129.0,16512
922,129.0,16512
923,129.0,16512
924,129.0,16512
925,129.0,16512
926,129.0,16512
927,129.0,16512
928,129.0,16512
929,129.0,16512
930,137.0,17536
931,137.0,17536
932,129.0,16512
933,129.0,16512
934,129.0,16512
935,129.0,16512
936,129.0,16512
937,129.0,16512
938,129.0,16512
939,129.0,16512
940,129.0,16512
941,129.0,16512
942,129.0,16512
943,129.0,16512
944,129.0,16512
945,129.0,16512
946,129.0,16512
947,129.0,16512
948,129.0,16512
949,129.0,16512
950,129.0,16512
951,129.0,16512
952,129.0,16512
953,129.0,16512
954,129.0,16512
955,129.0,16512
956,129.0,16512
957,129.0,16512
958,129.0,16512
959,129.0,16512
960,129.0,16512
961,129.0,16512
962,129.0,16512
963,129.0,16512
964,129.0,16512
965,129.0,16512
966,129.0,16512
967,129.0,16512
968,129.0,16512
969,129.0,16512
970,129.0,16512
971,129.0,16512
972,129.0,16512
973,129.0,16512
974,129.0,16512
975,129.0,16512
976,129.0,16512
977,129.0,16512
978,129.0,16512
979,129.0,16512
980,129.0,16512
981,129.0,16512
982,129.0,16512
983,129.0,16512
984,129.0,16512
985,129.0,16512
986,129.0,16512
987,129.0,16512
988,129.0,16512
989,129.0,16512
990,129.0,16512
991,129.0,16512
992,129.0,16512
993,129.0,16512
994,129.0,16512
995,129.0,16512
996,129.0,16512
997,129.0,16512
998,129.0,16512
999,129.0,16512
1000,129.0,16512
1001,129.0,16512
1002,129.0,16512
1003,129.0,16512
1004,129.0,16512
1005,129.0,16512
1006,129.0,16512
1007,129.0,16512
1008,129.0,16512
1009,129.0,16512
1010,129.0,16512
1011,129.0,16512
1012,129.0,16512
1013,129.0,16512
1014,129.0,16512
1015,129.0,16512
1016,129.0,16512
1017,129.0,16512
1018,129.0,16512
1019,129.0,16512
1020,129.0,16512
1021,129.0,16512
1022,129.0,16512
1023,129.0,16512
1024,129.0,16512
1025,129.0,16512
1026,129.0,16512
1027,129.0,16512
1028,129.0,16512
1029,129.0,16512
1030,129.0,16512
1031,129.0,16512
1032,129.0,16512
1033,129.0,16512
1034,129.0,16512
1035,129.0,16512
1036,129.0,16512
1037,129.0,16512
1038,129.0,16512
1039,129.0,16512
1040,129.0,16512
1041,129.0,16512
1042,129.0,16512
1043,129.0,16512
1044,129.0,16512
1045,129.0,16512
1046,129.0,16512
1047,129.0,16512
1048,129.0,16512
1049,129.0,16512
1050,129.0,16512
1051,129.0,16512
1052,129.0,16512
1053,129.0,16512
1054,129.0,16512
1055,129.0,16512
1056,129.0,16512
1057,129.0,16512
1058,129.0,16512
1059,129.0,16512
1060,129.0,16512
1061,129.0,16512
1062,129.0,16512
1063,129.0,16512
1064,129.0,16512
1065,129.0,16512
1066,129.0,16512
1067,129.0,16512
1068,129.0,16512
1069,129.0,16512
1070,129.0,16512
1071,129.0,16512
1072,129.0,16512
1073,129.0,16512
1074,129.0,16512
1075,129.0,16512
1076,129.0,16512
1077,129.0,16512
1078,129.0,16512
1079,129.0,16512
1080,129.0,16512
1081,129.0,16512
1082,129.0,16512
1083,129.0,16512
1084,129.0,16512
1085,129.0,16512
1086,129.0,16512
1087,129.0,16512
1088,129.0,16512
1089,129.0,16512
1090,129.0,16512
1091,129.0,16512
1092,129.0,16512
1093,129.0,16512
1094,129.0,16512
1095,129.0,16512
1096,129.0,16512
1097,129.0,16512
1098,129.0,16512
1099,129.0,16512
1100,129.0,16512
1101,129.0,16512
1102,129.0,16512
1103,129.0,16512
1104,129.0,16512
1105,129.0,16512
1106,129.0,16512
1107,129.0,16512
1108,129.0,16512
1109,129.0,16512
1110,129.0,16512
1111,129.0,16512
1112,129.0,16512
1113,129.0,16512
1114,129.0,16512
1115,129.0,16512
1116,129.0,16512
1117,129.0,16512
1118,129.0,16512
1119,129.0,16512
1120,129.0,16512
1121,129.0,16512
1122,129.0,16512
1123,129.0,16512
1124,129.0,16512
1125,129.0,16512
1126,129.0,16512
1127,129.0,16512
1128,129.0,16512
1129,129.0,16512
1130,129.0,16512
1131,129.0,16512
1132,129.0,16512
1133,129.0,16512
1134,129.0,16512
1135,129.0,16512
1136,129.0,16512
1137,129.0,16512
1138,129.0,16512
1139,129.0,16512
1140,129.0,16512
1141,129.0,16512
1142,129.0,16512
1143,129.0,16512
1144,129.0,16512
1145,129.0,16512
1146,129.0,16512
1147,129.0,16512
1148,129.0,16512
1149,129.0,16512
1150,129.0,16512
1151,129.0,16512
1152,129.0,16512
1153,129.0,16512
1154,129.0,16512
1155,129.0,16512
1156,129.0,16512
1157,129.0,16512
1158,129.0,16512
1159,129.0,16512
1160,129.0,16512
1161,129.0,16512
1162,129.0,16512
1163,129.0,16512
1164,129.0,16512
1165,129.0,16512
1166,129.0,16512
1167,129.0,16512
1168,129.0,16512
1169,129.0,16512
1170,129.0,16512
1171,129.0,16512
1172,129.0,16512
1173,129.0,16512
1174,129.0,16512
1175,129.0,16512
1176,129.0,16512
1177,129.0,16512
1178,129.0,16512
1179,129.0,16512
1180,129.0,16512
1181,129.0,16512
1182,129.0,16512
1183,129.0,16512
1184,129.0,16512
1185,129.0,16512
1186,129.0,16512
1187,129.0,16512
1188,129.0,16512
1189,129.0,16512
1190,129.0,16512
1191,129.0,16512
1192,129.0,16512
1193,129.0,16512
1194,129.0,16512
1195,129.0,16512
1196,129.0,16512
1197,129.0,16512
1198,129.0,16512
1199,129.0,16512
1200,129.0,16512
1201,129.0,16512
1202,129.0,16512
1203,129.0,16512
1204,129.0,16512
1205,129.0,16512
1206,129.0,16512
1207,129.0,16512
1208,129.0,16512
1209,129.0,16512
1210,129.0,16512
1211,129.0,16512
1212,129.0,16512
1213,129.0,16512
1214,129.0,16512
1215,129.0,16512
1216,129.0,16512
1217,129.0,16512
1218,129.0,16512
1219,129.0,16512
1220,129.0,16512
1221,129.0,16512
1222,129.0,16512
1223,129.0,16512
1224,129.0,16512
1225,129.0,16512
1226,129.0,16512
1227,129.0,16512
1228,129.0,16512
1229,129.0,16512
1230,129.0,16512
1231,129.0,16512
1232,129.0,16512
1233,129.0,16512
1234,129.0,16512
1235,129.0,16512
1236,129.0,16512
1237,129.0,16512
1238,129.0,16512
1239,129.0,16512
1240,129.0,16512
1241,129.0,16512
1242,129.0,16512
1243,129.0,16512
1244,129.0,16512
1245,129.0,16512
1246,129.0,16512
1247,129.0,16512
1248,129.0,16512
1249,129.0,16512
1250,129.0,16512
1251,129.0,16512
1252,129.0,16512
1253,129.0,16512
1254,129.0,16512
1255,129.0,16512
1256,129.0,16512
1257,129.0,16512
1258,129.0,16512
1259,129.0,16512
1260,129.0,16512
1261,129.0,16512
1262,129.0,16512
1263,129.0,16512
1264,129.0,16512
1265,129.0,16512
1266,129.0,16512
1267,129.0,16512
1268,129.0,16512
1269,129.0,16512
1270,129.0,16512
1271,129.0,16512
1272,129.0,16512
1273,129.0,16512
1274,129.0,16512
1275,129.0,16512
1276,129.0,16512
1277,129.0,16512
1278,129.0,16512
1279,129.0,16512
1280,129.0,16512
1281,129.0,16512
1282,129.0,16512
1283,129.0,16512
1284,129.0,16512
1285,129.0,16512
1286,129.0,16512
1287,129.0,16512
1288,129.0,16512
1289,129.0,16512
1290,129.0,16512
1291,129.0,16512
1292,129.0,16512
1293,129.0,16512
1294,129.0,16512
1295,129.0,16512
1296,129.0,16512
1297,129.0,16512
1298,129.0,16512
1299,129.0,16512
1300,129.0,16512
1301,129.0,16512
1302,129.0,16512
1303,129.0,16512
1304,129.0,16512
1305,129.0,16512
1306,129.0,16512
1307,129.0,16512
1308,129.0,16512
1309,129.0,16512
1310,129.0,16512
1311,129.0,16512
1312,129.0,16512
1313,129.0,16512
1314,129.0,16512
1315,129.0,16512
1316,129.0,16512
1317,129.0,16512
1318,129.0,16512
1319,129.0,16512
1320,129.0,16512
1321,129.0,16512
1322,129.0,16512
1323,129.0,16512
1324,129.0,16512
1325,129.0,16512
1326,129.0,16512
1327,129.0,16512
1328,129.0,16512
1329,129.0,16512
1330,129.0,16512
1331,129.0,16512
1332,129.0,16512
1333,129.0,16512
1334,129.0,16512
1335,129.0,16512
1336,129.0,16512
1337,129.0,16512
1338,129.0,16512
1339,129.0,16512
1340,129.0,16512
1341,129.0,16512
1342,129.0,16512
1343,129.0,16512
1344,129.0,16512
1345,129.0,16512
1346,129.0,16512
1347,129.0,16512
1348,129.0,16512
1349,129.0,16512
1350,129.0,16512
1351,129.0,16512
1352,129.0,16512
1353,129.0,16512
1354,129.0,16512
1355,129.0,16512
1356,129.0,16512
1357,129.0,16512
1358,129.0,16512
1359,129.0,16512
1360,129.0,16512
1361,129.0,16512
1362,129.0,16512
1363,129.0,16512
1364,129.0,16512
1365,129.0,16512
1366,129.0,16512
1367,129.0,16512
1368,129.0,16512
1369,129.0,16512
1370,129.0,16512
1371,129.0,16512
1372,129.0,16512
1373,129.0,16512
1374,129.0,16512
1375,129.0,16512
1376,129.0,16512
1377,129.0,16512
1378,129.0,16512
1379,129.0,16512
1380,129.0,16512
1381,129.0,16512
1382,129.0,16512
1383,129.0,16512
1384,129.0,16512
1385,129.0,16512
1386,129.0,16512
1387,129.0,16512
1388,129.0,16512
1389,129.0,16512
1390,129.0,16512
1391,129.0,16512
1392,129.0,16512
1393,129.0,16512
1394,129.0,16512
1395,129.0,16512
1396,129.0,16512
1397,129.0,16512
1398,129.0,16512
1399,129.0,16512
1400,129.0,16512
1401,129.0,16512
1402,129.0,16512
1403,129.0,16512
1404,129.0,16512
1405,129.0,16512
1406,129.0,16512
1407,129.0,16512
1408,129.0,16512
1409,129.0,16512
1410,129.0,16512
1411,129.0,16512
1412,129.0,16512
1413,129.0,16512
1414,129.0,16512
1415,129.0,16512
1416,129.0,16512
1417,137.0,17536
1418,137.0,17536
1419,137.0,17536
1420,137.0,17536
1421,137.0,17536
1422,137.0,17536
1423,137.0,17536
1424,129.0,16512
1425,137.0,17536
1426,129.0,16512
1427,129.0,16512
1428,129.0,16512
1429,137.0,17536
1430,137.0,17536
1431,129.0,16512
1432,137.0,17536
1433,137.0,17536
1434,137.0,17536
1435,129.0,16512
1436,137.0,17536
1437,137.0,17536
1438,137.0,17536
1439,137.0,17536
1440,137.0,17536
1441,137.0,17536
1442,129.0,16512
1443,137.0,17536
1444,137.0,17536
1445,137.0,17536
1446,137.0,17536
1447,137.0,17536
1448,137.0,17536
1449,137.0,17536
1450,137.0,17536
1451,137.0,17536
1452,137.0,17536
1453,137.0,17536
1454,137.0,17536
1455,137.0,17536
1456,137.0,17536
1457,137.0,17536
1458,137.0,17536
1459,137.0,17536
1460,137.0,17536
1461,137.0,17536
1462,137.0,17536
1463,137.0,17536
1464,137.0,17536
1465,137.0,17536
1466,137.0,17536
1467,137.0,17536
1468,137.0,17536
1469,137.0,17536
1470,137.0,17536
1471,137.0,17536
1472,137.0,17536
1473,137.0,17536
1474,137.0,17536
1475,137.0,17536
1476,137.0,17536
1477,137.0,17536
1478,137.0,17536
1479,137.0,17536
1480,137.0,17536
1481,137.0,17536
1482,137.0,17536
1483,137.0,17536
1484,137.0,17536
1485,137.0,17536
1486,137.0,17536
1487,137.0,17536
1488,137.0,17536
1489,137.0,17536
1490,137.0,17536
1491,137.0,17536
1492,137.0,17536
1493,137.0,17536
1494,137.0,17536
1495,137.0,17536
1496,137.0,17536
1497,137.0,17536
1498,137.0,17536
1499,137.0,17536
1500,137.0,17536
1501,137.0,17536
1502,137.0,17536
1503,137.0,17536
1504,137.0,17536
1505,137.0,17536
1506,137.0,17536
1507,137.0,17536
1508,137.0,17536
1509,137.0,17536
1510,137.0,17536
1511,137.0,17536
1512,137.0,17536
1513,137.0,17536
1514,137.0,17536
1515,137.0,17536
1516,137.0,17536
1517,137.0,17536
1518,137.0,17536
1519,137.0,17536
1520,137.0,17536
1521,137.0,17536
1522,137.0,17536
1523,137.0,17536
1524,137.0,17536
1525,137.0,17536
1526,137.0,17536
1527,137.0,17536
1528,137.0,17536
1529,137.0,17536
1530,137.0,17536
1531,137.0,17536
1532,137.0,17536
1533,137.0,17536
1534,137.0,17536
1535,137.0,17536
1536,137.0,17536
1537,137.0,17536
1538,137.0,17536
1539,137.0,17536
1540,137.0,17536
1541,137.0,17536
1542,137.0,17536
1543,137.0,17536
1544,137.0,17536
1545,137.0,17536
1546,137.0,17536
1547,137.0,17536
1548,137.0,17536
1549,137.0,17536
1550,137.0,17536
1551,137.0,17536
1552,137.0,17536
1553,137.0,17536
1554,137.0,17536
1555,137.0,17536
1556,137.0,17536
1557,137.0,17536
1558,137.0,17536
1559,137.0,17536
1560,137.0,17536
1561,137.0,17536
1562,137.0,17536
1563,137.0,17536
1564,137.0,17536
1565,137.0,17536
1566,137.0,17536
1567,137.0,17536
1568,137.0,17536
1569,129.0,16512
1570,137.0,17536
1571,129.0,16512
1572,137.0,17536
1573,137.0,17536
1574,137.0,17536
1575,137.0,17536
1576,137.0,17536
1577,137.0,17536
1578,137.0,17536
1579,137.0,17536
1580,137.0,17536
1581,129.0,16512
1582,137.0,17536
1583,137.0,17536
1584,137.0,17536
1585,137.0,17536
1586,137.0,17536
1587,129.0,16512
1588,137.0,17536
1589,137.0,17536
1590,137.0,17536
1591,129.0,16512
1592,129.0,16512
1593,129.0,16512
1594,129.0,16512
1595,137.0,17536
1596,137.0,17536
1597,137.0,17536
1598,129.0,16512
1599,129.0,16512
1600,137.0,17536
1601,137.0,17536
1602,129.0,16512
1603,137.0,17536
1604,137.0,17536
1605,137.0,17536
1606,137.0,17536
1607,137.0,17536
1608,129.0,16512
1609,137.0,17536
1610,129.0,16512
1611,129.0,16512
1612,129.0,16512
1613,129.0,16512
1614,129.0,16512
1615,129.0,16512
1616,129.0,16512
1617,137.0,17536
1618,129.0,16512
1619,129.0,16512
1620,137.0,17536
1621,137.0,17536
1622,129.0,16512
1623,129.0,16512
1624,129.0,16512
1625,129.0,16512
1626,129.0,16512
1627,129.0,16512
1628,129.0,16512
1629,137.0,17536
1630,137.0,17536
1631,137.0,17536
1632,137.0,17536
1633,137.0,17536
1634,137.0,17536
1635,137.0,17536
1636,137.0,17536
1637,137.0,17536
1638,137.0,17536
1639,137.0,17536
1640,137.0,17536
1641,137.0,17536
1642,137.0,17536
1643,137.0,17536
1644,137.0,17536
1645,137.0,17536
1646,137.0,17536
1647,137.0,17536
1648,137.0,17536
1649,137.0,17536
1650,137.0,17536
1651,129.0,16512
1652,129.0,16512
1653,129.0,16512
1654,129.0,16512
1655,137.0,17536
1656,129.0,16512
1657,129.0,16512
1658,129.0,16512
1659,129.0,16512
1660,137.0,17536
1661,129.0,16512
1662,129.0,16512
1663,137.0,17536
1664,137.0,17536
1665,137.0,17536
1666,137.0,17536
1667,137.0,17536
1668,137.0,17536
1669,137.0,17536
1670,129.0,16512
1671,129.0,16512
1672,137.0,17536
1673,137.0,17536
1674,137.0,17536
1675,137.0,17536
1676,137.0,17536
1677,137.0,17536
1678,137.0,17536
1679,137.0,17536
1680,137.0,17536
1681,137.0,17536
1682,137.0,17536
1683,137.0,17536
1684,137.0,17536
1685,137.0,17536
1686,137.0,17536
1687,137.0,17536
1688,137.0,17536
1689,137.0,17536
1690,137.0,17536
1691,137.0,17536
1692,137.0,17536
1693,137.0,17536
1694,137.0,17536
1695,137.0,17536
1696,137.0,17536
1697,137.0,17536
1698,137.0,17536
1699,137.0,17536
1700,137.0,17536
1701,137.0,17536
1702,137.0,17536
1703,137.0,17536
1704,137.0,17536
1705,137.0,17536
1706,137.0,17536
1707,137.0,17536
1708,137.0,17536
1709,137.0,17536
1710,137.0,17536
1711,137.0,17536
1712,137.0,17536
1713,137.0,17536
1714,137.0,17536
1715,137.0,17536
1716,137.0,17536
1717,137.0,17536
1718,137.0,17536
1719,137.0,17536
1720,137.0,17536
1721,137.0,17536
1722,137.0,17536
1723,137.0,17536
1724,137.0,17536
1725,137.0,17536
1726,137.0,17536
1727,137.0,17536
1728,137.0,17536
1729,137.0,17536
1730,137.0,17536
1731,137.0,17536
1732,137.0,17536
1733,137.0,17536
1734,137.0,17536
1735,137.0,17536
1736,137.0,17536
1737,137.0,17536
1738,137.0,17536
1739,137.0,17536
1740,137.0,17536
1741,137.0,17536
1742,137.0,17536
1743,137.0,17536
1744,137.0,17536
1745,137.0,17536
1746,137.0,17536
1747,137.0,17536
1748,137.0,17536
1749,137.0,17536
1750,137.0,17536
1751,137.0,17536
1752,137.0,17536
1753,137.0,17536
1754,137.0,17536
1755,137.0,17536
1756,137.0,17536
1757,137.0,17536
1758,137.0,17536
1759,137.0,17536
1760,137.0,17536
1761,137.0,17536
1762,137.0,17536
1763,137.0,17536
1764,137.0,17536
1765,137.0,17536
1766,137.0,17536
1767,137.0,17536
1768,137.0,17536
1769,137.0,17536
1770,137.0,17536
1771,137.0,17536
1772,137.0,17536
1773,137.0,17536
1774,137.0,17536
1775,137.0,17536
1776,137.0,17536
1777,137.0,17536
1778,137.0,17536
1779,137.0,17536
1780,137.0,17536
1781,137.0,17536
1782,137.0,17536
1783,137.0,17536
1784,137.0,17536
1785,137.0,17536
1786,137.0,17536
1787,137.0,17536
1788,137.0,17536
1789,137.0,17536
1790,137.0,17536
1791,137.0,17536
1792,137.0,17536
1793,137.0,17536
1794,137.0,17536
1795,137.0,17536
1796,137.0,17536
1797,137.0,17536
1798,137.0,17536
1799,137.0,17536
1800,137.0,17536
1801,137.0,17536
1802,137.0,17536
1803,137.0,17536
1804,137.0,17536
1805,137.0,17536
1806,137.0,17536
1807,137.0,17536
1808,137.0,17536
1809,137.0,17536
1810,137.0,17536
1811,137.0,17536
1812,137.0,17536
1813,137.0,17536
1814,137.0,17536
1815,137.0,17536
1816,137.0,17536
1817,137.0,17536
1818,137.0,17536
1819,137.0,17536
1820,137.0,17536
1821,137.0,17536
1822,137.0,17536
1823,137.0,17536
1824,137.0,17536
1825,137.0,17536
1826,137.0,17536
1827,137.0,17536
1828,137.0,17536
1829,137.0,17536
1830,137.0,17536
1831,137.0,17536
1832,137.0,17536
1833,137.0,17536
1834,137.0,17536
1835,137.0,17536
1836,137.0,17536
1837,137.0,17536
1838,137.0,17536
1839,137.0,17536
1840,137.0,17536
1841,137.0,17536
1842,137.0,17536
1843,137.0,17536
1844,137.0,17536
1845,137.0,17536
1846,137.0,17536
1847,137.0,17536
1848,137.0,17536
1849,137.0,17536
1850,137.0,17536
1851,137.0,17536
1852,137.0,17536
1853,137.0,17536
1854,137.0,17536
1855,137.0,17536
1856,137.0,17536
1857,137.0,17536
1858,137.0,17536
1859,137.0,17536
1860,137.0,17536
1861,137.0,17536
1862,137.0,17536
1863,137.0,17536
1864,137.0,17536
1865,137.0,17536
1866,137.0,17536
1867,137.0,17536
1868,137.0,17536
1869,137.0,17536
1870,137.0,17536
1871,137.0,17536
1872,137.0,17536
1873,137.0,17536
1874,137.0,17536
1875,137.0,17536
1876,137.0,17536
1877,137.0,17536
1878,137.0,17536
1879,137.0,17536
1880,137.0,17536
1881,137.0,17536
1882,137.0,17536
1883,137.0,17536
1884,137.0,17536
1885,137.0,17536
1886,137.0,17536
1887,137.0,17536
1888,137.0,17536
1889,137.0,17536
1890,137.0,17536
1891,137.0,17536
1892,137.0,17536
1893,137.0,17536
1894,137.0,17536
1895,137.0,17536
1896,137.0,17536
1897,137.0,17536
1898,137.0,17536
1899,137.0,17536
1900,137.0,17536
1901,137.0,17536
1902,137.0,17536
1903,137.0,17536
1904,137.0,17536
1905,137.0,17536
1906,137.0,17536
1907,137.0,17536
1908,137.0,17536
1909,137.0,17536
1910,137.0,17536
1911,137.0,17536
1912,137.0,17536
1913,137.0,17536
1914,137.0,17536
1915,137.0,17536
1916,137.0,17536
1917,137.0,17536
1918,137.0,17536
1919,137.0,17536
1920,137.0,17536
1921,137.0,17536
1922,137.0,17536
1923,137.0,17536
1924,137.0,17536
1925,137.0,17536
1926,137.0,17536
1927,137.0,17536
1928,137.0,17536
1929,137.0,17536
1930,137.0,17536
1931,137.0,17536
1932,137.0,17536
1933,137.0,17536
1934,137.0,17536
1935,137.0,17536
1936,137.0,17536
1937,137.0,17536
1938,137.0,17536
1939,137.0,17536
1940,137.0,17536
1941,137.0,17536
1942,137.0,17536
1943,137.0,17536
1944,137.0,17536
1945,137.0,17536
1946,137.0,17536
1947,137.0,17536
1948,137.0,17536
1949,137.0,17536
1950,137.0,17536
1951,137.0,17536
1952,137.0,17536
1953,137.0,17536
1954,137.0,17536
1955,137.0,17536
1956,137.0,17536
1957,137.0,17536
1958,137.0,17536
1959,137.0,17536
1960,137.0,17536
1961,137.0,17536
1962,137.0,17536
1963,137.0,17536
1964,137.0,17536
1965,137.0,17536
1966,137.0,17536
1967,137.0,17536
1968,137.0,17536
1969,137.0,17536
1970,129.0,16512
1971,129.0,16512
1972,129.0,16512
1973,129.0,16512
1974,129.0,16512
1975,129.0,16512
1976,129.0,16512
1977,129.0,16512
1978,129.0,16512
1979,129.0,16512
1980,129.0,16512
1981,129.0,16512
1982,129.0,16512
1983,129.0,16512
1984,129.0,16512
1985,137.0,17536
1986,129.0,16512
1987,129.0,16512
1988,129.0,16512
1989,129.0,16512
1990,129.0,16512
1991,129.0,16512
1992,129.0,16512
1993,129.0,16512
1994,129.0,16512
1995,137.0,17536
1996,137.0,17536
1997,137.0,17536
1998,137.0,17536
1999,129.0,16512
2000,137.0,17536
