RandomSeed,83809,Population size:128,Bit Length:64,Crossover Rate:0.7,Mutation Rate:0.005
gen,BestFitness,FitnessEval
1,41,5248
2,39,4992
3,40,5120
4,41,5248
5,43,5504
6,41,5248
7,43,5504
8,45,5760
9,45,5760
10,45,5760
11,48,6144
12,49,6272
13,49,6272
14,49,6272
15,51,6528
16,52,6656
17,51,6528
18,50,6400
19,51,6528
20,49,6272
21,51,6528
22,50,6400
23,50,6400
24,50,6400
25,50,6400
26,49,6272
27,50,6400
28,48,6144
29,48,6144
30,49,6272
31,49,6272
32,50,6400
33,50,6400
34,50,6400
35,50,6400
36,50,6400
37,49,6272
38,49,6272
39,48,6144
40,49,6272
41,49,6272
42,50,6400
43,46,5888
44,49,6272
45,49,6272
46,49,6272
47,49,6272
48,49,6272
49,51,6528
50,49,6272
51,48,6144
52,47,6016
53,49,6272
54,49,6272
55,49,6272
56,50,6400
57,49,6272
58,50,6400
59,50,6400
60,49,6272
61,49,6272
62,47,6016
63,48,6144
64,48,6144
65,48,6144
66,48,6144
67,47,6016
68,49,6272
69,49,6272
70,49,6272
71,47,6016
72,47,6016
73,48,6144
74,48,6144
75,49,6272
76,49,6272
77,48,6144
78,49,6272
79,47,6016
80,46,5888
81,46,5888
82,47,6016
83,48,6144
84,48,6144
85,47,6016
86,48,6144
87,49,6272
88,49,6272
89,48,6144
90,49,6272
91,49,6272
92,49,6272
93,48,6144
94,49,6272
95,48,6144
96,49,6272
97,51,6528
98,48,6144
99,49,6272
100,49,6272
101,47,6016
102,47,6016
103,48,6144
104,48,6144
105,48,6144
106,48,6144
107,48,6144
108,50,6400
109,52,6656
110,53,6784
111,53,6784
112,53,6784
113,53,6784
114,53,6784
115,50,6400
116,50,6400
117,50,6400
118,50,6400
119,50,6400
120,50,6400
121,49,6272
122,48,6144
123,49,6272
124,50,6400
125,49,6272
126,50,6400
127,50,6400
128,50,6400
129,50,6400
130,51,6528
131,50,6400
132,50,6400
133,49,6272
134,48,6144
135,49,6272
136,48,6144
137,48,6144
138,49,6272
139,50,6400
140,49,6272
141,51,6528
142,52,6656
143,51,6528
144,52,6656
145,53,6784
146,53,6784
147,52,6656
148,52,6656
149,52,6656
150,52,6656
151,50,6400
152,52,6656
153,51,6528
154,51,6528
155,52,6656
156,50,6400
157,51,6528
158,51,6528
159,52,6656
160,51,6528
161,50,6400
162,51,6528
163,51,6528
164,52,6656
165,53,6784
166,52,6656
167,51,6528
168,50,6400
169,51,6528
170,51,6528
171,52,6656
172,51,6528
173,51,6528
174,51,6528
175,52,6656
176,52,6656
177,53,6784
178,52,6656
179,52,6656
180,52,6656
181,52,6656
182,53,6784
183,53,6784
184,52,6656
185,53,6784
186,51,6528
187,52,6656
188,52,6656
189,52,6656
190,52,6656
191,52,6656
192,53,6784
193,55,7040
194,52,6656
195,53,6784
196,52,6656
197,52,6656
198,55,7040
199,55,7040
200,55,7040
201,55,7040
202,55,7040
203,55,7040
204,57,7296
205,56,7168
206,55,7040
207,58,7424
208,57,7296
209,54,6912
210,55,7040
211,54,6912
212,57,7296
213,54,6912
214,53,6784
215,52,6656
216,55,7040
217,52,6656
218,53,6784
219,54,6912
220,54,6912
221,55,7040
222,54,6912
223,53,6784
224,53,6784
225,54,6912
226,54,6912
227,55,7040
228,56,7168
229,55,7040
230,56,7168
231,56,7168
232,57,7296
233,58,7424
234,58,7424
235,58,7424
236,57,7296
237,56,7168
238,56,7168
239,57,7296
240,57,7296
241,55,7040
242,55,7040
243,55,7040
244,55,7040
245,56,7168
246,56,7168
247,56,7168
248,56,7168
249,56,7168
250,56,7168
251,58,7424
252,55,7040
253,56,7168
254,56,7168
255,57,7296
256,56,7168
257,57,7296
258,57,7296
259,57,7296
260,57,7296
261,57,7296
262,56,7168
263,55,7040
264,56,7168
265,56,7168
266,57,7296
267,56,7168
268,55,7040
269,54,6912
270,55,7040
271,56,7168
272,55,7040
273,55,7040
274,56,7168
275,55,7040
276,56,7168
277,56,7168
278,56,7168
279,55,7040
280,55,7040
281,56,7168
282,56,7168
283,55,7040
284,57,7296
285,59,7552
286,59,7552
287,57,7296
288,54,6912
289,57,7296
290,54,6912
291,53,6784
292,53,6784
293,53,6784
294,53,6784
295,53,6784
296,52,6656
297,52,6656
298,51,6528
299,52,6656
300,52,6656
301,52,6656
302,53,6784
303,52,6656
304,52,6656
305,52,6656
306,52,6656
307,51,6528
308,52,6656
309,51,6528
310,52,6656
311,51,6528
312,51,6528
313,51,6528
314,52,6656
315,50,6400
316,50,6400
317,51,6528
318,51,6528
319,51,6528
320,52,6656
321,51,6528
322,52,6656
323,53,6784
324,54,6912
325,54,6912
326,55,7040
327,55,7040
328,55,7040
329,55,7040
330,54,6912
331,56,7168
332,56,7168
333,55,7040
334,55,7040
335,55,7040
336,55,7040
337,55,7040
338,55,7040
339,55,7040
340,56,7168
341,55,7040
342,56,7168
343,55,7040
344,55,7040
345,55,7040
346,56,7168
347,56,7168
348,56,7168
349,54,6912
350,56,7168
351,55,7040
352,54,6912
353,55,7040
354,55,7040
355,55,7040
356,55,7040
357,55,7040
358,56,7168
359,55,7040
360,55,7040
361,56,7168
362,56,7168
363,55,7040
364,54,6912
365,55,7040
366,54,6912
367,55,7040
368,54,6912
369,54,6912
370,54,6912
371,54,6912
372,54,6912
373,54,6912
374,55,7040
375,56,7168
376,55,7040
377,57,7296
378,56,7168
379,57,7296
380,56,7168
381,56,7168
382,56,7168
383,58,7424
384,58,7424
385,57,7296
386,57,7296
387,57,7296
388,56,7168
389,56,7168
390,56,7168
391,56,7168
392,55,7040
393,57,7296
394,56,7168
395,56,7168
396,56,7168
397,56,7168
398,57,7296
399,57,7296
400,56,7168
401,56,7168
402,55,7040
403,54,6912
404,54,6912
405,54,6912
406,55,7040
407,56,7168
408,56,7168
409,55,7040
410,55,7040
411,54,6912
412,54,6912
413,53,6784
414,53,6784
415,55,7040
416,54,6912
417,53,6784
418,53,6784
419,53,6784
420,53,6784
421,53,6784
422,53,6784
423,51,6528
424,52,6656
425,52,6656
426,52,6656
427,52,6656
428,53,6784
429,52,6656
430,51,6528
431,52,6656
432,51,6528
433,53,6784
434,53,6784
435,53,6784
436,52,6656
437,52,6656
438,54,6912
439,54,6912
440,53,6784
441,54,6912
442,54,6912
443,54,6912
444,54,6912
445,54,6912
446,54,6912
447,54,6912
448,53,6784
449,54,6912
450,55,7040
451,55,7040
452,54,6912
453,54,6912
454,53,6784
455,53,6784
456,53,6784
457,54,6912
458,52,6656
459,52,6656
460,52,6656
461,51,6528
462,51,6528
463,51,6528
464,50,6400
465,51,6528
466,52,6656
467,51,6528
468,52,6656
469,53,6784
470,55,7040
471,54,6912
472,53,6784
473,53,6784
474,53,6784
475,54,6912
476,54,6912
477,54,6912
478,54,6912
479,55,7040
480,55,7040
481,54,6912
482,54,6912
483,54,6912
484,54,6912
485,55,7040
486,53,6784
487,52,6656
488,53,6784
489,53,6784
490,54,6912
491,52,6656
492,54,6912
493,52,6656
494,52,6656
495,53,6784
496,54,6912
497,53,6784
498,52,6656
499,51,6528
500,52,6656
501,53,6784
502,53,6784
503,54,6912
504,55,7040
505,54,6912
506,55,7040
507,55,7040
508,53,6784
509,53,6784
510,53,6784
511,53,6784
512,54,6912
513,51,6528
514,51,6528
515,51,6528
516,51,6528
517,51,6528
518,54,6912
519,54,6912
520,54,6912
521,50,6400
522,50,6400
523,51,6528
524,51,6528
525,51,6528
526,51,6528
527,50,6400
528,49,6272
529,49,6272
530,48,6144
531,48,6144
532,48,6144
533,48,6144
534,48,6144
535,49,6272
536,51,6528
537,51,6528
538,51,6528
539,51,6528
540,49,6272
541,48,6144
542,49,6272
543,49,6272
544,49,6272
545,48,6144
546,48,6144
547,47,6016
548,47,6016
549,47,6016
550,49,6272
551,49,6272
552,48,6144
553,47,6016
554,46,5888
555,48,6144
556,47,6016
557,45,5760
558,45,5760
559,46,5888
560,45,5760
561,48,6144
562,48,6144
563,45,5760
564,45,5760
565,45,5760
566,45,5760
567,45,5760
568,45,5760
569,45,5760
570,44,5632
571,45,5760
572,45,5760
573,46,5888
574,46,5888
575,45,5760
576,46,5888
577,46,5888
578,45,5760
579,45,5760
580,45,5760
581,45,5760
582,46,5888
583,45,5760
584,45,5760
585,46,5888
586,46,5888
587,46,5888
588,46,5888
589,46,5888
590,46,5888
591,45,5760
592,47,6016
593,47,6016
594,47,6016
595,48,6144
596,49,6272
597,47,6016
598,47,6016
599,47,6016
600,47,6016
601,47,6016
602,47,6016
603,47,6016
604,47,6016
605,47,6016
606,46,5888
607,47,6016
608,47,6016
609,47,6016
610,47,6016
611,48,6144
612,48,6144
613,47,6016
614,48,6144
615,48,6144
616,47,6016
617,48,6144
618,48,6144
619,48,6144
620,47,6016
621,48,6144
622,47,6016
623,46,5888
624,46,5888
625,47,6016
626,49,6272
627,49,6272
628,50,6400
629,49,6272
630,49,6272
631,49,6272
632,48,6144
633,49,6272
634,49,6272
635,50,6400
636,49,6272
637,48,6144
638,48,6144
639,49,6272
640,47,6016
641,48,6144
642,48,6144
643,48,6144
644,47,6016
645,47,6016
646,48,6144
647,48,6144
648,46,5888
649,46,5888
650,48,6144
651,47,6016
652,47,6016
653,48,6144
654,47,6016
655,48,6144
656,47,6016
657,47,6016
658,48,6144
659,48,6144
660,49,6272
661,48,6144
662,49,6272
663,49,6272
664,49,6272
665,50,6400
666,50,6400
667,51,6528
668,50,6400
669,51,6528
670,51,6528
671,52,6656
672,50,6400
673,51,6528
674,52,6656
675,52,6656
676,51,6528
677,51,6528
678,52,6656
679,50,6400
680,51,6528
681,51,6528
682,49,6272
683,50,6400
684,50,6400
685,51,6528
686,48,6144
687,49,6272
688,48,6144
689,50,6400
690,51,6528
691,51,6528
692,50,6400
693,51,6528
694,50,6400
695,51,6528
696,51,6528
697,51,6528
698,49,6272
699,50,6400
700,50,6400
701,53,6784
702,52,6656
703,48,6144
704,48,6144
705,49,6272
706,50,6400
707,49,6272
708,48,6144
709,49,6272
710,48,6144
711,49,6272
712,49,6272
713,49,6272
714,48,6144
715,50,6400
716,51,6528
717,50,6400
718,50,6400
719,49,6272
720,49,6272
721,49,6272
722,49,6272
723,50,6400
724,50,6400
725,50,6400
726,49,6272
727,50,6400
728,52,6656
729,52,6656
730,51,6528
731,50,6400
732,51,6528
733,51,6528
734,51,6528
735,51,6528
736,51,6528
737,51,6528
738,52,6656
739,53,6784
740,52,6656
741,49,6272
742,49,6272
743,48,6144
744,50,6400
745,51,6528
746,49,6272
747,47,6016
748,47,6016
749,47,6016
750,47,6016
751,49,6272
752,48,6144
753,49,6272
754,49,6272
755,48,6144
756,47,6016
757,46,5888
758,46,5888
759,47,6016
760,50,6400
761,48,6144
762,48,6144
763,50,6400
764,48,6144
765,48,6144
766,48,6144
767,47,6016
768,46,5888
769,47,6016
770,46,5888
771,47,6016
772,47,6016
773,46,5888
774,46,5888
775,47,6016
776,47,6016
777,48,6144
778,50,6400
779,50,6400
780,49,6272
781,50,6400
782,50,6400
783,50,6400
784,51,6528
785,49,6272
786,49,6272
787,46,5888
788,46,5888
789,49,6272
790,50,6400
791,49,6272
792,47,6016
793,47,6016
794,46,5888
795,47,6016
796,47,6016
797,48,6144
798,48,6144
799,47,6016
800,47,6016
801,49,6272
802,47,6016
803,47,6016
804,47,6016
805,47,6016
806,46,5888
807,48,6144
808,48,6144
809,47,6016
810,47,6016
811,49,6272
812,48,6144
813,47,6016
814,47,6016
815,46,5888
816,47,6016
817,48,6144
818,48,6144
819,46,5888
820,47,6016
821,47,6016
822,48,6144
823,47,6016
824,47,6016
825,49,6272
826,47,6016
827,47,6016
828,47,6016
829,47,6016
830,47,6016
831,48,6144
832,49,6272
833,48,6144
834,47,6016
835,48,6144
836,50,6400
837,49,6272
838,49,6272
839,49,6272
840,49,6272
841,48,6144
842,49,6272
843,48,6144
844,48,6144
845,48,6144
846,48,6144
847,48,6144
848,48,6144
849,48,6144
850,47,6016
851,48,6144
852,48,6144
853,48,6144
854,48,6144
855,48,6144
856,49,6272
857,50,6400
858,47,6016
859,48,6144
860,48,6144
861,48,6144
862,47,6016
863,47,6016
864,47,6016
865,46,5888
866,48,6144
867,49,6272
868,47,6016
869,47,6016
870,49,6272
871,49,6272
872,49,6272
873,48,6144
874,47,6016
875,47,6016
876,47,6016
877,48,6144
878,48,6144
879,48,6144
880,49,6272
881,48,6144
882,48,6144
883,48,6144
884,48,6144
885,49,6272
886,48,6144
887,47,6016
888,47,6016
889,47,6016
890,48,6144
891,48,6144
892,49,6272
893,49,6272
894,48,6144
895,48,6144
896,49,6272
897,48,6144
898,49,6272
899,51,6528
900,49,6272
901,49,6272
902,47,6016
903,48,6144
904,48,6144
905,49,6272
906,49,6272
907,49,6272
908,49,6272
909,47,6016
910,48,6144
911,48,6144
912,49,6272
913,50,6400
914,50,6400
915,50,6400
916,49,6272
917,51,6528
918,51,6528
919,51,6528
920,49,6272
921,49,6272
922,47,6016
923,48,6144
924,45,5760
925,46,5888
926,46,5888
927,46,5888
928,46,5888
929,47,6016
930,46,5888
931,47,6016
932,47,6016
933,50,6400
934,47,6016
935,47,6016
936,48,6144
937,50,6400
938,49,6272
939,48,6144
940,46,5888
941,46,5888
942,45,5760
943,45,5760
944,46,5888
945,44,5632
946,44,5632
947,44,5632
948,44,5632
949,44,5632
950,45,5760
951,45,5760
952,45,5760
953,45,5760
954,46,5888
955,45,5760
956,45,5760
957,45,5760
958,45,5760
959,46,5888
960,47,6016
961,48,6144
962,48,6144
963,47,6016
964,47,6016
965,47,6016
966,47,6016
967,48,6144
968,47,6016
969,46,5888
970,48,6144
971,47,6016
972,48,6144
973,48,6144
974,48,6144
975,47,6016
976,47,6016
977,48,6144
978,48,6144
979,48,6144
980,47,6016
981,45,5760
982,46,5888
983,46,5888
984,46,5888
985,46,5888
986,45,5760
987,46,5888
988,45,5760
989,45,5760
990,45,5760
991,46,5888
992,46,5888
993,46,5888
994,46,5888
995,47,6016
996,47,6016
997,46,5888
998,46,5888
999,46,5888
1000,46,5888
1001,47,6016
1002,48,6144
1003,47,6016
1004,48,6144
1005,48,6144
1006,47,6016
1007,46,5888
1008,46,5888
1009,45,5760
1010,45,5760
1011,46,5888
1012,46,5888
1013,46,5888
1014,46,5888
1015,46,5888
1016,45,5760
1017,46,5888
1018,45,5760
1019,46,5888
1020,46,5888
1021,45,5760
1022,45,5760
1023,47,6016
1024,47,6016
1025,47,6016
1026,47,6016
1027,48,6144
1028,48,6144
1029,46,5888
1030,46,5888
1031,47,6016
1032,51,6528
1033,52,6656
1034,50,6400
1035,48,6144
1036,48,6144
1037,47,6016
1038,47,6016
1039,48,6144
1040,48,6144
1041,47,6016
1042,47,6016
1043,47,6016
1044,47,6016
1045,48,6144
1046,48,6144
1047,49,6272
1048,51,6528
1049,52,6656
1050,52,6656
1051,52,6656
1052,51,6528
1053,51,6528
1054,51,6528
1055,50,6400
1056,50,6400
1057,51,6528
1058,51,6528
1059,51,6528
1060,51,6528
1061,50,6400
1062,51,6528
1063,52,6656
1064,52,6656
1065,51,6528
1066,51,6528
1067,50,6400
1068,51,6528
1069,51,6528
1070,51,6528
1071,51,6528
1072,51,6528
1073,51,6528
1074,52,6656
1075,53,6784
1076,54,6912
1077,52,6656
1078,52,6656
1079,52,6656
1080,52,6656
1081,52,6656
1082,52,6656
1083,53,6784
1084,54,6912
1085,53,6784
1086,53,6784
1087,54,6912
1088,53,6784
1089,54,6912
1090,52,6656
1091,55,7040
1092,52,6656
1093,54,6912
1094,54,6912
1095,53,6784
1096,53,6784
1097,53,6784
1098,52,6656
1099,53,6784
1100,52,6656
1101,52,6656
1102,53,6784
1103,52,6656
1104,52,6656
1105,52,6656
1106,55,7040
1107,51,6528
1108,52,6656
1109,55,7040
1110,56,7168
1111,53,6784
1112,54,6912
1113,54,6912
1114,53,6784
1115,54,6912
1116,52,6656
1117,52,6656
1118,52,6656
1119,52,6656
1120,51,6528
1121,52,6656
1122,53,6784
1123,52,6656
1124,52,6656
1125,52,6656
1126,51,6528
1127,51,6528
1128,53,6784
1129,50,6400
1130,52,6656
1131,50,6400
1132,51,6528
1133,51,6528
1134,48,6144
1135,50,6400
1136,48,6144
1137,50,6400
1138,48,6144
1139,49,6272
1140,50,6400
1141,50,6400
1142,49,6272
1143,50,6400
1144,51,6528
1145,51,6528
1146,50,6400
1147,51,6528
1148,51,6528
1149,50,6400
1150,49,6272
1151,48,6144
1152,47,6016
1153,47,6016
1154,47,6016
1155,48,6144
1156,47,6016
1157,46,5888
1158,48,6144
1159,50,6400
1160,48,6144
1161,49,6272
1162,48,6144
1163,47,6016
1164,47,6016
1165,45,5760
1166,46,5888
1167,46,5888
1168,48,6144
1169,48,6144
1170,48,6144
1171,47,6016
1172,48,6144
1173,49,6272
1174,50,6400
1175,50,6400
1176,49,6272
1177,49,6272
1178,49,6272
1179,47,6016
1180,48,6144
1181,49,6272
1182,48,6144
1183,48,6144
1184,48,6144
1185,49,6272
1186,51,6528
1187,50,6400
1188,53,6784
1189,52,6656
1190,53,6784
1191,49,6272
1192,47,6016
1193,48,6144
1194,48,6144
1195,49,6272
1196,48,6144
1197,49,6272
1198,51,6528
1199,50,6400
1200,50,6400
1201,49,6272
1202,49,6272
1203,51,6528
1204,49,6272
1205,50,6400
1206,50,6400
1207,49,6272
1208,50,6400
1209,50,6400
1210,50,6400
1211,52,6656
1212,53,6784
1213,50,6400
1214,50,6400
1215,50,6400
1216,50,6400
1217,48,6144
1218,50,6400
1219,49,6272
1220,49,6272
1221,49,6272
1222,49,6272
1223,49,6272
1224,48,6144
1225,48,6144
1226,49,6272
1227,48,6144
1228,50,6400
1229,48,6144
1230,48,6144
1231,49,6272
1232,47,6016
1233,50,6400
1234,48,6144
1235,47,6016
1236,47,6016
1237,48,6144
1238,49,6272
1239,50,6400
1240,50,6400
1241,50,6400
1242,50,6400
1243,49,6272
1244,50,6400
1245,49,6272
1246,49,6272
1247,49,6272
1248,50,6400
1249,49,6272
1250,49,6272
1251,49,6272
1252,51,6528
1253,50,6400
1254,48,6144
1255,50,6400
1256,49,6272
1257,48,6144
1258,48,6144
1259,49,6272
1260,48,6144
1261,49,6272
1262,49,6272
1263,49,6272
1264,51,6528
1265,52,6656
1266,52,6656
1267,52,6656
1268,53,6784
1269,53,6784
1270,52,6656
1271,53,6784
1272,51,6528
1273,55,7040
1274,52,6656
1275,52,6656
1276,51,6528
1277,51,6528
1278,52,6656
1279,51,6528
1280,51,6528
1281,50,6400
1282,51,6528
1283,51,6528
1284,50,6400
1285,50,6400
1286,51,6528
1287,51,6528
1288,51,6528
1289,51,6528
1290,51,6528
1291,51,6528
1292,49,6272
1293,48,6144
1294,49,6272
1295,49,6272
1296,49,6272
1297,51,6528
1298,49,6272
1299,51,6528
1300,50,6400
1301,49,6272
1302,49,6272
1303,49,6272
1304,50,6400
1305,50,6400
1306,50,6400
1307,50,6400
1308,51,6528
1309,50,6400
1310,50,6400
1311,49,6272
1312,49,6272
1313,49,6272
1314,49,6272
1315,50,6400
1316,52,6656
1317,52,6656
1318,52,6656
1319,50,6400
1320,50,6400
1321,52,6656
1322,52,6656
1323,51,6528
1324,51,6528
1325,50,6400
1326,50,6400
1327,50,6400
1328,50,6400
1329,50,6400
1330,50,6400
1331,51,6528
1332,53,6784
1333,51,6528
1334,50,6400
1335,50,6400
1336,50,6400
1337,49,6272
1338,48,6144
1339,49,6272
1340,49,6272
1341,49,6272
1342,47,6016
1343,48,6144
1344,48,6144
1345,50,6400
1346,47,6016
1347,48,6144
1348,49,6272
1349,49,6272
1350,48,6144
1351,49,6272
1352,49,6272
1353,50,6400
1354,51,6528
1355,50,6400
1356,50,6400
1357,51,6528
1358,50,6400
1359,51,6528
1360,51,6528
1361,51,6528
1362,51,6528
1363,53,6784
1364,51,6528
1365,51,6528
1366,51,6528
1367,51,6528
1368,51,6528
1369,52,6656
1370,52,6656
1371,52,6656
1372,53,6784
1373,53,6784
1374,54,6912
1375,52,6656
1376,53,6784
1377,53,6784
1378,54,6912
1379,52,6656
1380,52,6656
1381,53,6784
1382,53,6784
1383,53,6784
1384,52,6656
1385,52,6656
1386,52,6656
1387,52,6656
1388,53,6784
1389,52,6656
1390,52,6656
1391,52,6656
1392,51,6528
1393,51,6528
1394,51,6528
1395,51,6528
1396,52,6656
1397,52,6656
1398,53,6784
1399,54,6912
1400,54,6912
1401,56,7168
1402,56,7168
1403,56,7168
1404,55,7040
1405,55,7040
1406,56,7168
1407,57,7296
1408,55,7040
1409,54,6912
1410,55,7040
1411,57,7296
1412,55,7040
1413,54,6912
1414,56,7168
1415,54,6912
1416,56,7168
1417,55,7040
1418,56,7168
1419,56,7168
1420,56,7168
1421,57,7296
1422,57,7296
1423,57,7296
1424,55,7040
1425,56,7168
1426,56,7168
1427,57,7296
1428,57,7296
1429,55,7040
1430,55,7040
1431,57,7296
1432,56,7168
1433,55,7040
1434,55,7040
1435,55,7040
1436,55,7040
1437,54,6912
1438,53,6784
1439,53,6784
1440,53,6784
1441,52,6656
1442,52,6656
1443,51,6528
1444,52,6656
1445,53,6784
1446,54,6912
1447,54,6912
1448,52,6656
1449,51,6528
1450,52,6656
1451,51,6528
1452,51,6528
1453,52,6656
1454,53,6784
1455,54,6912
1456,54,6912
1457,54,6912
1458,55,7040
1459,54,6912
1460,54,6912
1461,55,7040
1462,55,7040
1463,56,7168
1464,55,7040
1465,56,7168
1466,55,7040
1467,56,7168
1468,56,7168
1469,56,7168
1470,56,7168
1471,57,7296
1472,57,7296
1473,57,7296
1474,56,7168
1475,57,7296
1476,57,7296
1477,58,7424
1478,58,7424
1479,57,7296
1480,57,7296
1481,56,7168
1482,56,7168
1483,57,7296
1484,56,7168
1485,56,7168
1486,58,7424
1487,58,7424
1488,57,7296
1489,57,7296
1490,56,7168
1491,56,7168
1492,55,7040
1493,56,7168
1494,56,7168
1495,56,7168
1496,57,7296
1497,57,7296
1498,57,7296
1499,55,7040
1500,56,7168
1501,55,7040
1502,56,7168
1503,57,7296
1504,56,7168
1505,56,7168
1506,54,6912
1507,56,7168
1508,55,7040
1509,55,7040
1510,54,6912
1511,55,7040
1512,54,6912
1513,54,6912
1514,53,6784
1515,54,6912
1516,54,6912
1517,55,7040
1518,54,6912
1519,54,6912
1520,53,6784
1521,53,6784
1522,53,6784
1523,54,6912
1524,53,6784
1525,52,6656
1526,52,6656
1527,52,6656
1528,51,6528
1529,52,6656
1530,51,6528
1531,52,6656
1532,52,6656
1533,53,6784
1534,53,6784
1535,52,6656
1536,53,6784
1537,51,6528
1538,52,6656
1539,51,6528
1540,51,6528
1541,51,6528
1542,50,6400
1543,49,6272
1544,50,6400
1545,51,6528
1546,50,6400
1547,51,6528
1548,51,6528
1549,52,6656
1550,51,6528
1551,51,6528
1552,51,6528
1553,52,6656
1554,52,6656
1555,49,6272
1556,48,6144
1557,50,6400
1558,48,6144
1559,49,6272
1560,49,6272
1561,48,6144
1562,50,6400
1563,49,6272
1564,51,6528
1565,51,6528
1566,52,6656
1567,52,6656
1568,53,6784
1569,52,6656
1570,53,6784
1571,55,7040
1572,55,7040
1573,54,6912
1574,53,6784
1575,54,6912
1576,53,6784
1577,52,6656
1578,50,6400
1579,49,6272
1580,50,6400
1581,49,6272
1582,48,6144
1583,48,6144
1584,47,6016
1585,49,6272
1586,48,6144
1587,49,6272
1588,49,6272
1589,49,6272
1590,49,6272
1591,49,6272
1592,49,6272
1593,49,6272
1594,48,6144
1595,48,6144
1596,47,6016
1597,47,6016
1598,48,6144
1599,49,6272
1600,50,6400
1601,48,6144
1602,47,6016
1603,48,6144
1604,47,6016
1605,47,6016
1606,47,6016
1607,47,6016
1608,48,6144
1609,48,6144
1610,48,6144
1611,48,6144
1612,49,6272
1613,48,6144
1614,47,6016
1615,48,6144
1616,47,6016
1617,48,6144
1618,47,6016
1619,47,6016
1620,46,5888
1621,44,5632
1622,45,5760
1623,45,5760
1624,46,5888
1625,46,5888
1626,46,5888
1627,45,5760
1628,45,5760
1629,46,5888
1630,46,5888
1631,46,5888
1632,46,5888
1633,47,6016
1634,46,5888
1635,47,6016
1636,47,6016
1637,47,6016
1638,47,6016
1639,47,6016
1640,47,6016
1641,49,6272
1642,49,6272
1643,49,6272
1644,48,6144
1645,48,6144
1646,47,6016
1647,48,6144
1648,48,6144
1649,49,6272
1650,49,6272
1651,49,6272
1652,50,6400
1653,49,6272
1654,50,6400
1655,50,6400
1656,50,6400
1657,50,6400
1658,51,6528
1659,51,6528
1660,53,6784
1661,51,6528
1662,52,6656
1663,52,6656
1664,52,6656
1665,52,6656
1666,52,6656
1667,53,6784
1668,52,6656
1669,51,6528
1670,51,6528
1671,52,6656
1672,52,6656
1673,53,6784
1674,53,6784
1675,52,6656
1676,51,6528
1677,51,6528
1678,51,6528
1679,53,6784
1680,54,6912
1681,53,6784
1682,53,6784
1683,53,6784
1684,53,6784
1685,53,6784
1686,52,6656
1687,52,6656
1688,53,6784
1689,53,6784
1690,53,6784
1691,52,6656
1692,53,6784
1693,53,6784
1694,53,6784
1695,53,6784
1696,53,6784
1697,54,6912
1698,53,6784
1699,52,6656
1700,52,6656
1701,53,6784
1702,52,6656
1703,52,6656
1704,52,6656
1705,52,6656
1706,52,6656
1707,52,6656
1708,52,6656
1709,53,6784
1710,54,6912
1711,51,6528
1712,51,6528
1713,50,6400
1714,51,6528
1715,50,6400
1716,51,6528
1717,52,6656
1718,51,6528
1719,50,6400
1720,51,6528
1721,52,6656
1722,51,6528
1723,49,6272
1724,50,6400
1725,49,6272
1726,52,6656
1727,51,6528
1728,51,6528
1729,52,6656
1730,54,6912
1731,54,6912
1732,53,6784
1733,53,6784
1734,53,6784
1735,52,6656
1736,52,6656
1737,53,6784
1738,53,6784
1739,53,6784
1740,53,6784
1741,53,6784
1742,53,6784
1743,54,6912
1744,54,6912
1745,53,6784
1746,53,6784
1747,54,6912
1748,53,6784
1749,53,6784
1750,54,6912
1751,53,6784
1752,53,6784
1753,53,6784
1754,52,6656
1755,53,6784
1756,53,6784
1757,54,6912
1758,54,6912
1759,54,6912
1760,53,6784
1761,54,6912
1762,54,6912
1763,54,6912
1764,55,7040
1765,54,6912
1766,54,6912
1767,52,6656
1768,52,6656
1769,50,6400
1770,50,6400
1771,51,6528
1772,51,6528
1773,51,6528
1774,51,6528
1775,52,6656
1776,51,6528
1777,50,6400
1778,50,6400
1779,49,6272
1780,50,6400
1781,50,6400
1782,50,6400
1783,48,6144
1784,50,6400
1785,48,6144
1786,49,6272
1787,50,6400
1788,49,6272
1789,49,6272
1790,50,6400
1791,50,6400
1792,50,6400
1793,51,6528
1794,51,6528
1795,51,6528
1796,51,6528
1797,51,6528
1798,51,6528
1799,51,6528
1800,53,6784
1801,53,6784
1802,52,6656
1803,49,6272
1804,49,6272
1805,49,6272
1806,49,6272
1807,49,6272
1808,49,6272
1809,48,6144
1810,49,6272
1811,49,6272
1812,48,6144
1813,50,6400
1814,48,6144
1815,48,6144
1816,48,6144
1817,48,6144
1818,49,6272
1819,48,6144
1820,47,6016
1821,47,6016
1822,48,6144
1823,49,6272
1824,46,5888
1825,48,6144
1826,47,6016
1827,47,6016
1828,50,6400
1829,49,6272
1830,48,6144
1831,48,6144
1832,48,6144
1833,48,6144
1834,48,6144
1835,49,6272
1836,48,6144
1837,48,6144
1838,47,6016
1839,48,6144
1840,48,6144
1841,48,6144
1842,47,6016
1843,47,6016
1844,47,6016
1845,48,6144
1846,48,6144
1847,48,6144
1848,49,6272
1849,49,6272
1850,48,6144
1851,50,6400
1852,47,6016
1853,48,6144
1854,50,6400
1855,48,6144
1856,48,6144
1857,50,6400
1858,52,6656
1859,51,6528
1860,49,6272
1861,51,6528
1862,51,6528
1863,51,6528
1864,52,6656
1865,54,6912
1866,53,6784
1867,51,6528
1868,51,6528
1869,51,6528
1870,51,6528
1871,52,6656
1872,50,6400
1873,51,6528
1874,51,6528
1875,51,6528
1876,52,6656
1877,52,6656
1878,53,6784
1879,53,6784
1880,54,6912
1881,54,6912
1882,54,6912
1883,53,6784
1884,53,6784
1885,52,6656
1886,52,6656
1887,53,6784
1888,53,6784
1889,53,6784
1890,54,6912
1891,52,6656
1892,53,6784
1893,51,6528
1894,51,6528
1895,54,6912
1896,53,6784
1897,53,6784
1898,54,6912
1899,54,6912
1900,55,7040
1901,52,6656
1902,52,6656
1903,52,6656
1904,52,6656
1905,53,6784
1906,51,6528
1907,51,6528
1908,53,6784
1909,53,6784
1910,50,6400
1911,51,6528
1912,52,6656
1913,52,6656
1914,52,6656
1915,52,6656
1916,50,6400
1917,52,6656
1918,53,6784
1919,54,6912
1920,54,6912
1921,53,6784
1922,53,6784
1923,54,6912
1924,55,7040
1925,53,6784
1926,52,6656
1927,52,6656
1928,52,6656
1929,52,6656
1930,52,6656
1931,53,6784
1932,55,7040
1933,52,6656
1934,51,6528
1935,51,6528
1936,53,6784
1937,52,6656
1938,52,6656
1939,51,6528
1940,51,6528
1941,52,6656
1942,52,6656
1943,52,6656
1944,52,6656
1945,52,6656
1946,52,6656
1947,50,6400
1948,50,6400
1949,52,6656
1950,51,6528
1951,51,6528
1952,51,6528
1953,50,6400
1954,50,6400
1955,49,6272
1956,49,6272
1957,50,6400
1958,49,6272
1959,50,6400
1960,49,6272
1961,48,6144
1962,49,6272
1963,50,6400
1964,50,6400
1965,49,6272
1966,50,6400
1967,49,6272
1968,50,6400
1969,50,6400
1970,50,6400
1971,50,6400
1972,50,6400
1973,51,6528
1974,50,6400
1975,50,6400
1976,49,6272
1977,50,6400
1978,52,6656
1979,52,6656
1980,51,6528
1981,52,6656
1982,52,6656
1983,54,6912
1984,53,6784
1985,51,6528
1986,51,6528
1987,51,6528
1988,52,6656
1989,51,6528
1990,51,6528
1991,51,6528
1992,51,6528
1993,51,6528
1994,50,6400
1995,50,6400
1996,50,6400
1997,51,6528
1998,51,6528
1999,51,6528
2000,51,6528
