RandomSeed,6747,Population size:128,Bit Length:64,Crossover Rate:0.7,Mutation Rate:0.005
gen,BestFitness,FitnessEval
1,40,5120
2,42,5376
3,42,5376
4,42,5376
5,41,5248
6,41,5248
7,42,5376
8,42,5376
9,43,5504
10,43,5504
11,42,5376
12,42,5376
13,42,5376
14,43,5504
15,42,5376
16,43,5504
17,42,5376
18,43,5504
19,44,5632
20,44,5632
21,45,5760
22,45,5760
23,44,5632
24,43,5504
25,44,5632
26,45,5760
27,46,5888
28,44,5632
29,46,5888
30,46,5888
31,46,5888
32,45,5760
33,44,5632
34,44,5632
35,46,5888
36,45,5760
37,46,5888
38,45,5760
39,47,6016
40,47,6016
41,46,5888
42,46,5888
43,48,6144
44,49,6272
45,48,6144
46,49,6272
47,49,6272
48,47,6016
49,48,6144
50,47,6016
51,47,6016
52,48,6144
53,48,6144
54,48,6144
55,48,6144
56,48,6144
57,48,6144
58,49,6272
59,48,6144
60,49,6272
61,49,6272
62,49,6272
63,49,6272
64,49,6272
65,50,6400
66,50,6400
67,50,6400
68,51,6528
69,50,6400
70,49,6272
71,49,6272
72,49,6272
73,49,6272
74,50,6400
75,51,6528
76,49,6272
77,49,6272
78,49,6272
79,50,6400
80,50,6400
81,48,6144
82,47,6016
83,47,6016
84,47,6016
85,49,6272
86,48,6144
87,49,6272
88,49,6272
89,48,6144
90,49,6272
91,49,6272
92,49,6272
93,50,6400
94,50,6400
95,50,6400
96,50,6400
97,50,6400
98,49,6272
99,48,6144
100,48,6144
101,48,6144
102,48,6144
103,49,6272
104,47,6016
105,48,6144
106,48,6144
107,47,6016
108,47,6016
109,47,6016
110,48,6144
111,47,6016
112,47,6016
113,48,6144
114,48,6144
115,47,6016
116,46,5888
117,46,5888
118,47,6016
119,47,6016
120,46,5888
121,46,5888
122,47,6016
123,46,5888
124,45,5760
125,45,5760
126,45,5760
127,46,5888
128,46,5888
129,46,5888
130,45,5760
131,48,6144
132,46,5888
133,47,6016
134,47,6016
135,48,6144
136,48,6144
137,47,6016
138,48,6144
139,47,6016
140,47,6016
141,47,6016
142,47,6016
143,49,6272
144,49,6272
145,47,6016
146,46,5888
147,47,6016
148,48,6144
149,48,6144
150,47,6016
151,50,6400
152,51,6528
153,50,6400
154,50,6400
155,48,6144
156,50,6400
157,50,6400
158,51,6528
159,50,6400
160,51,6528
161,51,6528
162,51,6528
163,52,6656
164,52,6656
165,52,6656
166,52,6656
167,51,6528
168,51,6528
169,52,6656
170,50,6400
171,50,6400
172,50,6400
173,49,6272
174,48,6144
175,47,6016
176,48,6144
177,49,6272
178,49,6272
179,48,6144
180,49,6272
181,48,6144
182,49,6272
183,49,6272
184,49,6272
185,47,6016
186,47,6016
187,48,6144
188,48,6144
189,49,6272
190,50,6400
191,50,6400
192,50,6400
193,51,6528
194,50,6400
195,50,6400
196,49,6272
197,50,6400
198,50,6400
199,50,6400
200,49,6272
201,49,6272
202,49,6272
203,49,6272
204,50,6400
205,50,6400
206,51,6528
207,49,6272
208,49,6272
209,49,6272
210,48,6144
211,52,6656
212,52,6656
213,50,6400
214,49,6272
215,49,6272
216,50,6400
217,49,6272
218,48,6144
219,48,6144
220,49,6272
221,48,6144
222,51,6528
223,49,6272
224,49,6272
225,51,6528
226,51,6528
227,49,6272
228,49,6272
229,49,6272
230,50,6400
231,51,6528
232,49,6272
233,51,6528
234,51,6528
235,51,6528
236,50,6400
237,51,6528
238,49,6272
239,50,6400
240,49,6272
241,50,6400
242,51,6528
243,51,6528
244,50,6400
245,51,6528
246,50,6400
247,50,6400
248,52,6656
249,51,6528
250,51,6528
251,51,6528
252,52,6656
253,52,6656
254,51,6528
255,51,6528
256,52,6656
257,52,6656
258,52,6656
259,51,6528
260,51,6528
261,51,6528
262,51,6528
263,51,6528
264,51,6528
265,51,6528
266,53,6784
267,53,6784
268,53,6784
269,53,6784
270,54,6912
271,54,6912
272,52,6656
273,53,6784
274,49,6272
275,50,6400
276,50,6400
277,51,6528
278,51,6528
279,51,6528
280,50,6400
281,51,6528
282,51,6528
283,53,6784
284,54,6912
285,53,6784
286,52,6656
287,51,6528
288,51,6528
289,51,6528
290,50,6400
291,49,6272
292,50,6400
293,50,6400
294,50,6400
295,50,6400
296,50,6400
297,51,6528
298,49,6272
299,50,6400
300,50,6400
301,50,6400
302,51,6528
303,52,6656
304,52,6656
305,52,6656
306,53,6784
307,53,6784
308,54,6912
309,54,6912
310,53,6784
311,52,6656
312,54,6912
313,53,6784
314,54,6912
315,54,6912
316,52,6656
317,52,6656
318,53,6784
319,54,6912
320,54,6912
321,54,6912
322,53,6784
323,52,6656
324,52,6656
325,52,6656
326,53,6784
327,51,6528
328,51,6528
329,52,6656
330,53,6784
331,53,6784
332,53,6784
333,52,6656
334,52,6656
335,52,6656
336,52,6656
337,52,6656
338,52,6656
339,51,6528
340,51,6528
341,50,6400
342,49,6272
343,48,6144
344,47,6016
345,45,5760
346,45,5760
347,46,5888
348,46,5888
349,46,5888
350,46,5888
351,46,5888
352,47,6016
353,48,6144
354,48,6144
355,49,6272
356,49,6272
357,49,6272
358,49,6272
359,49,6272
360,50,6400
361,45,5760
362,46,5888
363,44,5632
364,44,5632
365,44,5632
366,46,5888
367,46,5888
368,46,5888
369,50,6400
370,49,6272
371,50,6400
372,49,6272
373,49,6272
374,48,6144
375,48,6144
376,48,6144
377,47,6016
378,47,6016
379,49,6272
380,49,6272
381,50,6400
382,49,6272
383,50,6400
384,48,6144
385,48,6144
386,47,6016
387,48,6144
388,48,6144
389,48,6144
390,48,6144
391,49,6272
392,47,6016
393,49,6272
394,49,6272
395,49,6272
396,49,6272
397,49,6272
398,49,6272
399,49,6272
400,49,6272
401,48,6144
402,49,6272
403,47,6016
404,48,6144
405,48,6144
406,48,6144
407,47,6016
408,47,6016
409,48,6144
410,49,6272
411,49,6272
412,48,6144
413,48,6144
414,48,6144
415,49,6272
416,49,6272
417,48,6144
418,47,6016
419,47,6016
420,46,5888
421,46,5888
422,48,6144
423,49,6272
424,48,6144
425,49,6272
426,49,6272
427,49,6272
428,51,6528
429,50,6400
430,50,6400
431,50,6400
432,50,6400
433,50,6400
434,48,6144
435,50,6400
436,48,6144
437,50,6400
438,49,6272
439,49,6272
440,49,6272
441,48,6144
442,48,6144
443,48,6144
444,49,6272
445,49,6272
446,49,6272
447,50,6400
448,50,6400
449,51,6528
450,51,6528
451,52,6656
452,50,6400
453,50,6400
454,49,6272
455,48,6144
456,49,6272
457,48,6144
458,47,6016
459,49,6272
460,48,6144
461,49,6272
462,48,6144
463,47,6016
464,49,6272
465,48,6144
466,45,5760
467,47,6016
468,50,6400
469,48,6144
470,48,6144
471,48,6144
472,46,5888
473,46,5888
474,47,6016
475,46,5888
476,48,6144
477,49,6272
478,49,6272
479,50,6400
480,50,6400
481,50,6400
482,50,6400
483,49,6272
484,49,6272
485,50,6400
486,50,6400
487,51,6528
488,51,6528
489,49,6272
490,50,6400
491,49,6272
492,48,6144
493,50,6400
494,49,6272
495,50,6400
496,50,6400
497,50,6400
498,50,6400
499,51,6528
500,50,6400
501,51,6528
502,51,6528
503,51,6528
504,52,6656
505,52,6656
506,50,6400
507,51,6528
508,49,6272
509,51,6528
510,51,6528
511,50,6400
512,49,6272
513,50,6400
514,50,6400
515,50,6400
516,50,6400
517,53,6784
518,54,6912
519,54,6912
520,49,6272
521,50,6400
522,51,6528
523,51,6528
524,49,6272
525,48,6144
526,52,6656
527,50,6400
528,50,6400
529,50,6400
530,50,6400
531,51,6528
532,50,6400
533,50,6400
534,49,6272
535,50,6400
536,50,6400
537,49,6272
538,49,6272
539,51,6528
540,50,6400
541,51,6528
542,50,6400
543,51,6528
544,50,6400
545,49,6272
546,49,6272
547,50,6400
548,50,6400
549,48,6144
550,50,6400
551,50,6400
552,48,6144
553,48,6144
554,49,6272
555,49,6272
556,52,6656
557,46,5888
558,47,6016
559,47,6016
560,47,6016
561,45,5760
562,45,5760
563,45,5760
564,46,5888
565,47,6016
566,47,6016
567,48,6144
568,47,6016
569,50,6400
570,48,6144
571,48,6144
572,48,6144
573,48,6144
574,49,6272
575,49,6272
576,47,6016
577,47,6016
578,48,6144
579,47,6016
580,49,6272
581,49,6272
582,50,6400
583,49,6272
584,50,6400
585,50,6400
586,51,6528
587,50,6400
588,48,6144
589,50,6400
590,48,6144
591,48,6144
592,47,6016
593,47,6016
594,49,6272
595,49,6272
596,49,6272
597,51,6528
598,52,6656
599,53,6784
600,53,6784
601,50,6400
602,48,6144
603,49,6272
604,48,6144
605,47,6016
606,50,6400
607,50,6400
608,51,6528
609,49,6272
610,49,6272
611,50,6400
612,48,6144
613,51,6528
614,48,6144
615,49,6272
616,51,6528
617,51,6528
618,51,6528
619,49,6272
620,50,6400
621,49,6272
622,49,6272
623,50,6400
624,51,6528
625,50,6400
626,50,6400
627,50,6400
628,48,6144
629,49,6272
630,50,6400
631,48,6144
632,49,6272
633,50,6400
634,49,6272
635,49,6272
636,48,6144
637,48,6144
638,50,6400
639,48,6144
640,51,6528
641,52,6656
642,50,6400
643,50,6400
644,50,6400
645,48,6144
646,49,6272
647,50,6400
648,49,6272
649,50,6400
650,48,6144
651,49,6272
652,52,6656
653,50,6400
654,50,6400
655,50,6400
656,49,6272
657,51,6528
658,50,6400
659,50,6400
660,50,6400
661,50,6400
662,48,6144
663,49,6272
664,49,6272
665,51,6528
666,50,6400
667,49,6272
668,49,6272
669,49,6272
670,50,6400
671,50,6400
672,49,6272
673,50,6400
674,49,6272
675,50,6400
676,52,6656
677,51,6528
678,50,6400
679,50,6400
680,50,6400
681,49,6272
682,50,6400
683,49,6272
684,49,6272
685,49,6272
686,49,6272
687,49,6272
688,50,6400
689,51,6528
690,51,6528
691,50,6400
692,50,6400
693,50,6400
694,50,6400
695,50,6400
696,50,6400
697,50,6400
698,49,6272
699,49,6272
700,52,6656
701,51,6528
702,51,6528
703,51,6528
704,53,6784
705,50,6400
706,50,6400
707,52,6656
708,52,6656
709,53,6784
710,53,6784
711,53,6784
712,51,6528
713,51,6528
714,50,6400
715,51,6528
716,52,6656
717,52,6656
718,52,6656
719,52,6656
720,53,6784
721,53,6784
722,52,6656
723,53,6784
724,52,6656
725,53,6784
726,53,6784
727,53,6784
728,52,6656
729,53,6784
730,52,6656
731,52,6656
732,52,6656
733,53,6784
734,52,6656
735,52,6656
736,52,6656
737,52,6656
738,51,6528
739,51,6528
740,52,6656
741,53,6784
742,54,6912
743,52,6656
744,52,6656
745,52,6656
746,52,6656
747,51,6528
748,53,6784
749,52,6656
750,52,6656
751,51,6528
752,51,6528
753,51,6528
754,51,6528
755,52,6656
756,51,6528
757,51,6528
758,51,6528
759,49,6272
760,50,6400
761,50,6400
762,51,6528
763,50,6400
764,49,6272
765,49,6272
766,50,6400
767,51,6528
768,50,6400
769,51,6528
770,51,6528
771,52,6656
772,53,6784
773,53,6784
774,53,6784
775,55,7040
776,55,7040
777,55,7040
778,55,7040
779,55,7040
780,55,7040
781,55,7040
782,55,7040
783,54,6912
784,54,6912
785,53,6784
786,52,6656
787,54,6912
788,52,6656
789,53,6784
790,51,6528
791,52,6656
792,52,6656
793,52,6656
794,52,6656
795,53,6784
796,53,6784
797,53,6784
798,55,7040
799,55,7040
800,55,7040
801,56,7168
802,55,7040
803,57,7296
804,57,7296
805,57,7296
806,55,7040
807,56,7168
808,54,6912
809,55,7040
810,56,7168
811,56,7168
812,56,7168
813,56,7168
814,55,7040
815,55,7040
816,55,7040
817,55,7040
818,56,7168
819,54,6912
820,55,7040
821,55,7040
822,55,7040
823,55,7040
824,55,7040
825,55,7040
826,56,7168
827,54,6912
828,53,6784
829,54,6912
830,53,6784
831,53,6784
832,53,6784
833,53,6784
834,53,6784
835,54,6912
836,53,6784
837,54,6912
838,55,7040
839,54,6912
840,56,7168
841,54,6912
842,54,6912
843,53,6784
844,54,6912
845,54,6912
846,53,6784
847,54,6912
848,55,7040
849,54,6912
850,58,7424
851,58,7424
852,58,7424
853,58,7424
854,58,7424
855,58,7424
856,57,7296
857,57,7296
858,57,7296
859,54,6912
860,54,6912
861,53,6784
862,54,6912
863,55,7040
864,54,6912
865,54,6912
866,55,7040
867,55,7040
868,55,7040
869,54,6912
870,53,6784
871,54,6912
872,55,7040
873,55,7040
874,55,7040
875,55,7040
876,56,7168
877,55,7040
878,56,7168
879,55,7040
880,55,7040
881,54,6912
882,55,7040
883,56,7168
884,55,7040
885,55,7040
886,57,7296
887,57,7296
888,56,7168
889,54,6912
890,54,6912
891,54,6912
892,55,7040
893,56,7168
894,54,6912
895,55,7040
896,54,6912
897,54,6912
898,54,6912
899,54,6912
900,56,7168
901,54,6912
902,54,6912
903,55,7040
904,53,6784
905,54,6912
906,54,6912
907,55,7040
908,53,6784
909,54,6912
910,54,6912
911,53,6784
912,55,7040
913,54,6912
914,54,6912
915,54,6912
916,55,7040
917,54,6912
918,54,6912
919,55,7040
920,54,6912
921,54,6912
922,54,6912
923,54,6912
924,54,6912
925,54,6912
926,54,6912
927,55,7040
928,53,6784
929,53,6784
930,54,6912
931,54,6912
932,54,6912
933,54,6912
934,53,6784
935,54,6912
936,56,7168
937,55,7040
938,54,6912
939,53,6784
940,53,6784
941,54,6912
942,55,7040
943,55,7040
944,54,6912
945,56,7168
946,55,7040
947,53,6784
948,53,6784
949,54,6912
950,53,6784
951,53,6784
952,52,6656
953,52,6656
954,53,6784
955,53,6784
956,53,6784
957,54,6912
958,54,6912
959,54,6912
960,52,6656
961,53,6784
962,54,6912
963,53,6784
964,54,6912
965,55,7040
966,55,7040
967,53,6784
968,54,6912
969,54,6912
970,55,7040
971,55,7040
972,55,7040
973,56,7168
974,54,6912
975,53,6784
976,57,7296
977,57,7296
978,55,7040
979,55,7040
980,54,6912
981,54,6912
982,53,6784
983,53,6784
984,54,6912
985,54,6912
986,54,6912
987,53,6784
988,53,6784
989,52,6656
990,52,6656
991,53,6784
992,53,6784
993,54,6912
994,54,6912
995,54,6912
996,54,6912
997,54,6912
998,54,6912
999,54,6912
1000,54,6912
1001,53,6784
1002,54,6912
1003,53,6784
1004,54,6912
1005,54,6912
1006,54,6912
1007,54,6912
1008,55,7040
1009,55,7040
1010,54,6912
1011,54,6912
1012,55,7040
1013,55,7040
1014,55,7040
1015,53,6784
1016,52,6656
1017,53,6784
1018,52,6656
1019,51,6528
1020,51,6528
1021,51,6528
1022,52,6656
1023,51,6528
1024,51,6528
1025,53,6784
1026,51,6528
1027,51,6528
1028,52,6656
1029,52,6656
1030,52,6656
1031,52,6656
1032,54,6912
1033,52,6656
1034,52,6656
1035,53,6784
1036,53,6784
1037,53,6784
1038,53,6784
1039,52,6656
1040,54,6912
1041,54,6912
1042,52,6656
1043,52,6656
1044,52,6656
1045,52,6656
1046,53,6784
1047,52,6656
1048,53,6784
1049,54,6912
1050,55,7040
1051,54,6912
1052,54,6912
1053,55,7040
1054,54,6912
1055,54,6912
1056,55,7040
1057,55,7040
1058,55,7040
1059,54,6912
1060,54,6912
1061,54,6912
1062,54,6912
1063,53,6784
1064,53,6784
1065,53,6784
1066,55,7040
1067,55,7040
1068,55,7040
1069,55,7040
1070,55,7040
1071,54,6912
1072,55,7040
1073,53,6784
1074,53,6784
1075,56,7168
1076,56,7168
1077,56,7168
1078,56,7168
1079,57,7296
1080,55,7040
1081,54,6912
1082,53,6784
1083,53,6784
1084,53,6784
1085,54,6912
1086,55,7040
1087,53,6784
1088,53,6784
1089,53,6784
1090,53,6784
1091,51,6528
1092,54,6912
1093,54,6912
1094,54,6912
1095,53,6784
1096,52,6656
1097,50,6400
1098,50,6400
1099,51,6528
1100,50,6400
1101,51,6528
1102,52,6656
1103,52,6656
1104,52,6656
1105,52,6656
1106,54,6912
1107,53,6784
1108,53,6784
1109,52,6656
1110,50,6400
1111,50,6400
1112,51,6528
1113,51,6528
1114,50,6400
1115,51,6528
1116,51,6528
1117,49,6272
1118,49,6272
1119,49,6272
1120,48,6144
1121,48,6144
1122,48,6144
1123,50,6400
1124,51,6528
1125,51,6528
1126,51,6528
1127,52,6656
1128,51,6528
1129,51,6528
1130,52,6656
1131,52,6656
1132,51,6528
1133,52,6656
1134,51,6528
1135,51,6528
1136,52,6656
1137,52,6656
1138,51,6528
1139,52,6656
1140,53,6784
1141,53,6784
1142,52,6656
1143,52,6656
1144,53,6784
1145,52,6656
1146,51,6528
1147,52,6656
1148,52,6656
1149,54,6912
1150,53,6784
1151,54,6912
1152,56,7168
1153,55,7040
1154,53,6784
1155,52,6656
1156,51,6528
1157,52,6656
1158,53,6784
1159,52,6656
1160,52,6656
1161,52,6656
1162,51,6528
1163,51,6528
1164,52,6656
1165,53,6784
1166,52,6656
1167,52,6656
1168,52,6656
1169,52,6656
1170,52,6656
1171,52,6656
1172,53,6784
1173,53,6784
1174,53,6784
1175,53,6784
1176,53,6784
1177,53,6784
1178,53,6784
1179,53,6784
1180,52,6656
1181,53,6784
1182,51,6528
1183,51,6528
1184,51,6528
1185,53,6784
1186,52,6656
1187,51,6528
1188,52,6656
1189,52,6656
1190,51,6528
1191,52,6656
1192,51,6528
1193,52,6656
1194,51,6528
1195,53,6784
1196,53,6784
1197,52,6656
1198,51,6528
1199,51,6528
1200,51,6528
1201,53,6784
1202,50,6400
1203,50,6400
1204,54,6912
1205,50,6400
1206,49,6272
1207,49,6272
1208,50,6400
1209,51,6528
1210,50,6400
1211,51,6528
1212,50,6400
1213,52,6656
1214,49,6272
1215,50,6400
1216,48,6144
1217,49,6272
1218,48,6144
1219,49,6272
1220,48,6144
1221,49,6272
1222,49,6272
1223,49,6272
1224,50,6400
1225,49,6272
1226,50,6400
1227,51,6528
1228,50,6400
1229,50,6400
1230,51,6528
1231,50,6400
1232,50,6400
1233,50,6400
1234,51,6528
1235,49,6272
1236,50,6400
1237,52,6656
1238,52,6656
1239,51,6528
1240,51,6528
1241,51,6528
1242,51,6528
1243,50,6400
1244,50,6400
1245,51,6528
1246,52,6656
1247,52,6656
1248,52,6656
1249,52,6656
1250,51,6528
1251,52,6656
1252,50,6400
1253,51,6528
1254,52,6656
1255,52,6656
1256,51,6528
1257,50,6400
1258,51,6528
1259,51,6528
1260,51,6528
1261,51,6528
1262,50,6400
1263,48,6144
1264,49,6272
1265,50,6400
1266,51,6528
1267,52,6656
1268,50,6400
1269,52,6656
1270,51,6528
1271,50,6400
1272,50,6400
1273,50,6400
1274,50,6400
1275,46,5888
1276,49,6272
1277,49,6272
1278,50,6400
1279,50,6400
1280,50,6400
1281,51,6528
1282,51,6528
1283,51,6528
1284,52,6656
1285,52,6656
1286,53,6784
1287,53,6784
1288,52,6656
1289,52,6656
1290,52,6656
1291,53,6784
1292,53,6784
1293,53,6784
1294,53,6784
1295,53,6784
1296,52,6656
1297,52,6656
1298,52,6656
1299,51,6528
1300,52,6656
1301,51,6528
1302,51,6528
1303,51,6528
1304,52,6656
1305,53,6784
1306,54,6912
1307,53,6784
1308,52,6656
1309,52,6656
1310,53,6784
1311,53,6784
1312,52,6656
1313,53,6784
1314,52,6656
1315,54,6912
1316,52,6656
1317,53,6784
1318,53,6784
1319,54,6912
1320,53,6784
1321,54,6912
1322,54,6912
1323,54,6912
1324,54,6912
1325,53,6784
1326,54,6912
1327,53,6784
1328,52,6656
1329,53,6784
1330,53,6784
1331,53,6784
1332,54,6912
1333,54,6912
1334,53,6784
1335,52,6656
1336,54,6912
1337,52,6656
1338,52,6656
1339,52,6656
1340,52,6656
1341,52,6656
1342,53,6784
1343,52,6656
1344,52,6656
1345,53,6784
1346,51,6528
1347,51,6528
1348,52,6656
1349,52,6656
1350,53,6784
1351,52,6656
1352,52,6656
1353,52,6656
1354,53,6784
1355,53,6784
1356,52,6656
1357,52,6656
1358,52,6656
1359,50,6400
1360,51,6528
1361,51,6528
1362,50,6400
1363,50,6400
1364,50,6400
1365,51,6528
1366,51,6528
1367,50,6400
1368,50,6400
1369,51,6528
1370,50,6400
1371,50,6400
1372,50,6400
1373,51,6528
1374,51,6528
1375,51,6528
1376,51,6528
1377,52,6656
1378,52,6656
1379,52,6656
1380,52,6656
1381,53,6784
1382,52,6656
1383,51,6528
1384,51,6528
1385,50,6400
1386,51,6528
1387,51,6528
1388,50,6400
1389,50,6400
1390,51,6528
1391,51,6528
1392,51,6528
1393,50,6400
1394,51,6528
1395,52,6656
1396,51,6528
1397,49,6272
1398,51,6528
1399,50,6400
1400,49,6272
1401,50,6400
1402,50,6400
1403,51,6528
1404,50,6400
1405,50,6400
1406,51,6528
1407,51,6528
1408,50,6400
1409,49,6272
1410,49,6272
1411,47,6016
1412,47,6016
1413,48,6144
1414,47,6016
1415,48,6144
1416,49,6272
1417,48,6144
1418,47,6016
1419,47,6016
1420,47,6016
1421,48,6144
1422,48,6144
1423,48,6144
1424,48,6144
1425,48,6144
1426,47,6016
1427,46,5888
1428,47,6016
1429,47,6016
1430,46,5888
1431,48,6144
1432,48,6144
1433,48,6144
1434,47,6016
1435,47,6016
1436,48,6144
1437,48,6144
1438,49,6272
1439,48,6144
1440,48,6144
1441,49,6272
1442,48,6144
1443,49,6272
1444,48,6144
1445,49,6272
1446,49,6272
1447,49,6272
1448,48,6144
1449,48,6144
1450,48,6144
1451,47,6016
1452,48,6144
1453,47,6016
1454,48,6144
1455,47,6016
1456,48,6144
1457,48,6144
1458,49,6272
1459,49,6272
1460,48,6144
1461,49,6272
1462,47,6016
1463,47,6016
1464,48,6144
1465,47,6016
1466,48,6144
1467,48,6144
1468,47,6016
1469,47,6016
1470,46,5888
1471,48,6144
1472,46,5888
1473,46,5888
1474,48,6144
1475,48,6144
1476,50,6400
1477,51,6528
1478,50,6400
1479,49,6272
1480,49,6272
1481,48,6144
1482,48,6144
1483,48,6144
1484,48,6144
1485,47,6016
1486,47,6016
1487,48,6144
1488,48,6144
1489,48,6144
1490,47,6016
1491,48,6144
1492,49,6272
1493,49,6272
1494,50,6400
1495,50,6400
1496,49,6272
1497,50,6400
1498,49,6272
1499,49,6272
1500,48,6144
1501,47,6016
1502,50,6400
1503,48,6144
1504,49,6272
1505,52,6656
1506,52,6656
1507,52,6656
1508,53,6784
1509,53,6784
1510,52,6656
1511,51,6528
1512,52,6656
1513,51,6528
1514,50,6400
1515,49,6272
1516,50,6400
1517,52,6656
1518,52,6656
1519,51,6528
1520,50,6400
1521,50,6400
1522,51,6528
1523,50,6400
1524,51,6528
1525,51,6528
1526,53,6784
1527,52,6656
1528,53,6784
1529,53,6784
1530,53,6784
1531,53,6784
1532,53,6784
1533,51,6528
1534,51,6528
1535,52,6656
1536,51,6528
1537,50,6400
1538,50,6400
1539,50,6400
1540,50,6400
1541,51,6528
1542,52,6656
1543,50,6400
1544,52,6656
1545,53,6784
1546,50,6400
1547,49,6272
1548,50,6400
1549,49,6272
1550,49,6272
1551,51,6528
1552,50,6400
1553,50,6400
1554,50,6400
1555,49,6272
1556,49,6272
1557,47,6016
1558,48,6144
1559,47,6016
1560,46,5888
1561,47,6016
1562,49,6272
1563,49,6272
1564,50,6400
1565,48,6144
1566,46,5888
1567,47,6016
1568,48,6144
1569,49,6272
1570,48,6144
1571,47,6016
1572,45,5760
1573,46,5888
1574,46,5888
1575,46,5888
1576,47,6016
1577,47,6016
1578,47,6016
1579,47,6016
1580,47,6016
1581,45,5760
1582,46,5888
1583,49,6272
1584,46,5888
1585,46,5888
1586,47,6016
1587,46,5888
1588,46,5888
1589,47,6016
1590,45,5760
1591,44,5632
1592,45,5760
1593,46,5888
1594,45,5760
1595,46,5888
1596,45,5760
1597,46,5888
1598,46,5888
1599,46,5888
1600,45,5760
1601,45,5760
1602,45,5760
1603,46,5888
1604,45,5760
1605,46,5888
1606,46,5888
1607,47,6016
1608,48,6144
1609,49,6272
1610,48,6144
1611,46,5888
1612,49,6272
1613,47,6016
1614,46,5888
1615,46,5888
1616,47,6016
1617,47,6016
1618,48,6144
1619,47,6016
1620,47,6016
1621,49,6272
1622,49,6272
1623,47,6016
1624,47,6016
1625,48,6144
1626,48,6144
1627,48,6144
1628,48,6144
1629,47,6016
1630,48,6144
1631,48,6144
1632,49,6272
1633,48,6144
1634,51,6528
1635,51,6528
1636,51,6528
1637,51,6528
1638,50,6400
1639,48,6144
1640,48,6144
1641,48,6144
1642,47,6016
1643,47,6016
1644,48,6144
1645,47,6016
1646,47,6016
1647,46,5888
1648,47,6016
1649,47,6016
1650,46,5888
1651,46,5888
1652,46,5888
1653,48,6144
1654,48,6144
1655,49,6272
1656,48,6144
1657,46,5888
1658,46,5888
1659,47,6016
1660,48,6144
1661,48,6144
1662,49,6272
1663,49,6272
1664,48,6144
1665,48,6144
1666,51,6528
1667,49,6272
1668,49,6272
1669,49,6272
1670,49,6272
1671,51,6528
1672,51,6528
1673,51,6528
1674,51,6528
1675,51,6528
1676,51,6528
1677,51,6528
1678,50,6400
1679,51,6528
1680,49,6272
1681,50,6400
1682,50,6400
1683,50,6400
1684,51,6528
1685,52,6656
1686,52,6656
1687,53,6784
1688,49,6272
1689,53,6784
1690,51,6528
1691,48,6144
1692,49,6272
1693,49,6272
1694,51,6528
1695,50,6400
1696,50,6400
1697,49,6272
1698,48,6144
1699,48,6144
1700,48,6144
1701,48,6144
1702,48,6144
1703,49,6272
1704,48,6144
1705,49,6272
1706,49,6272
1707,48,6144
1708,49,6272
1709,51,6528
1710,50,6400
1711,48,6144
1712,50,6400
1713,50,6400
1714,50,6400
1715,50,6400
1716,50,6400
1717,50,6400
1718,49,6272
1719,50,6400
1720,50,6400
1721,50,6400
1722,50,6400
1723,50,6400
1724,50,6400
1725,50,6400
1726,50,6400
1727,49,6272
1728,50,6400
1729,50,6400
1730,51,6528
1731,52,6656
1732,52,6656
1733,52,6656
1734,52,6656
1735,52,6656
1736,52,6656
1737,54,6912
1738,54,6912
1739,51,6528
1740,50,6400
1741,50,6400
1742,51,6528
1743,51,6528
1744,51,6528
1745,51,6528
1746,50,6400
1747,52,6656
1748,52,6656
1749,53,6784
1750,53,6784
1751,53,6784
1752,54,6912
1753,52,6656
1754,52,6656
1755,53,6784
1756,53,6784
1757,53,6784
1758,53,6784
1759,54,6912
1760,53,6784
1761,54,6912
1762,53,6784
1763,54,6912
1764,54,6912
1765,52,6656
1766,53,6784
1767,52,6656
1768,53,6784
1769,54,6912
1770,53,6784
1771,53,6784
1772,53,6784
1773,54,6912
1774,55,7040
1775,55,7040
1776,55,7040
1777,55,7040
1778,56,7168
1779,57,7296
1780,55,7040
1781,55,7040
1782,55,7040
1783,55,7040
1784,55,7040
1785,56,7168
1786,55,7040
1787,55,7040
1788,54,6912
1789,55,7040
1790,55,7040
1791,55,7040
1792,55,7040
1793,56,7168
1794,55,7040
1795,55,7040
1796,55,7040
1797,56,7168
1798,55,7040
1799,55,7040
1800,55,7040
1801,54,6912
1802,55,7040
1803,55,7040
1804,54,6912
1805,54,6912
1806,54,6912
1807,53,6784
1808,53,6784
1809,53,6784
1810,53,6784
1811,53,6784
1812,52,6656
1813,52,6656
1814,52,6656
1815,52,6656
1816,52,6656
1817,53,6784
1818,53,6784
1819,52,6656
1820,52,6656
1821,52,6656
1822,53,6784
1823,54,6912
1824,52,6656
1825,53,6784
1826,52,6656
1827,51,6528
1828,51,6528
1829,51,6528
1830,51,6528
1831,52,6656
1832,51,6528
1833,50,6400
1834,53,6784
1835,53,6784
1836,52,6656
1837,51,6528
1838,52,6656
1839,50,6400
1840,51,6528
1841,50,6400
1842,51,6528
1843,51,6528
1844,52,6656
1845,52,6656
1846,55,7040
1847,55,7040
1848,55,7040
1849,55,7040
1850,55,7040
1851,55,7040
1852,55,7040
1853,55,7040
1854,55,7040
1855,56,7168
1856,55,7040
1857,55,7040
1858,54,6912
1859,54,6912
1860,54,6912
1861,54,6912
1862,53,6784
1863,53,6784
1864,52,6656
1865,54,6912
1866,53,6784
1867,55,7040
1868,54,6912
1869,54,6912
1870,54,6912
1871,53,6784
1872,54,6912
1873,55,7040
1874,55,7040
1875,55,7040
1876,54,6912
1877,53,6784
1878,54,6912
1879,54,6912
1880,54,6912
1881,54,6912
1882,52,6656
1883,53,6784
1884,54,6912
1885,54,6912
1886,54,6912
1887,54,6912
1888,54,6912
1889,54,6912
1890,54,6912
1891,54,6912
1892,53,6784
1893,53,6784
1894,52,6656
1895,54,6912
1896,54,6912
1897,54,6912
1898,54,6912
1899,53,6784
1900,53,6784
1901,55,7040
1902,55,7040
1903,55,7040
1904,54,6912
1905,53,6784
1906,52,6656
1907,52,6656
1908,52,6656
1909,50,6400
1910,49,6272
1911,50,6400
1912,51,6528
1913,49,6272
1914,50,6400
1915,52,6656
1916,51,6528
1917,50,6400
1918,50,6400
1919,51,6528
1920,50,6400
1921,50,6400
1922,50,6400
1923,51,6528
1924,50,6400
1925,49,6272
1926,50,6400
1927,48,6144
1928,49,6272
1929,51,6528
1930,50,6400
1931,49,6272
1932,49,6272
1933,50,6400
1934,50,6400
1935,52,6656
1936,52,6656
1937,51,6528
1938,50,6400
1939,49,6272
1940,50,6400
1941,51,6528
1942,51,6528
1943,52,6656
1944,51,6528
1945,51,6528
1946,51,6528
1947,51,6528
1948,51,6528
1949,50,6400
1950,50,6400
1951,51,6528
1952,52,6656
1953,52,6656
1954,51,6528
1955,52,6656
1956,51,6528
1957,51,6528
1958,51,6528
1959,51,6528
1960,51,6528
1961,51,6528
1962,50,6400
1963,49,6272
1964,49,6272
1965,51,6528
1966,50,6400
1967,50,6400
1968,51,6528
1969,51,6528
1970,51,6528
1971,51,6528
1972,51,6528
1973,49,6272
1974,50,6400
1975,52,6656
1976,52,6656
1977,52,6656
1978,52,6656
1979,51,6528
1980,51,6528
1981,50,6400
1982,50,6400
1983,51,6528
1984,51,6528
1985,49,6272
1986,49,6272
1987,49,6272
1988,48,6144
1989,50,6400
1990,49,6272
1991,50,6400
1992,49,6272
1993,49,6272
1994,48,6144
1995,49,6272
1996,49,6272
1997,50,6400
1998,49,6272
1999,49,6272
2000,49,6272
