RandomSeed,57316,Population size:128,Bit Length:64,Crossover Rate:0.7,Mutation Rate:0.005
gen,BestFitness,FitnessEval
1,9.0,1152
2,17.0,2176
3,17.0,2176
4,17.0,2176
5,25.0,3200
6,33.0,4224
7,25.0,3200
8,25.0,3200
9,33.0,4224
10,33.0,4224
11,25.0,3200
12,33.0,4224
13,33.0,4224
14,33.0,4224
15,33.0,4224
16,33.0,4224
17,33.0,4224
18,33.0,4224
19,33.0,4224
20,33.0,4224
21,33.0,4224
22,33.0,4224
23,33.0,4224
24,33.0,4224
25,33.0,4224
26,33.0,4224
27,33.0,4224
28,33.0,4224
29,33.0,4224
30,49.0,6272
31,49.0,6272
32,57.0,7296
33,57.0,7296
34,49.0,6272
35,57.0,7296
36,57.0,7296
37,57.0,7296
38,57.0,7296
39,57.0,7296
40,57.0,7296
41,57.0,7296
42,57.0,7296
43,57.0,7296
44,57.0,7296
45,57.0,7296
46,57.0,7296
47,57.0,7296
48,57.0,7296
49,57.0,7296
50,57.0,7296
51,57.0,7296
52,57.0,7296
53,57.0,7296
54,57.0,7296
55,57.0,7296
56,57.0,7296
57,57.0,7296
58,57.0,7296
59,57.0,7296
60,57.0,7296
61,57.0,7296
62,57.0,7296
63,57.0,7296
64,57.0,7296
65,57.0,7296
66,57.0,7296
67,57.0,7296
68,57.0,7296
69,57.0,7296
70,57.0,7296
71,57.0,7296
72,57.0,7296
73,57.0,7296
74,57.0,7296
75,57.0,7296
76,57.0,7296
77,57.0,7296
78,57.0,7296
79,57.0,7296
80,57.0,7296
81,57.0,7296
82,57.0,7296
83,57.0,7296
84,57.0,7296
85,57.0,7296
86,57.0,7296
87,57.0,7296
88,57.0,7296
89,57.0,7296
90,57.0,7296
91,57.0,7296
92,57.0,7296
93,57.0,7296
94,57.0,7296
95,57.0,7296
96,57.0,7296
97,57.0,7296
98,57.0,7296
99,57.0,7296
100,57.0,7296
101,57.0,7296
102,57.0,7296
103,57.0,7296
104,57.0,7296
105,57.0,7296
106,57.0,7296
107,57.0,7296
108,57.0,7296
109,57.0,7296
110,57.0,7296
111,57.0,7296
112,57.0,7296
113,57.0,7296
114,57.0,7296
115,57.0,7296
116,57.0,7296
117,57.0,7296
118,57.0,7296
119,57.0,7296
120,57.0,7296
121,57.0,7296
122,57.0,7296
123,57.0,7296
124,57.0,7296
125,57.0,7296
126,57.0,7296
127,57.0,7296
128,57.0,7296
129,57.0,7296
130,57.0,7296
131,57.0,7296
132,57.0,7296
133,57.0,7296
134,57.0,7296
135,57.0,7296
136,57.0,7296
137,57.0,7296
138,57.0,7296
139,57.0,7296
140,57.0,7296
141,57.0,7296
142,57.0,7296
143,57.0,7296
144,57.0,7296
145,57.0,7296
146,57.0,7296
147,57.0,7296
148,57.0,7296
149,57.0,7296
150,57.0,7296
151,57.0,7296
152,57.0,7296
153,57.0,7296
154,57.0,7296
155,57.0,7296
156,57.0,7296
157,57.0,7296
158,57.0,7296
159,57.0,7296
160,57.0,7296
161,57.0,7296
162,57.0,7296
163,57.0,7296
164,57.0,7296
165,57.0,7296
166,57.0,7296
167,57.0,7296
168,57.0,7296
169,57.0,7296
170,57.0,7296
171,57.0,7296
172,57.0,7296
173,57.0,7296
174,57.0,7296
175,57.0,7296
176,57.0,7296
177,57.0,7296
178,57.0,7296
179,57.0,7296
180,57.0,7296
181,57.0,7296
182,57.0,7296
183,57.0,7296
184,57.0,7296
185,57.0,7296
186,57.0,7296
187,57.0,7296
188,57.0,7296
189,57.0,7296
190,57.0,7296
191,57.0,7296
192,57.0,7296
193,57.0,7296
194,57.0,7296
195,57.0,7296
196,57.0,7296
197,57.0,7296
198,57.0,7296
199,81.0,10368
200,57.0,7296
201,57.0,7296
202,57.0,7296
203,57.0,7296
204,57.0,7296
205,57.0,7296
206,57.0,7296
207,57.0,7296
208,57.0,7296
209,57.0,7296
210,57.0,7296
211,57.0,7296
212,57.0,7296
213,57.0,7296
214,57.0,7296
215,57.0,7296
216,57.0,7296
217,57.0,7296
218,57.0,7296
219,57.0,7296
220,57.0,7296
221,57.0,7296
222,57.0,7296
223,57.0,7296
224,57.0,7296
225,57.0,7296
226,57.0,7296
227,57.0,7296
228,57.0,7296
229,57.0,7296
230,57.0,7296
231,57.0,7296
232,57.0,7296
233,57.0,7296
234,57.0,7296
235,57.0,7296
236,57.0,7296
237,57.0,7296
238,57.0,7296
239,57.0,7296
240,57.0,7296
241,57.0,7296
242,57.0,7296
243,57.0,7296
244,57.0,7296
245,57.0,7296
246,57.0,7296
247,57.0,7296
248,57.0,7296
249,57.0,7296
250,57.0,7296
251,57.0,7296
252,57.0,7296
253,57.0,7296
254,57.0,7296
255,57.0,7296
256,57.0,7296
257,57.0,7296
258,57.0,7296
259,57.0,7296
260,57.0,7296
261,57.0,7296
262,57.0,7296
263,57.0,7296
264,57.0,7296
265,57.0,7296
266,57.0,7296
267,57.0,7296
268,57.0,7296
269,57.0,7296
270,57.0,7296
271,57.0,7296
272,57.0,7296
273,57.0,7296
274,57.0,7296
275,57.0,7296
276,57.0,7296
277,57.0,7296
278,57.0,7296
279,57.0,7296
280,57.0,7296
281,57.0,7296
282,57.0,7296
283,57.0,7296
284,57.0,7296
285,57.0,7296
286,57.0,7296
287,57.0,7296
288,57.0,7296
289,57.0,7296
290,57.0,7296
291,57.0,7296
292,57.0,7296
293,57.0,7296
294,57.0,7296
295,57.0,7296
296,57.0,7296
297,57.0,7296
298,57.0,7296
299,57.0,7296
300,57.0,7296
301,57.0,7296
302,57.0,7296
303,57.0,7296
304,57.0,7296
305,57.0,7296
306,57.0,7296
307,57.0,7296
308,57.0,7296
309,57.0,7296
310,57.0,7296
311,57.0,7296
312,57.0,7296
313,57.0,7296
314,57.0,7296
315,57.0,7296
316,57.0,7296
317,57.0,7296
318,57.0,7296
319,57.0,7296
320,57.0,7296
321,57.0,7296
322,57.0,7296
323,57.0,7296
324,57.0,7296
325,57.0,7296
326,57.0,7296
327,57.0,7296
328,57.0,7296
329,57.0,7296
330,57.0,7296
331,57.0,7296
332,57.0,7296
333,57.0,7296
334,57.0,7296
335,57.0,7296
336,57.0,7296
337,57.0,7296
338,57.0,7296
339,57.0,7296
340,57.0,7296
341,57.0,7296
342,57.0,7296
343,57.0,7296
344,57.0,7296
345,57.0,7296
346,57.0,7296
347,57.0,7296
348,57.0,7296
349,57.0,7296
350,57.0,7296
351,57.0,7296
352,57.0,7296
353,57.0,7296
354,57.0,7296
355,57.0,7296
356,57.0,7296
357,57.0,7296
358,57.0,7296
359,57.0,7296
360,57.0,7296
361,57.0,7296
362,57.0,7296
363,57.0,7296
364,57.0,7296
365,57.0,7296
366,57.0,7296
367,57.0,7296
368,57.0,7296
369,57.0,7296
370,57.0,7296
371,57.0,7296
372,57.0,7296
373,57.0,7296
374,57.0,7296
375,57.0,7296
376,57.0,7296
377,57.0,7296
378,57.0,7296
379,57.0,7296
380,57.0,7296
381,57.0,7296
382,57.0,7296
383,57.0,7296
384,57.0,7296
385,57.0,7296
386,57.0,7296
387,57.0,7296
388,57.0,7296
389,57.0,7296
390,57.0,7296
391,57.0,7296
392,57.0,7296
393,57.0,7296
394,57.0,7296
395,73.0,9344
396,73.0,9344
397,81.0,10368
398,81.0,10368
399,73.0,9344
400,73.0,9344
401,81.0,10368
402,81.0,10368
403,81.0,10368
404,81.0,10368
405,81.0,10368
406,81.0,10368
407,81.0,10368
408,81.0,10368
409,81.0,10368
410,81.0,10368
411,81.0,10368
412,81.0,10368
413,81.0,10368
414,81.0,10368
415,81.0,10368
416,81.0,10368
417,81.0,10368
418,81.0,10368
419,81.0,10368
420,81.0,10368
421,81.0,10368
422,81.0,10368
423,81.0,10368
424,81.0,10368
425,81.0,10368
426,81.0,10368
427,81.0,10368
428,81.0,10368
429,81.0,10368
430,81.0,10368
431,81.0,10368
432,81.0,10368
433,81.0,10368
434,81.0,10368
435,73.0,9344
436,73.0,9344
437,81.0,10368
438,81.0,10368
439,81.0,10368
440,73.0,9344
441,73.0,9344
442,73.0,9344
443,73.0,9344
444,73.0,9344
445,73.0,9344
446,73.0,9344
447,73.0,9344
448,73.0,9344
449,73.0,9344
450,73.0,9344
451,73.0,9344
452,73.0,9344
453,81.0,10368
454,81.0,10368
455,81.0,10368
456,81.0,10368
457,81.0,10368
458,81.0,10368
459,81.0,10368
460,81.0,10368
461,81.0,10368
462,81.0,10368
463,81.0,10368
464,81.0,10368
465,81.0,10368
466,81.0,10368
467,81.0,10368
468,81.0,10368
469,81.0,10368
470,81.0,10368
471,81.0,10368
472,81.0,10368
473,81.0,10368
474,81.0,10368
475,81.0,10368
476,81.0,10368
477,81.0,10368
478,81.0,10368
479,81.0,10368
480,81.0,10368
481,81.0,10368
482,81.0,10368
483,81.0,10368
484,81.0,10368
485,81.0,10368
486,81.0,10368
487,81.0,10368
488,81.0,10368
489,81.0,10368
490,81.0,10368
491,81.0,10368
492,81.0,10368
493,81.0,10368
494,81.0,10368
495,81.0,10368
496,81.0,10368
497,81.0,10368
498,81.0,10368
499,81.0,10368
500,81.0,10368
501,81.0,10368
502,81.0,10368
503,81.0,10368
504,81.0,10368
505,81.0,10368
506,81.0,10368
507,81.0,10368
508,81.0,10368
509,81.0,10368
510,81.0,10368
511,81.0,10368
512,81.0,10368
513,81.0,10368
514,81.0,10368
515,81.0,10368
516,81.0,10368
517,81.0,10368
518,81.0,10368
519,81.0,10368
520,81.0,10368
521,81.0,10368
522,81.0,10368
523,81.0,10368
524,81.0,10368
525,81.0,10368
526,81.0,10368
527,81.0,10368
528,81.0,10368
529,81.0,10368
530,81.0,10368
531,81.0,10368
532,81.0,10368
533,81.0,10368
534,81.0,10368
535,81.0,10368
536,81.0,10368
537,81.0,10368
538,81.0,10368
539,81.0,10368
540,81.0,10368
541,81.0,10368
542,81.0,10368
543,81.0,10368
544,81.0,10368
545,81.0,10368
546,81.0,10368
547,81.0,10368
548,81.0,10368
549,81.0,10368
550,81.0,10368
551,81.0,10368
552,81.0,10368
553,81.0,10368
554,81.0,10368
555,81.0,10368
556,81.0,10368
557,81.0,10368
558,81.0,10368
559,81.0,10368
560,81.0,10368
561,81.0,10368
562,81.0,10368
563,81.0,10368
564,81.0,10368
565,81.0,10368
566,81.0,10368
567,81.0,10368
568,81.0,10368
569,81.0,10368
570,81.0,10368
571,81.0,10368
572,81.0,10368
573,81.0,10368
574,81.0,10368
575,81.0,10368
576,81.0,10368
577,81.0,10368
578,81.0,10368
579,81.0,10368
580,81.0,10368
581,81.0,10368
582,81.0,10368
583,81.0,10368
584,81.0,10368
585,81.0,10368
586,81.0,10368
587,81.0,10368
588,81.0,10368
589,81.0,10368
590,81.0,10368
591,81.0,10368
592,81.0,10368
593,81.0,10368
594,81.0,10368
595,81.0,10368
596,81.0,10368
597,81.0,10368
598,81.0,10368
599,81.0,10368
600,81.0,10368
601,81.0,10368
602,81.0,10368
603,81.0,10368
604,81.0,10368
605,81.0,10368
606,81.0,10368
607,81.0,10368
608,81.0,10368
609,81.0,10368
610,81.0,10368
611,81.0,10368
612,81.0,10368
613,81.0,10368
614,81.0,10368
615,81.0,10368
616,81.0,10368
617,81.0,10368
618,81.0,10368
619,81.0,10368
620,81.0,10368
621,81.0,10368
622,81.0,10368
623,81.0,10368
624,81.0,10368
625,81.0,10368
626,81.0,10368
627,81.0,10368
628,81.0,10368
629,81.0,10368
630,81.0,10368
631,81.0,10368
632,81.0,10368
633,73.0,9344
634,73.0,9344
635,73.0,9344
636,73.0,9344
637,73.0,9344
638,73.0,9344
639,73.0,9344
640,81.0,10368
641,81.0,10368
642,81.0,10368
643,81.0,10368
644,81.0,10368
645,81.0,10368
646,81.0,10368
647,81.0,10368
648,81.0,10368
649,81.0,10368
650,81.0,10368
651,81.0,10368
652,81.0,10368
653,81.0,10368
654,81.0,10368
655,81.0,10368
656,81.0,10368
657,81.0,10368
658,81.0,10368
659,81.0,10368
660,81.0,10368
661,81.0,10368
662,81.0,10368
663,81.0,10368
664,81.0,10368
665,81.0,10368
666,81.0,10368
667,81.0,10368
668,81.0,10368
669,81.0,10368
670,81.0,10368
671,81.0,10368
672,81.0,10368
673,81.0,10368
674,81.0,10368
675,81.0,10368
676,81.0,10368
677,81.0,10368
678,81.0,10368
679,81.0,10368
680,81.0,10368
681,81.0,10368
682,81.0,10368
683,81.0,10368
684,81.0,10368
685,81.0,10368
686,81.0,10368
687,81.0,10368
688,81.0,10368
689,81.0,10368
690,81.0,10368
691,81.0,10368
692,81.0,10368
693,81.0,10368
694,81.0,10368
695,81.0,10368
696,81.0,10368
697,81.0,10368
698,81.0,10368
699,129.0,16512
700,113.0,14464
701,137.0,17536
702,137.0,17536
703,137.0,17536
704,137.0,17536
705,137.0,17536
706,137.0,17536
707,137.0,17536
708,137.0,17536
709,137.0,17536
710,137.0,17536
711,137.0,17536
712,137.0,17536
713,137.0,17536
714,137.0,17536
715,137.0,17536
716,137.0,17536
717,137.0,17536
718,137.0,17536
719,137.0,17536
720,137.0,17536
721,137.0,17536
722,137.0,17536
723,137.0,17536
724,137.0,17536
725,137.0,17536
726,137.0,17536
727,137.0,17536
728,137.0,17536
729,137.0,17536
730,137.0,17536
731,137.0,17536
732,137.0,17536
733,137.0,17536
734,137.0,17536
735,137.0,17536
736,137.0,17536
737,137.0,17536
738,137.0,17536
739,137.0,17536
740,137.0,17536
741,137.0,17536
742,137.0,17536
743,137.0,17536
744,137.0,17536
745,137.0,17536
746,137.0,17536
747,137.0,17536
748,137.0,17536
749,137.0,17536
750,137.0,17536
751,137.0,17536
752,137.0,17536
753,137.0,17536
754,137.0,17536
755,137.0,17536
756,137.0,17536
757,137.0,17536
758,137.0,17536
759,137.0,17536
760,137.0,17536
761,137.0,17536
762,137.0,17536
763,137.0,17536
764,137.0,17536
765,137.0,17536
766,137.0,17536
767,137.0,17536
768,137.0,17536
769,137.0,17536
770,137.0,17536
771,137.0,17536
772,137.0,17536
773,137.0,17536
774,137.0,17536
775,137.0,17536
776,137.0,17536
777,137.0,17536
778,137.0,17536
779,137.0,17536
780,137.0,17536
781,137.0,17536
782,137.0,17536
783,137.0,17536
784,137.0,17536
785,137.0,17536
786,137.0,17536
787,137.0,17536
788,137.0,17536
789,137.0,17536
790,137.0,17536
791,137.0,17536
792,137.0,17536
793,137.0,17536
794,137.0,17536
795,137.0,17536
796,137.0,17536
797,137.0,17536
798,137.0,17536
799,137.0,17536
800,137.0,17536
801,137.0,17536
802,137.0,17536
803,137.0,17536
804,137.0,17536
805,137.0,17536
806,137.0,17536
807,137.0,17536
808,137.0,17536
809,137.0,17536
810,137.0,17536
811,137.0,17536
812,137.0,17536
813,137.0,17536
814,137.0,17536
815,137.0,17536
816,137.0,17536
817,137.0,17536
818,137.0,17536
819,137.0,17536
820,137.0,17536
821,137.0,17536
822,137.0,17536
823,137.0,17536
824,137.0,17536
825,137.0,17536
826,137.0,17536
827,137.0,17536
828,137.0,17536
829,137.0,17536
830,137.0,17536
831,137.0,17536
832,137.0,17536
833,137.0,17536
834,137.0,17536
835,137.0,17536
836,137.0,17536
837,137.0,17536
838,137.0,17536
839,137.0,17536
840,137.0,17536
841,137.0,17536
842,129.0,16512
843,129.0,16512
844,129.0,16512
845,137.0,17536
846,137.0,17536
847,129.0,16512
848,137.0,17536
849,137.0,17536
850,129.0,16512
851,129.0,16512
852,137.0,17536
853,129.0,16512
854,129.0,16512
855,129.0,16512
856,129.0,16512
857,129.0,16512
858,129.0,16512
859,129.0,16512
860,129.0,16512
861,129.0,16512
862,129.0,16512
863,129.0,16512
864,129.0,16512
865,129.0,16512
866,137.0,17536
867,129.0,16512
868,129.0,16512
869,129.0,16512
870,129.0,16512
871,129.0,16512
872,129.0,16512
873,129.0,16512
874,129.0,16512
875,129.0,16512
876,129.0,16512
877,129.0,16512
878,129.0,16512
879,129.0,16512
880,129.0,16512
881,129.0,16512
882,129.0,16512
883,137.0,17536
884,137.0,17536
885,137.0,17536
886,137.0,17536
887,137.0,17536
888,137.0,17536
889,137.0,17536
890,137.0,17536
891,137.0,17536
892,137.0,17536
893,137.0,17536
894,137.0,17536
895,137.0,17536
896,137.0,17536
897,137.0,17536
898,129.0,16512
899,129.0,16512
900,129.0,16512
901,129.0,16512
902,129.0,16512
903,129.0,16512
904,129.0,16512
905,129.0,16512
906,129.0,16512
907,129.0,16512
908,137.0,17536
909,129.0,16512
910,129.0,16512
911,129.0,16512
912,129.0,16512
913,129.0,16512
914,129.0,16512
915,129.0,16512
916,129.0,16512
917,129.0,16512
918,129.0,16512
919,129.0,16512
920,129.0,16512
921,129.0,16512
922,129.0,16512
923,129.0,16512
924,129.0,16512
925,129.0,16512
926,129.0,16512
927,129.0,16512
928,129.0,16512
929,137.0,17536
930,129.0,16512
931,129.0,16512
932,129.0,16512
933,129.0,16512
934,129.0,16512
935,129.0,16512
936,129.0,16512
937,137.0,17536
938,137.0,17536
939,137.0,17536
940,137.0,17536
941,129.0,16512
942,137.0,17536
943,137.0,17536
944,129.0,16512
945,129.0,16512
946,129.0,16512
947,129.0,16512
948,129.0,16512
949,129.0,16512
950,129.0,16512
951,129.0,16512
952,129.0,16512
953,129.0,16512
954,129.0,16512
955,129.0,16512
956,129.0,16512
957,129.0,16512
958,129.0,16512
959,129.0,16512
960,129.0,16512
961,129.0,16512
962,129.0,16512
963,129.0,16512
964,129.0,16512
965,129.0,16512
966,129.0,16512
967,129.0,16512
968,129.0,16512
969,129.0,16512
970,129.0,16512
971,129.0,16512
972,129.0,16512
973,129.0,16512
974,129.0,16512
975,129.0,16512
976,129.0,16512
977,129.0,16512
978,129.0,16512
979,129.0,16512
980,129.0,16512
981,129.0,16512
982,129.0,16512
983,129.0,16512
984,129.0,16512
985,129.0,16512
986,129.0,16512
987,129.0,16512
988,129.0,16512
989,129.0,16512
990,129.0,16512
991,129.0,16512
992,129.0,16512
993,129.0,16512
994,129.0,16512
995,129.0,16512
996,129.0,16512
997,129.0,16512
998,129.0,16512
999,129.0,16512
1000,129.0,16512
1001,129.0,16512
1002,129.0,16512
1003,129.0,16512
1004,129.0,16512
1005,129.0,16512
1006,129.0,16512
1007,129.0,16512
1008,129.0,16512
1009,129.0,16512
1010,129.0,16512
1011,129.0,16512
1012,129.0,16512
1013,129.0,16512
1014,129.0,16512
1015,129.0,16512
1016,137.0,17536
1017,129.0,16512
1018,129.0,16512
1019,129.0,16512
1020,129.0,16512
1021,129.0,16512
1022,129.0,16512
1023,129.0,16512
1024,129.0,16512
1025,129.0,16512
1026,129.0,16512
1027,129.0,16512
1028,129.0,16512
1029,129.0,16512
1030,129.0,16512
1031,129.0,16512
1032,129.0,16512
1033,129.0,16512
1034,137.0,17536
1035,129.0,16512
1036,137.0,17536
1037,129.0,16512
1038,129.0,16512
1039,129.0,16512
1040,129.0,16512
1041,129.0,16512
1042,129.0,16512
1043,137.0,17536
1044,137.0,17536
1045,129.0,16512
1046,129.0,16512
1047,129.0,16512
1048,129.0,16512
1049,137.0,17536
1050,129.0,16512
1051,129.0,16512
1052,137.0,17536
1053,129.0,16512
1054,129.0,16512
1055,129.0,16512
1056,129.0,16512
1057,129.0,16512
1058,129.0,16512
1059,129.0,16512
1060,137.0,17536
1061,137.0,17536
1062,129.0,16512
1063,129.0,16512
1064,129.0,16512
1065,129.0,16512
1066,129.0,16512
1067,129.0,16512
1068,129.0,16512
1069,129.0,16512
1070,129.0,16512
1071,129.0,16512
1072,129.0,16512
1073,129.0,16512
1074,129.0,16512
1075,129.0,16512
1076,129.0,16512
1077,129.0,16512
1078,129.0,16512
1079,129.0,16512
1080,129.0,16512
1081,129.0,16512
1082,129.0,16512
1083,129.0,16512
1084,129.0,16512
1085,129.0,16512
1086,129.0,16512
1087,129.0,16512
1088,129.0,16512
1089,129.0,16512
1090,129.0,16512
1091,129.0,16512
1092,129.0,16512
1093,129.0,16512
1094,129.0,16512
1095,129.0,16512
1096,129.0,16512
1097,129.0,16512
1098,137.0,17536
1099,129.0,16512
1100,129.0,16512
1101,137.0,17536
1102,129.0,16512
1103,129.0,16512
1104,129.0,16512
1105,129.0,16512
1106,129.0,16512
1107,129.0,16512
1108,129.0,16512
1109,129.0,16512
1110,129.0,16512
1111,129.0,16512
1112,129.0,16512
1113,129.0,16512
1114,129.0,16512
1115,129.0,16512
1116,129.0,16512
1117,129.0,16512
1118,129.0,16512
1119,129.0,16512
1120,129.0,16512
1121,129.0,16512
1122,129.0,16512
1123,129.0,16512
1124,129.0,16512
1125,129.0,16512
1126,129.0,16512
1127,129.0,16512
1128,129.0,16512
1129,129.0,16512
1130,129.0,16512
1131,129.0,16512
1132,129.0,16512
1133,129.0,16512
1134,129.0,16512
1135,129.0,16512
1136,129.0,16512
1137,129.0,16512
1138,129.0,16512
1139,129.0,16512
1140,129.0,16512
1141,129.0,16512
1142,129.0,16512
1143,129.0,16512
1144,129.0,16512
1145,129.0,16512
1146,129.0,16512
1147,129.0,16512
1148,129.0,16512
1149,129.0,16512
1150,129.0,16512
1151,129.0,16512
1152,129.0,16512
1153,129.0,16512
1154,129.0,16512
1155,129.0,16512
1156,129.0,16512
1157,129.0,16512
1158,129.0,16512
1159,129.0,16512
1160,129.0,16512
1161,129.0,16512
1162,129.0,16512
1163,129.0,16512
1164,129.0,16512
1165,129.0,16512
1166,129.0,16512
1167,129.0,16512
1168,129.0,16512
1169,129.0,16512
1170,129.0,16512
1171,129.0,16512
1172,129.0,16512
1173,129.0,16512
1174,129.0,16512
1175,129.0,16512
1176,129.0,16512
1177,129.0,16512
1178,129.0,16512
1179,129.0,16512
1180,129.0,16512
1181,129.0,16512
1182,129.0,16512
1183,129.0,16512
1184,129.0,16512
1185,129.0,16512
1186,129.0,16512
1187,129.0,16512
1188,129.0,16512
1189,129.0,16512
1190,129.0,16512
1191,129.0,16512
1192,129.0,16512
1193,129.0,16512
1194,129.0,16512
1195,129.0,16512
1196,129.0,16512
1197,129.0,16512
1198,129.0,16512
1199,129.0,16512
1200,129.0,16512
1201,129.0,16512
1202,129.0,16512
1203,129.0,16512
1204,129.0,16512
1205,129.0,16512
1206,129.0,16512
1207,129.0,16512
1208,129.0,16512
1209,129.0,16512
1210,129.0,16512
1211,129.0,16512
1212,129.0,16512
1213,129.0,16512
1214,129.0,16512
1215,129.0,16512
1216,129.0,16512
1217,129.0,16512
1218,129.0,16512
1219,129.0,16512
1220,129.0,16512
1221,129.0,16512
1222,129.0,16512
1223,129.0,16512
1224,129.0,16512
1225,129.0,16512
1226,129.0,16512
1227,129.0,16512
1228,129.0,16512
1229,129.0,16512
1230,129.0,16512
1231,129.0,16512
1232,129.0,16512
1233,129.0,16512
1234,129.0,16512
1235,129.0,16512
1236,129.0,16512
1237,129.0,16512
1238,129.0,16512
1239,129.0,16512
1240,129.0,16512
1241,129.0,16512
1242,129.0,16512
1243,129.0,16512
1244,129.0,16512
1245,129.0,16512
1246,129.0,16512
1247,129.0,16512
1248,129.0,16512
1249,129.0,16512
1250,129.0,16512
1251,129.0,16512
1252,129.0,16512
1253,129.0,16512
1254,129.0,16512
1255,129.0,16512
1256,129.0,16512
1257,129.0,16512
1258,129.0,16512
1259,129.0,16512
1260,129.0,16512
1261,129.0,16512
1262,129.0,16512
1263,129.0,16512
1264,129.0,16512
1265,129.0,16512
1266,129.0,16512
1267,129.0,16512
1268,129.0,16512
1269,129.0,16512
1270,137.0,17536
1271,129.0,16512
1272,129.0,16512
1273,129.0,16512
1274,129.0,16512
1275,129.0,16512
1276,129.0,16512
1277,129.0,16512
1278,129.0,16512
1279,137.0,17536
1280,137.0,17536
1281,137.0,17536
1282,129.0,16512
1283,137.0,17536
1284,137.0,17536
1285,137.0,17536
1286,137.0,17536
1287,137.0,17536
1288,137.0,17536
1289,137.0,17536
1290,129.0,16512
1291,129.0,16512
1292,129.0,16512
1293,129.0,16512
1294,129.0,16512
1295,129.0,16512
1296,137.0,17536
1297,137.0,17536
1298,137.0,17536
1299,137.0,17536
1300,137.0,17536
1301,137.0,17536
1302,137.0,17536
1303,137.0,17536
1304,137.0,17536
1305,137.0,17536
1306,137.0,17536
1307,137.0,17536
1308,137.0,17536
1309,137.0,17536
1310,137.0,17536
1311,137.0,17536
1312,137.0,17536
1313,137.0,17536
1314,137.0,17536
1315,137.0,17536
1316,137.0,17536
1317,137.0,17536
1318,137.0,17536
1319,137.0,17536
1320,137.0,17536
1321,137.0,17536
1322,137.0,17536
1323,137.0,17536
1324,137.0,17536
1325,137.0,17536
1326,137.0,17536
1327,137.0,17536
1328,137.0,17536
1329,129.0,16512
1330,129.0,16512
1331,129.0,16512
1332,129.0,16512
1333,129.0,16512
1334,129.0,16512
1335,137.0,17536
1336,137.0,17536
1337,129.0,16512
1338,129.0,16512
1339,129.0,16512
1340,129.0,16512
1341,129.0,16512
1342,129.0,16512
1343,129.0,16512
1344,129.0,16512
1345,129.0,16512
1346,129.0,16512
1347,129.0,16512
1348,129.0,16512
1349,129.0,16512
1350,129.0,16512
1351,129.0,16512
1352,129.0,16512
1353,129.0,16512
1354,129.0,16512
1355,129.0,16512
1356,129.0,16512
1357,129.0,16512
1358,129.0,16512
1359,129.0,16512
1360,129.0,16512
1361,129.0,16512
1362,129.0,16512
1363,129.0,16512
1364,129.0,16512
1365,129.0,16512
1366,129.0,16512
1367,129.0,16512
1368,129.0,16512
1369,129.0,16512
1370,129.0,16512
1371,129.0,16512
1372,129.0,16512
1373,129.0,16512
1374,129.0,16512
1375,129.0,16512
1376,129.0,16512
1377,129.0,16512
1378,129.0,16512
1379,129.0,16512
1380,129.0,16512
1381,129.0,16512
1382,129.0,16512
1383,129.0,16512
1384,129.0,16512
1385,129.0,16512
1386,129.0,16512
1387,129.0,16512
1388,129.0,16512
1389,129.0,16512
1390,129.0,16512
1391,129.0,16512
1392,129.0,16512
1393,129.0,16512
1394,129.0,16512
1395,129.0,16512
1396,129.0,16512
1397,129.0,16512
1398,129.0,16512
1399,129.0,16512
1400,129.0,16512
1401,129.0,16512
1402,129.0,16512
1403,129.0,16512
1404,129.0,16512
1405,129.0,16512
1406,129.0,16512
1407,129.0,16512
1408,129.0,16512
1409,129.0,16512
1410,129.0,16512
1411,129.0,16512
1412,129.0,16512
1413,129.0,16512
1414,129.0,16512
1415,129.0,16512
1416,129.0,16512
1417,129.0,16512
1418,129.0,16512
1419,129.0,16512
1420,129.0,16512
1421,129.0,16512
1422,129.0,16512
1423,129.0,16512
1424,129.0,16512
1425,129.0,16512
1426,129.0,16512
1427,129.0,16512
1428,129.0,16512
1429,129.0,16512
1430,129.0,16512
1431,129.0,16512
1432,129.0,16512
1433,129.0,16512
1434,129.0,16512
1435,129.0,16512
1436,129.0,16512
1437,129.0,16512
1438,129.0,16512
1439,129.0,16512
1440,129.0,16512
1441,129.0,16512
1442,129.0,16512
1443,129.0,16512
1444,129.0,16512
1445,129.0,16512
1446,129.0,16512
1447,129.0,16512
1448,129.0,16512
1449,129.0,16512
1450,129.0,16512
1451,129.0,16512
1452,129.0,16512
1453,129.0,16512
1454,129.0,16512
1455,129.0,16512
1456,129.0,16512
1457,129.0,16512
1458,129.0,16512
1459,129.0,16512
1460,129.0,16512
1461,129.0,16512
1462,129.0,16512
1463,129.0,16512
1464,129.0,16512
1465,129.0,16512
1466,129.0,16512
1467,129.0,16512
1468,129.0,16512
1469,129.0,16512
1470,129.0,16512
1471,129.0,16512
1472,129.0,16512
1473,129.0,16512
1474,129.0,16512
1475,129.0,16512
1476,129.0,16512
1477,129.0,16512
1478,129.0,16512
1479,129.0,16512
1480,129.0,16512
1481,129.0,16512
1482,129.0,16512
1483,129.0,16512
1484,129.0,16512
1485,129.0,16512
1486,129.0,16512
1487,129.0,16512
1488,129.0,16512
1489,129.0,16512
1490,129.0,16512
1491,129.0,16512
1492,129.0,16512
1493,129.0,16512
1494,129.0,16512
1495,129.0,16512
1496,129.0,16512
1497,129.0,16512
1498,129.0,16512
1499,129.0,16512
1500,129.0,16512
1501,129.0,16512
1502,129.0,16512
1503,129.0,16512
1504,129.0,16512
1505,129.0,16512
1506,129.0,16512
1507,129.0,16512
1508,129.0,16512
1509,129.0,16512
1510,129.0,16512
1511,129.0,16512
1512,129.0,16512
1513,129.0,16512
1514,129.0,16512
1515,129.0,16512
1516,129.0,16512
1517,129.0,16512
1518,129.0,16512
1519,129.0,16512
1520,129.0,16512
1521,129.0,16512
1522,129.0,16512
1523,129.0,16512
1524,129.0,16512
1525,129.0,16512
1526,129.0,16512
1527,129.0,16512
1528,129.0,16512
1529,129.0,16512
1530,129.0,16512
1531,129.0,16512
1532,129.0,16512
1533,129.0,16512
1534,129.0,16512
1535,129.0,16512
1536,129.0,16512
1537,137.0,17536
1538,137.0,17536
1539,129.0,16512
1540,129.0,16512
1541,129.0,16512
1542,129.0,16512
1543,129.0,16512
1544,129.0,16512
1545,129.0,16512
1546,129.0,16512
1547,129.0,16512
1548,129.0,16512
1549,129.0,16512
1550,129.0,16512
1551,129.0,16512
1552,129.0,16512
1553,129.0,16512
1554,129.0,16512
1555,129.0,16512
1556,129.0,16512
1557,129.0,16512
1558,129.0,16512
1559,129.0,16512
1560,129.0,16512
1561,129.0,16512
1562,129.0,16512
1563,129.0,16512
1564,129.0,16512
1565,129.0,16512
1566,129.0,16512
1567,129.0,16512
1568,129.0,16512
1569,129.0,16512
1570,129.0,16512
1571,129.0,16512
1572,129.0,16512
1573,129.0,16512
1574,129.0,16512
1575,129.0,16512
1576,129.0,16512
1577,129.0,16512
1578,129.0,16512
1579,129.0,16512
1580,129.0,16512
1581,129.0,16512
1582,129.0,16512
1583,129.0,16512
1584,129.0,16512
1585,129.0,16512
1586,129.0,16512
1587,129.0,16512
1588,129.0,16512
1589,129.0,16512
1590,129.0,16512
1591,129.0,16512
1592,129.0,16512
1593,129.0,16512
1594,129.0,16512
1595,129.0,16512
1596,129.0,16512
1597,129.0,16512
1598,129.0,16512
1599,129.0,16512
1600,129.0,16512
1601,129.0,16512
1602,129.0,16512
1603,129.0,16512
1604,129.0,16512
1605,129.0,16512
1606,137.0,17536
1607,137.0,17536
1608,137.0,17536
1609,137.0,17536
1610,137.0,17536
1611,137.0,17536
1612,137.0,17536
1613,137.0,17536
1614,137.0,17536
1615,137.0,17536
1616,137.0,17536
1617,137.0,17536
1618,137.0,17536
1619,129.0,16512
1620,129.0,16512
1621,129.0,16512
1622,129.0,16512
1623,137.0,17536
1624,129.0,16512
1625,129.0,16512
1626,129.0,16512
1627,129.0,16512
1628,129.0,16512
1629,129.0,16512
1630,137.0,17536
1631,137.0,17536
1632,137.0,17536
1633,137.0,17536
1634,137.0,17536
1635,129.0,16512
1636,129.0,16512
1637,137.0,17536
1638,137.0,17536
1639,137.0,17536
1640,137.0,17536
1641,137.0,17536
1642,137.0,17536
1643,137.0,17536
1644,137.0,17536
1645,137.0,17536
1646,137.0,17536
1647,137.0,17536
1648,137.0,17536
1649,137.0,17536
1650,137.0,17536
1651,137.0,17536
1652,137.0,17536
1653,137.0,17536
1654,137.0,17536
1655,137.0,17536
1656,137.0,17536
1657,137.0,17536
1658,137.0,17536
1659,137.0,17536
1660,137.0,17536
1661,137.0,17536
1662,137.0,17536
1663,137.0,17536
1664,137.0,17536
1665,137.0,17536
1666,137.0,17536
1667,129.0,16512
1668,137.0,17536
1669,129.0,16512
1670,129.0,16512
1671,129.0,16512
1672,129.0,16512
1673,129.0,16512
1674,129.0,16512
1675,129.0,16512
1676,129.0,16512
1677,129.0,16512
1678,129.0,16512
1679,129.0,16512
1680,129.0,16512
1681,129.0,16512
1682,129.0,16512
1683,129.0,16512
1684,129.0,16512
1685,129.0,16512
1686,129.0,16512
1687,129.0,16512
1688,129.0,16512
1689,129.0,16512
1690,129.0,16512
1691,129.0,16512
1692,129.0,16512
1693,129.0,16512
1694,129.0,16512
1695,129.0,16512
1696,129.0,16512
1697,129.0,16512
1698,129.0,16512
1699,129.0,16512
1700,129.0,16512
1701,129.0,16512
1702,129.0,16512
1703,129.0,16512
1704,129.0,16512
1705,129.0,16512
1706,129.0,16512
1707,129.0,16512
1708,129.0,16512
1709,129.0,16512
1710,129.0,16512
1711,129.0,16512
1712,129.0,16512
1713,129.0,16512
1714,129.0,16512
1715,129.0,16512
1716,129.0,16512
1717,129.0,16512
1718,129.0,16512
1719,129.0,16512
1720,129.0,16512
1721,129.0,16512
1722,129.0,16512
1723,129.0,16512
1724,129.0,16512
1725,129.0,16512
1726,129.0,16512
1727,129.0,16512
1728,129.0,16512
1729,129.0,16512
1730,129.0,16512
1731,129.0,16512
1732,137.0,17536
1733,137.0,17536
1734,137.0,17536
1735,137.0,17536
1736,137.0,17536
1737,129.0,16512
1738,129.0,16512
1739,129.0,16512
1740,129.0,16512
1741,129.0,16512
1742,129.0,16512
1743,129.0,16512
1744,129.0,16512
1745,129.0,16512
1746,129.0,16512
1747,129.0,16512
1748,129.0,16512
1749,137.0,17536
1750,129.0,16512
1751,129.0,16512
1752,129.0,16512
1753,129.0,16512
1754,129.0,16512
1755,129.0,16512
1756,129.0,16512
1757,129.0,16512
1758,129.0,16512
1759,129.0,16512
1760,129.0,16512
1761,129.0,16512
1762,129.0,16512
1763,129.0,16512
1764,129.0,16512
1765,129.0,16512
1766,129.0,16512
1767,129.0,16512
1768,129.0,16512
1769,129.0,16512
1770,129.0,16512
1771,129.0,16512
1772,129.0,16512
1773,129.0,16512
1774,129.0,16512
1775,129.0,16512
1776,129.0,16512
1777,129.0,16512
1778,129.0,16512
1779,129.0,16512
1780,129.0,16512
1781,129.0,16512
1782,129.0,16512
1783,129.0,16512
1784,129.0,16512
1785,129.0,16512
1786,129.0,16512
1787,129.0,16512
1788,129.0,16512
1789,129.0,16512
1790,129.0,16512
1791,129.0,16512
1792,129.0,16512
1793,129.0,16512
1794,129.0,16512
1795,129.0,16512
1796,129.0,16512
1797,129.0,16512
1798,129.0,16512
1799,129.0,16512
1800,129.0,16512
1801,129.0,16512
1802,129.0,16512
1803,129.0,16512
1804,129.0,16512
1805,129.0,16512
1806,129.0,16512
1807,129.0,16512
1808,129.0,16512
1809,129.0,16512
1810,129.0,16512
1811,129.0,16512
1812,129.0,16512
1813,129.0,16512
1814,129.0,16512
1815,137.0,17536
1816,137.0,17536
1817,129.0,16512
1818,129.0,16512
1819,129.0,16512
1820,129.0,16512
1821,129.0,16512
1822,129.0,16512
1823,129.0,16512
1824,129.0,16512
1825,129.0,16512
1826,129.0,16512
1827,129.0,16512
1828,129.0,16512
1829,129.0,16512
1830,129.0,16512
1831,129.0,16512
1832,129.0,16512
1833,129.0,16512
1834,129.0,16512
1835,129.0,16512
1836,129.0,16512
1837,129.0,16512
1838,129.0,16512
1839,129.0,16512
1840,129.0,16512
1841,129.0,16512
1842,129.0,16512
1843,129.0,16512
1844,129.0,16512
1845,129.0,16512
1846,129.0,16512
1847,129.0,16512
1848,129.0,16512
1849,129.0,16512
1850,129.0,16512
1851,129.0,16512
1852,129.0,16512
1853,129.0,16512
1854,129.0,16512
1855,129.0,16512
1856,129.0,16512
1857,129.0,16512
1858,129.0,16512
1859,129.0,16512
1860,129.0,16512
1861,129.0,16512
1862,129.0,16512
1863,129.0,16512
1864,129.0,16512
1865,129.0,16512
1866,129.0,16512
1867,129.0,16512
1868,129.0,16512
1869,129.0,16512
1870,129.0,16512
1871,129.0,16512
1872,129.0,16512
1873,129.0,16512
1874,129.0,16512
1875,129.0,16512
1876,129.0,16512
1877,137.0,17536
1878,129.0,16512
1879,129.0,16512
1880,129.0,16512
1881,129.0,16512
1882,129.0,16512
1883,129.0,16512
1884,129.0,16512
1885,129.0,16512
1886,129.0,16512
1887,129.0,16512
1888,129.0,16512
1889,129.0,16512
1890,129.0,16512
1891,129.0,16512
1892,129.0,16512
1893,137.0,17536
1894,137.0,17536
1895,137.0,17536
1896,137.0,17536
1897,137.0,17536
1898,137.0,17536
1899,137.0,17536
1900,137.0,17536
1901,137.0,17536
1902,137.0,17536
1903,137.0,17536
1904,137.0,17536
1905,137.0,17536
1906,129.0,16512
1907,137.0,17536
1908,137.0,17536
1909,137.0,17536
1910,137.0,17536
1911,137.0,17536
1912,137.0,17536
1913,137.0,17536
1914,137.0,17536
1915,137.0,17536
1916,137.0,17536
1917,137.0,17536
1918,137.0,17536
1919,137.0,17536
1920,137.0,17536
1921,137.0,17536
1922,137.0,17536
1923,137.0,17536
1924,137.0,17536
1925,137.0,17536
1926,137.0,17536
1927,137.0,17536
1928,137.0,17536
1929,137.0,17536
1930,137.0,17536
1931,137.0,17536
1932,137.0,17536
1933,137.0,17536
1934,137.0,17536
1935,137.0,17536
1936,137.0,17536
1937,137.0,17536
1938,137.0,17536
1939,137.0,17536
1940,137.0,17536
1941,129.0,16512
1942,137.0,17536
1943,137.0,17536
1944,137.0,17536
1945,129.0,16512
1946,129.0,16512
1947,129.0,16512
1948,129.0,16512
1949,129.0,16512
1950,129.0,16512
1951,129.0,16512
1952,129.0,16512
1953,129.0,16512
1954,129.0,16512
1955,129.0,16512
1956,137.0,17536
1957,129.0,16512
1958,129.0,16512
1959,129.0,16512
1960,129.0,16512
1961,129.0,16512
1962,129.0,16512
1963,129.0,16512
1964,129.0,16512
1965,137.0,17536
1966,129.0,16512
1967,129.0,16512
1968,137.0,17536
1969,129.0,16512
1970,129.0,16512
1971,129.0,16512
1972,129.0,16512
1973,129.0,16512
1974,129.0,16512
1975,137.0,17536
1976,129.0,16512
1977,137.0,17536
1978,129.0,16512
1979,129.0,16512
1980,129.0,16512
1981,137.0,17536
1982,137.0,17536
1983,129.0,16512
1984,129.0,16512
1985,129.0,16512
1986,129.0,16512
1987,137.0,17536
1988,137.0,17536
1989,129.0,16512
1990,129.0,16512
1991,129.0,16512
1992,129.0,16512
1993,129.0,16512
1994,129.0,16512
1995,137.0,17536
1996,137.0,17536
1997,137.0,17536
1998,129.0,16512
1999,129.0,16512
2000,129.0,16512
