RandomSeed,64076,Population size:128,Bit Length:64,Crossover Rate:0.7,Mutation Rate:0.005
gen,BestFitness,FitnessEval
1,41,5248
2,42,5376
3,41,5248
4,39,4992
5,40,5120
6,41,5248
7,41,5248
8,41,5248
9,41,5248
10,42,5376
11,42,5376
12,43,5504
13,41,5248
14,42,5376
15,41,5248
16,42,5376
17,42,5376
18,42,5376
19,43,5504
20,42,5376
21,42,5376
22,42,5376
23,42,5376
24,43,5504
25,43,5504
26,42,5376
27,41,5248
28,42,5376
29,43,5504
30,42,5376
31,43,5504
32,42,5376
33,43,5504
34,45,5760
35,46,5888
36,45,5760
37,44,5632
38,46,5888
39,45,5760
40,45,5760
41,45,5760
42,44,5632
43,43,5504
44,43,5504
45,43,5504
46,43,5504
47,44,5632
48,43,5504
49,43,5504
50,43,5504
51,44,5632
52,44,5632
53,45,5760
54,44,5632
55,44,5632
56,44,5632
57,46,5888
58,45,5760
59,45,5760
60,44,5632
61,45,5760
62,45,5760
63,46,5888
64,47,6016
65,45,5760
66,45,5760
67,45,5760
68,49,6272
69,49,6272
70,50,6400
71,49,6272
72,49,6272
73,48,6144
74,47,6016
75,47,6016
76,47,6016
77,48,6144
78,48,6144
79,48,6144
80,48,6144
81,47,6016
82,48,6144
83,48,6144
84,48,6144
85,49,6272
86,48,6144
87,47,6016
88,46,5888
89,46,5888
90,47,6016
91,48,6144
92,48,6144
93,48,6144
94,49,6272
95,47,6016
96,48,6144
97,46,5888
98,46,5888
99,48,6144
100,48,6144
101,47,6016
102,46,5888
103,48,6144
104,47,6016
105,48,6144
106,48,6144
107,47,6016
108,47,6016
109,47,6016
110,47,6016
111,46,5888
112,47,6016
113,46,5888
114,47,6016
115,48,6144
116,48,6144
117,48,6144
118,48,6144
119,48,6144
120,48,6144
121,48,6144
122,48,6144
123,49,6272
124,47,6016
125,47,6016
126,47,6016
127,48,6144
128,49,6272
129,49,6272
130,49,6272
131,48,6144
132,48,6144
133,48,6144
134,49,6272
135,47,6016
136,48,6144
137,47,6016
138,49,6272
139,49,6272
140,48,6144
141,48,6144
142,47,6016
143,47,6016
144,46,5888
145,47,6016
146,47,6016
147,48,6144
148,47,6016
149,48,6144
150,49,6272
151,49,6272
152,49,6272
153,49,6272
154,47,6016
155,46,5888
156,46,5888
157,47,6016
158,48,6144
159,46,5888
160,46,5888
161,47,6016
162,47,6016
163,47,6016
164,47,6016
165,47,6016
166,46,5888
167,48,6144
168,48,6144
169,48,6144
170,48,6144
171,48,6144
172,47,6016
173,48,6144
174,48,6144
175,48,6144
176,48,6144
177,49,6272
178,48,6144
179,48,6144
180,49,6272
181,48,6144
182,50,6400
183,50,6400
184,49,6272
185,49,6272
186,51,6528
187,51,6528
188,51,6528
189,52,6656
190,51,6528
191,51,6528
192,51,6528
193,51,6528
194,50,6400
195,50,6400
196,50,6400
197,49,6272
198,51,6528
199,51,6528
200,52,6656
201,53,6784
202,49,6272
203,49,6272
204,50,6400
205,50,6400
206,50,6400
207,50,6400
208,51,6528
209,51,6528
210,52,6656
211,51,6528
212,53,6784
213,55,7040
214,55,7040
215,54,6912
216,53,6784
217,52,6656
218,52,6656
219,53,6784
220,53,6784
221,53,6784
222,52,6656
223,53,6784
224,53,6784
225,52,6656
226,52,6656
227,52,6656
228,52,6656
229,50,6400
230,51,6528
231,51,6528
232,51,6528
233,52,6656
234,53,6784
235,53,6784
236,54,6912
237,52,6656
238,53,6784
239,51,6528
240,51,6528
241,50,6400
242,50,6400
243,50,6400
244,51,6528
245,49,6272
246,50,6400
247,51,6528
248,49,6272
249,50,6400
250,50,6400
251,50,6400
252,50,6400
253,49,6272
254,49,6272
255,50,6400
256,50,6400
257,51,6528
258,49,6272
259,49,6272
260,50,6400
261,49,6272
262,50,6400
263,53,6784
264,50,6400
265,48,6144
266,51,6528
267,49,6272
268,49,6272
269,49,6272
270,49,6272
271,49,6272
272,50,6400
273,48,6144
274,50,6400
275,50,6400
276,51,6528
277,51,6528
278,48,6144
279,49,6272
280,48,6144
281,48,6144
282,50,6400
283,49,6272
284,48,6144
285,49,6272
286,51,6528
287,48,6144
288,50,6400
289,50,6400
290,50,6400
291,48,6144
292,49,6272
293,49,6272
294,50,6400
295,50,6400
296,47,6016
297,48,6144
298,48,6144
299,50,6400
300,51,6528
301,51,6528
302,50,6400
303,50,6400
304,52,6656
305,51,6528
306,51,6528
307,51,6528
308,52,6656
309,52,6656
310,51,6528
311,51,6528
312,53,6784
313,51,6528
314,51,6528
315,51,6528
316,52,6656
317,51,6528
318,51,6528
319,49,6272
320,49,6272
321,49,6272
322,48,6144
323,48,6144
324,50,6400
325,49,6272
326,49,6272
327,51,6528
328,52,6656
329,50,6400
330,50,6400
331,50,6400
332,48,6144
333,47,6016
334,47,6016
335,47,6016
336,48,6144
337,48,6144
338,47,6016
339,49,6272
340,49,6272
341,47,6016
342,47,6016
343,46,5888
344,48,6144
345,47,6016
346,47,6016
347,47,6016
348,48,6144
349,47,6016
350,47,6016
351,48,6144
352,47,6016
353,47,6016
354,47,6016
355,46,5888
356,48,6144
357,49,6272
358,48,6144
359,46,5888
360,46,5888
361,48,6144
362,46,5888
363,47,6016
364,47,6016
365,46,5888
366,46,5888
367,48,6144
368,48,6144
369,47,6016
370,48,6144
371,48,6144
372,48,6144
373,49,6272
374,49,6272
375,50,6400
376,49,6272
377,50,6400
378,49,6272
379,47,6016
380,48,6144
381,47,6016
382,47,6016
383,48,6144
384,48,6144
385,50,6400
386,49,6272
387,48,6144
388,49,6272
389,49,6272
390,49,6272
391,49,6272
392,49,6272
393,48,6144
394,48,6144
395,50,6400
396,48,6144
397,49,6272
398,49,6272
399,49,6272
400,49,6272
401,48,6144
402,49,6272
403,49,6272
404,49,6272
405,49,6272
406,49,6272
407,49,6272
408,49,6272
409,49,6272
410,50,6400
411,51,6528
412,50,6400
413,51,6528
414,52,6656
415,52,6656
416,52,6656
417,52,6656
418,53,6784
419,53,6784
420,53,6784
421,53,6784
422,52,6656
423,50,6400
424,49,6272
425,50,6400
426,52,6656
427,50,6400
428,51,6528
429,52,6656
430,50,6400
431,50,6400
432,52,6656
433,50,6400
434,51,6528
435,51,6528
436,50,6400
437,51,6528
438,51,6528
439,52,6656
440,52,6656
441,52,6656
442,51,6528
443,52,6656
444,51,6528
445,51,6528
446,51,6528
447,50,6400
448,50,6400
449,49,6272
450,49,6272
451,50,6400
452,52,6656
453,51,6528
454,51,6528
455,52,6656
456,52,6656
457,51,6528
458,52,6656
459,50,6400
460,51,6528
461,51,6528
462,51,6528
463,51,6528
464,53,6784
465,54,6912
466,53,6784
467,53,6784
468,53,6784
469,53,6784
470,54,6912
471,54,6912
472,52,6656
473,54,6912
474,54,6912
475,53,6784
476,53,6784
477,54,6912
478,52,6656
479,52,6656
480,53,6784
481,51,6528
482,51,6528
483,51,6528
484,51,6528
485,52,6656
486,52,6656
487,51,6528
488,52,6656
489,52,6656
490,52,6656
491,52,6656
492,51,6528
493,52,6656
494,52,6656
495,51,6528
496,50,6400
497,51,6528
498,51,6528
499,50,6400
500,50,6400
501,51,6528
502,50,6400
503,50,6400
504,49,6272
505,50,6400
506,51,6528
507,51,6528
508,50,6400
509,51,6528
510,51,6528
511,50,6400
512,51,6528
513,50,6400
514,51,6528
515,51,6528
516,49,6272
517,52,6656
518,52,6656
519,52,6656
520,52,6656
521,53,6784
522,54,6912
523,53,6784
524,53,6784
525,54,6912
526,53,6784
527,52,6656
528,53,6784
529,52,6656
530,50,6400
531,49,6272
532,50,6400
533,50,6400
534,50,6400
535,50,6400
536,51,6528
537,50,6400
538,51,6528
539,51,6528
540,51,6528
541,50,6400
542,50,6400
543,50,6400
544,53,6784
545,49,6272
546,51,6528
547,51,6528
548,51,6528
549,51,6528
550,51,6528
551,51,6528
552,52,6656
553,53,6784
554,53,6784
555,51,6528
556,52,6656
557,51,6528
558,51,6528
559,50,6400
560,54,6912
561,55,7040
562,52,6656
563,52,6656
564,54,6912
565,53,6784
566,52,6656
567,50,6400
568,50,6400
569,50,6400
570,51,6528
571,51,6528
572,52,6656
573,50,6400
574,51,6528
575,51,6528
576,55,7040
577,55,7040
578,56,7168
579,55,7040
580,54,6912
581,54,6912
582,55,7040
583,55,7040
584,54,6912
585,55,7040
586,54,6912
587,54,6912
588,53,6784
589,53,6784
590,53,6784
591,52,6656
592,52,6656
593,52,6656
594,52,6656
595,52,6656
596,51,6528
597,52,6656
598,51,6528
599,50,6400
600,51,6528
601,51,6528
602,50,6400
603,50,6400
604,51,6528
605,50,6400
606,50,6400
607,49,6272
608,51,6528
609,51,6528
610,49,6272
611,50,6400
612,50,6400
613,50,6400
614,51,6528
615,52,6656
616,51,6528
617,50,6400
618,49,6272
619,50,6400
620,50,6400
621,53,6784
622,53,6784
623,53,6784
624,51,6528
625,51,6528
626,51,6528
627,49,6272
628,48,6144
629,49,6272
630,48,6144
631,50,6400
632,50,6400
633,49,6272
634,51,6528
635,51,6528
636,50,6400
637,50,6400
638,50,6400
639,50,6400
640,50,6400
641,50,6400
642,48,6144
643,48,6144
644,49,6272
645,49,6272
646,48,6144
647,49,6272
648,50,6400
649,48,6144
650,49,6272
651,51,6528
652,50,6400
653,51,6528
654,51,6528
655,51,6528
656,51,6528
657,51,6528
658,52,6656
659,53,6784
660,53,6784
661,53,6784
662,54,6912
663,52,6656
664,53,6784
665,53,6784
666,53,6784
667,54,6912
668,53,6784
669,53,6784
670,53,6784
671,53,6784
672,53,6784
673,54,6912
674,53,6784
675,51,6528
676,53,6784
677,51,6528
678,51,6528
679,51,6528
680,51,6528
681,53,6784
682,53,6784
683,53,6784
684,53,6784
685,52,6656
686,52,6656
687,53,6784
688,53,6784
689,53,6784
690,53,6784
691,53,6784
692,53,6784
693,50,6400
694,50,6400
695,51,6528
696,50,6400
697,51,6528
698,51,6528
699,51,6528
700,51,6528
701,51,6528
702,51,6528
703,51,6528
704,51,6528
705,51,6528
706,51,6528
707,51,6528
708,52,6656
709,52,6656
710,52,6656
711,53,6784
712,54,6912
713,55,7040
714,55,7040
715,54,6912
716,54,6912
717,54,6912
718,53,6784
719,53,6784
720,52,6656
721,53,6784
722,53,6784
723,51,6528
724,53,6784
725,51,6528
726,51,6528
727,50,6400
728,50,6400
729,49,6272
730,49,6272
731,51,6528
732,53,6784
733,51,6528
734,51,6528
735,50,6400
736,50,6400
737,52,6656
738,52,6656
739,51,6528
740,52,6656
741,53,6784
742,52,6656
743,52,6656
744,52,6656
745,51,6528
746,51,6528
747,51,6528
748,52,6656
749,52,6656
750,51,6528
751,53,6784
752,50,6400
753,51,6528
754,52,6656
755,54,6912
756,53,6784
757,52,6656
758,54,6912
759,54,6912
760,54,6912
761,54,6912
762,53,6784
763,53,6784
764,53,6784
765,53,6784
766,53,6784
767,54,6912
768,53,6784
769,53,6784
770,54,6912
771,54,6912
772,53,6784
773,53,6784
774,54,6912
775,52,6656
776,52,6656
777,52,6656
778,52,6656
779,52,6656
780,53,6784
781,52,6656
782,51,6528
783,51,6528
784,52,6656
785,51,6528
786,50,6400
787,50,6400
788,50,6400
789,49,6272
790,50,6400
791,50,6400
792,48,6144
793,48,6144
794,48,6144
795,48,6144
796,49,6272
797,47,6016
798,47,6016
799,49,6272
800,49,6272
801,48,6144
802,48,6144
803,48,6144
804,48,6144
805,46,5888
806,48,6144
807,48,6144
808,48,6144
809,48,6144
810,48,6144
811,49,6272
812,49,6272
813,49,6272
814,51,6528
815,47,6016
816,48,6144
817,49,6272
818,49,6272
819,47,6016
820,48,6144
821,47,6016
822,48,6144
823,47,6016
824,47,6016
825,48,6144
826,48,6144
827,48,6144
828,48,6144
829,47,6016
830,47,6016
831,48,6144
832,49,6272
833,49,6272
834,48,6144
835,48,6144
836,48,6144
837,48,6144
838,47,6016
839,49,6272
840,49,6272
841,50,6400
842,49,6272
843,49,6272
844,49,6272
845,49,6272
846,49,6272
847,49,6272
848,50,6400
849,51,6528
850,49,6272
851,50,6400
852,50,6400
853,51,6528
854,52,6656
855,49,6272
856,49,6272
857,51,6528
858,50,6400
859,51,6528
860,51,6528
861,52,6656
862,51,6528
863,51,6528
864,53,6784
865,52,6656
866,53,6784
867,53,6784
868,53,6784
869,52,6656
870,52,6656
871,52,6656
872,53,6784
873,54,6912
874,52,6656
875,53,6784
876,53,6784
877,53,6784
878,52,6656
879,53,6784
880,54,6912
881,54,6912
882,54,6912
883,54,6912
884,54,6912
885,54,6912
886,52,6656
887,53,6784
888,53,6784
889,52,6656
890,53,6784
891,52,6656
892,52,6656
893,52,6656
894,52,6656
895,52,6656
896,54,6912
897,52,6656
898,54,6912
899,54,6912
900,53,6784
901,53,6784
902,53,6784
903,53,6784
904,53,6784
905,53,6784
906,52,6656
907,53,6784
908,52,6656
909,52,6656
910,53,6784
911,52,6656
912,54,6912
913,53,6784
914,52,6656
915,54,6912
916,52,6656
917,55,7040
918,51,6528
919,51,6528
920,52,6656
921,52,6656
922,52,6656
923,53,6784
924,53,6784
925,54,6912
926,53,6784
927,53,6784
928,52,6656
929,52,6656
930,54,6912
931,52,6656
932,53,6784
933,53,6784
934,53,6784
935,56,7168
936,52,6656
937,53,6784
938,53,6784
939,55,7040
940,53,6784
941,54,6912
942,53,6784
943,55,7040
944,54,6912
945,53,6784
946,53,6784
947,53,6784
948,53,6784
949,54,6912
950,53,6784
951,53,6784
952,55,7040
953,55,7040
954,54,6912
955,54,6912
956,54,6912
957,53,6784
958,54,6912
959,54,6912
960,53,6784
961,53,6784
962,53,6784
963,54,6912
964,53,6784
965,53,6784
966,54,6912
967,54,6912
968,54,6912
969,53,6784
970,54,6912
971,54,6912
972,54,6912
973,54,6912
974,54,6912
975,54,6912
976,53,6784
977,54,6912
978,52,6656
979,53,6784
980,54,6912
981,54,6912
982,54,6912
983,55,7040
984,54,6912
985,54,6912
986,54,6912
987,54,6912
988,55,7040
989,54,6912
990,53,6784
991,53,6784
992,54,6912
993,55,7040
994,54,6912
995,55,7040
996,53,6784
997,53,6784
998,53,6784
999,52,6656
1000,53,6784
1001,53,6784
1002,53,6784
1003,54,6912
1004,54,6912
1005,54,6912
1006,54,6912
1007,53,6784
1008,53,6784
1009,53,6784
1010,53,6784
1011,54,6912
1012,53,6784
1013,52,6656
1014,53,6784
1015,53,6784
1016,52,6656
1017,51,6528
1018,52,6656
1019,52,6656
1020,52,6656
1021,52,6656
1022,51,6528
1023,51,6528
1024,51,6528
1025,52,6656
1026,52,6656
1027,50,6400
1028,51,6528
1029,51,6528
1030,51,6528
1031,51,6528
1032,51,6528
1033,52,6656
1034,52,6656
1035,52,6656
1036,52,6656
1037,51,6528
1038,51,6528
1039,53,6784
1040,53,6784
1041,52,6656
1042,51,6528
1043,54,6912
1044,54,6912
1045,54,6912
1046,51,6528
1047,51,6528
1048,50,6400
1049,49,6272
1050,48,6144
1051,48,6144
1052,48,6144
1053,49,6272
1054,49,6272
1055,49,6272
1056,49,6272
1057,48,6144
1058,48,6144
1059,49,6272
1060,49,6272
1061,49,6272
1062,50,6400
1063,49,6272
1064,49,6272
1065,47,6016
1066,48,6144
1067,48,6144
1068,48,6144
1069,47,6016
1070,47,6016
1071,49,6272
1072,47,6016
1073,48,6144
1074,48,6144
1075,51,6528
1076,48,6144
1077,50,6400
1078,51,6528
1079,50,6400
1080,48,6144
1081,50,6400
1082,51,6528
1083,48,6144
1084,50,6400
1085,47,6016
1086,47,6016
1087,48,6144
1088,49,6272
1089,49,6272
1090,49,6272
1091,50,6400
1092,49,6272
1093,49,6272
1094,49,6272
1095,50,6400
1096,49,6272
1097,50,6400
1098,49,6272
1099,49,6272
1100,49,6272
1101,51,6528
1102,50,6400
1103,51,6528
1104,51,6528
1105,50,6400
1106,51,6528
1107,52,6656
1108,52,6656
1109,52,6656
1110,51,6528
1111,52,6656
1112,52,6656
1113,53,6784
1114,53,6784
1115,55,7040
1116,55,7040
1117,53,6784
1118,52,6656
1119,52,6656
1120,52,6656
1121,52,6656
1122,53,6784
1123,54,6912
1124,54,6912
1125,54,6912
1126,54,6912
1127,55,7040
1128,54,6912
1129,54,6912
1130,53,6784
1131,51,6528
1132,52,6656
1133,52,6656
1134,53,6784
1135,53,6784
1136,53,6784
1137,53,6784
1138,53,6784
1139,53,6784
1140,54,6912
1141,53,6784
1142,52,6656
1143,51,6528
1144,51,6528
1145,52,6656
1146,51,6528
1147,51,6528
1148,52,6656
1149,51,6528
1150,51,6528
1151,52,6656
1152,52,6656
1153,52,6656
1154,52,6656
1155,53,6784
1156,52,6656
1157,51,6528
1158,52,6656
1159,51,6528
1160,51,6528
1161,51,6528
1162,53,6784
1163,51,6528
1164,53,6784
1165,53,6784
1166,54,6912
1167,52,6656
1168,53,6784
1169,52,6656
1170,53,6784
1171,51,6528
1172,52,6656
1173,54,6912
1174,55,7040
1175,53,6784
1176,55,7040
1177,55,7040
1178,54,6912
1179,54,6912
1180,53,6784
1181,56,7168
1182,55,7040
1183,55,7040
1184,54,6912
1185,54,6912
1186,54,6912
1187,54,6912
1188,53,6784
1189,53,6784
1190,53,6784
1191,54,6912
1192,52,6656
1193,52,6656
1194,54,6912
1195,52,6656
1196,53,6784
1197,52,6656
1198,52,6656
1199,51,6528
1200,51,6528
1201,52,6656
1202,51,6528
1203,51,6528
1204,51,6528
1205,51,6528
1206,50,6400
1207,51,6528
1208,52,6656
1209,51,6528
1210,51,6528
1211,52,6656
1212,52,6656
1213,50,6400
1214,49,6272
1215,49,6272
1216,51,6528
1217,51,6528
1218,51,6528
1219,50,6400
1220,51,6528
1221,52,6656
1222,52,6656
1223,52,6656
1224,52,6656
1225,53,6784
1226,53,6784
1227,52,6656
1228,50,6400
1229,51,6528
1230,51,6528
1231,52,6656
1232,51,6528
1233,50,6400
1234,50,6400
1235,51,6528
1236,53,6784
1237,51,6528
1238,51,6528
1239,50,6400
1240,51,6528
1241,49,6272
1242,51,6528
1243,51,6528
1244,49,6272
1245,49,6272
1246,52,6656
1247,50,6400
1248,49,6272
1249,49,6272
1250,49,6272
1251,50,6400
1252,49,6272
1253,48,6144
1254,48,6144
1255,49,6272
1256,49,6272
1257,49,6272
1258,49,6272
1259,48,6144
1260,47,6016
1261,48,6144
1262,48,6144
1263,49,6272
1264,48,6144
1265,50,6400
1266,48,6144
1267,49,6272
1268,50,6400
1269,49,6272
1270,51,6528
1271,48,6144
1272,48,6144
1273,48,6144
1274,49,6272
1275,51,6528
1276,49,6272
1277,49,6272
1278,48,6144
1279,48,6144
1280,48,6144
1281,47,6016
1282,46,5888
1283,47,6016
1284,47,6016
1285,47,6016
1286,46,5888
1287,46,5888
1288,46,5888
1289,46,5888
1290,46,5888
1291,48,6144
1292,47,6016
1293,47,6016
1294,48,6144
1295,48,6144
1296,47,6016
1297,48,6144
1298,50,6400
1299,50,6400
1300,49,6272
1301,49,6272
1302,49,6272
1303,49,6272
1304,49,6272
1305,47,6016
1306,47,6016
1307,48,6144
1308,48,6144
1309,48,6144
1310,50,6400
1311,50,6400
1312,50,6400
1313,51,6528
1314,50,6400
1315,50,6400
1316,51,6528
1317,51,6528
1318,53,6784
1319,53,6784
1320,50,6400
1321,50,6400
1322,51,6528
1323,51,6528
1324,49,6272
1325,49,6272
1326,49,6272
1327,49,6272
1328,49,6272
1329,50,6400
1330,49,6272
1331,50,6400
1332,50,6400
1333,51,6528
1334,49,6272
1335,50,6400
1336,51,6528
1337,49,6272
1338,50,6400
1339,50,6400
1340,49,6272
1341,49,6272
1342,50,6400
1343,51,6528
1344,51,6528
1345,52,6656
1346,51,6528
1347,51,6528
1348,49,6272
1349,47,6016
1350,49,6272
1351,48,6144
1352,48,6144
1353,47,6016
1354,47,6016
1355,47,6016
1356,48,6144
1357,47,6016
1358,48,6144
1359,50,6400
1360,49,6272
1361,50,6400
1362,51,6528
1363,47,6016
1364,48,6144
1365,49,6272
1366,50,6400
1367,49,6272
1368,49,6272
1369,50,6400
1370,50,6400
1371,50,6400
1372,51,6528
1373,51,6528
1374,52,6656
1375,50,6400
1376,52,6656
1377,51,6528
1378,50,6400
1379,50,6400
1380,52,6656
1381,50,6400
1382,51,6528
1383,50,6400
1384,50,6400
1385,53,6784
1386,51,6528
1387,50,6400
1388,53,6784
1389,50,6400
1390,51,6528
1391,51,6528
1392,51,6528
1393,51,6528
1394,50,6400
1395,52,6656
1396,52,6656
1397,50,6400
1398,51,6528
1399,50,6400
1400,48,6144
1401,50,6400
1402,48,6144
1403,49,6272
1404,49,6272
1405,49,6272
1406,50,6400
1407,51,6528
1408,52,6656
1409,51,6528
1410,50,6400
1411,51,6528
1412,51,6528
1413,51,6528
1414,52,6656
1415,52,6656
1416,52,6656
1417,52,6656
1418,53,6784
1419,53,6784
1420,53,6784
1421,56,7168
1422,55,7040
1423,56,7168
1424,57,7296
1425,56,7168
1426,57,7296
1427,57,7296
1428,57,7296
1429,57,7296
1430,57,7296
1431,57,7296
1432,55,7040
1433,55,7040
1434,56,7168
1435,56,7168
1436,54,6912
1437,56,7168
1438,57,7296
1439,55,7040
1440,54,6912
1441,55,7040
1442,54,6912
1443,54,6912
1444,56,7168
1445,56,7168
1446,55,7040
1447,54,6912
1448,57,7296
1449,53,6784
1450,53,6784
1451,53,6784
1452,53,6784
1453,54,6912
1454,52,6656
1455,53,6784
1456,53,6784
1457,54,6912
1458,55,7040
1459,56,7168
1460,54,6912
1461,55,7040
1462,55,7040
1463,54,6912
1464,53,6784
1465,54,6912
1466,54,6912
1467,53,6784
1468,53,6784
1469,55,7040
1470,56,7168
1471,57,7296
1472,56,7168
1473,56,7168
1474,55,7040
1475,55,7040
1476,55,7040
1477,55,7040
1478,56,7168
1479,55,7040
1480,53,6784
1481,52,6656
1482,52,6656
1483,51,6528
1484,52,6656
1485,52,6656
1486,52,6656
1487,52,6656
1488,52,6656
1489,53,6784
1490,52,6656
1491,53,6784
1492,51,6528
1493,51,6528
1494,52,6656
1495,53,6784
1496,51,6528
1497,50,6400
1498,51,6528
1499,52,6656
1500,51,6528
1501,53,6784
1502,52,6656
1503,54,6912
1504,54,6912
1505,54,6912
1506,53,6784
1507,54,6912
1508,53,6784
1509,54,6912
1510,55,7040
1511,54,6912
1512,55,7040
1513,56,7168
1514,55,7040
1515,54,6912
1516,54,6912
1517,56,7168
1518,54,6912
1519,54,6912
1520,54,6912
1521,54,6912
1522,53,6784
1523,53,6784
1524,54,6912
1525,54,6912
1526,54,6912
1527,53,6784
1528,53,6784
1529,54,6912
1530,54,6912
1531,54,6912
1532,53,6784
1533,54,6912
1534,54,6912
1535,55,7040
1536,55,7040
1537,55,7040
1538,53,6784
1539,54,6912
1540,54,6912
1541,56,7168
1542,55,7040
1543,55,7040
1544,54,6912
1545,53,6784
1546,54,6912
1547,53,6784
1548,53,6784
1549,53,6784
1550,55,7040
1551,55,7040
1552,52,6656
1553,52,6656
1554,53,6784
1555,52,6656
1556,53,6784
1557,53,6784
1558,53,6784
1559,53,6784
1560,53,6784
1561,55,7040
1562,55,7040
1563,54,6912
1564,56,7168
1565,54,6912
1566,55,7040
1567,55,7040
1568,54,6912
1569,54,6912
1570,54,6912
1571,55,7040
1572,55,7040
1573,54,6912
1574,53,6784
1575,53,6784
1576,53,6784
1577,54,6912
1578,53,6784
1579,55,7040
1580,54,6912
1581,54,6912
1582,54,6912
1583,54,6912
1584,54,6912
1585,54,6912
1586,55,7040
1587,54,6912
1588,55,7040
1589,55,7040
1590,55,7040
1591,55,7040
1592,55,7040
1593,55,7040
1594,55,7040
1595,56,7168
1596,57,7296
1597,56,7168
1598,56,7168
1599,56,7168
1600,57,7296
1601,56,7168
1602,56,7168
1603,57,7296
1604,56,7168
1605,56,7168
1606,57,7296
1607,57,7296
1608,56,7168
1609,57,7296
1610,57,7296
1611,56,7168
1612,55,7040
1613,55,7040
1614,56,7168
1615,55,7040
1616,56,7168
1617,56,7168
1618,56,7168
1619,56,7168
1620,56,7168
1621,55,7040
1622,57,7296
1623,56,7168
1624,56,7168
1625,56,7168
1626,57,7296
1627,58,7424
1628,58,7424
1629,57,7296
1630,57,7296
1631,57,7296
1632,57,7296
1633,57,7296
1634,57,7296
1635,57,7296
1636,57,7296
1637,57,7296
1638,58,7424
1639,57,7296
1640,58,7424
1641,57,7296
1642,57,7296
1643,57,7296
1644,58,7424
1645,58,7424
1646,58,7424
1647,56,7168
1648,56,7168
1649,58,7424
1650,56,7168
1651,56,7168
1652,56,7168
1653,54,6912
1654,54,6912
1655,55,7040
1656,55,7040
1657,55,7040
1658,55,7040
1659,54,6912
1660,55,7040
1661,54,6912
1662,54,6912
1663,54,6912
1664,53,6784
1665,53,6784
1666,53,6784
1667,54,6912
1668,54,6912
1669,54,6912
1670,55,7040
1671,55,7040
1672,54,6912
1673,55,7040
1674,55,7040
1675,54,6912
1676,53,6784
1677,55,7040
1678,54,6912
1679,52,6656
1680,57,7296
1681,56,7168
1682,54,6912
1683,55,7040
1684,56,7168
1685,55,7040
1686,54,6912
1687,53,6784
1688,54,6912
1689,56,7168
1690,55,7040
1691,55,7040
1692,53,6784
1693,54,6912
1694,54,6912
1695,54,6912
1696,53,6784
1697,53,6784
1698,53,6784
1699,52,6656
1700,53,6784
1701,52,6656
1702,52,6656
1703,51,6528
1704,51,6528
1705,51,6528
1706,52,6656
1707,51,6528
1708,52,6656
1709,53,6784
1710,52,6656
1711,52,6656
1712,51,6528
1713,51,6528
1714,50,6400
1715,51,6528
1716,51,6528
1717,52,6656
1718,51,6528
1719,52,6656
1720,51,6528
1721,52,6656
1722,53,6784
1723,55,7040
1724,55,7040
1725,54,6912
1726,55,7040
1727,54,6912
1728,53,6784
1729,53,6784
1730,53,6784
1731,53,6784
1732,52,6656
1733,52,6656
1734,52,6656
1735,51,6528
1736,51,6528
1737,51,6528
1738,51,6528
1739,51,6528
1740,51,6528
1741,52,6656
1742,52,6656
1743,52,6656
1744,52,6656
1745,51,6528
1746,52,6656
1747,51,6528
1748,52,6656
1749,52,6656
1750,52,6656
1751,52,6656
1752,52,6656
1753,53,6784
1754,52,6656
1755,52,6656
1756,52,6656
1757,52,6656
1758,51,6528
1759,53,6784
1760,53,6784
1761,53,6784
1762,53,6784
1763,53,6784
1764,53,6784
1765,51,6528
1766,51,6528
1767,53,6784
1768,50,6400
1769,50,6400
1770,51,6528
1771,49,6272
1772,50,6400
1773,50,6400
1774,51,6528
1775,51,6528
1776,51,6528
1777,52,6656
1778,52,6656
1779,52,6656
1780,52,6656
1781,52,6656
1782,54,6912
1783,52,6656
1784,53,6784
1785,53,6784
1786,51,6528
1787,52,6656
1788,53,6784
1789,52,6656
1790,51,6528
1791,50,6400
1792,51,6528
1793,52,6656
1794,51,6528
1795,49,6272
1796,49,6272
1797,53,6784
1798,49,6272
1799,51,6528
1800,52,6656
1801,52,6656
1802,52,6656
1803,53,6784
1804,53,6784
1805,54,6912
1806,53,6784
1807,54,6912
1808,52,6656
1809,53,6784
1810,55,7040
1811,54,6912
1812,53,6784
1813,53,6784
1814,51,6528
1815,52,6656
1816,51,6528
1817,51,6528
1818,52,6656
1819,53,6784
1820,51,6528
1821,53,6784
1822,53,6784
1823,52,6656
1824,52,6656
1825,52,6656
1826,52,6656
1827,52,6656
1828,51,6528
1829,52,6656
1830,51,6528
1831,50,6400
1832,50,6400
1833,51,6528
1834,50,6400
1835,49,6272
1836,48,6144
1837,48,6144
1838,48,6144
1839,50,6400
1840,50,6400
1841,50,6400
1842,48,6144
1843,49,6272
1844,49,6272
1845,49,6272
1846,48,6144
1847,49,6272
1848,50,6400
1849,49,6272
1850,50,6400
1851,49,6272
1852,49,6272
1853,49,6272
1854,49,6272
1855,49,6272
1856,48,6144
1857,48,6144
1858,48,6144
1859,47,6016
1860,49,6272
1861,48,6144
1862,48,6144
1863,48,6144
1864,49,6272
1865,49,6272
1866,50,6400
1867,50,6400
1868,50,6400
1869,50,6400
1870,49,6272
1871,49,6272
1872,50,6400
1873,50,6400
1874,48,6144
1875,48,6144
1876,47,6016
1877,46,5888
1878,46,5888
1879,46,5888
1880,46,5888
1881,47,6016
1882,44,5632
1883,44,5632
1884,44,5632
1885,45,5760
1886,44,5632
1887,44,5632
1888,44,5632
1889,44,5632
1890,46,5888
1891,44,5632
1892,45,5760
1893,44,5632
1894,42,5376
1895,43,5504
1896,43,5504
1897,44,5632
1898,45,5760
1899,47,6016
1900,47,6016
1901,48,6144
1902,48,6144
1903,48,6144
1904,48,6144
1905,48,6144
1906,48,6144
1907,47,6016
1908,47,6016
1909,46,5888
1910,46,5888
1911,45,5760
1912,45,5760
1913,46,5888
1914,46,5888
1915,43,5504
1916,44,5632
1917,45,5760
1918,43,5504
1919,44,5632
1920,44,5632
1921,44,5632
1922,43,5504
1923,44,5632
1924,45,5760
1925,46,5888
1926,45,5760
1927,45,5760
1928,46,5888
1929,44,5632
1930,45,5760
1931,45,5760
1932,44,5632
1933,46,5888
1934,46,5888
1935,46,5888
1936,46,5888
1937,46,5888
1938,46,5888
1939,44,5632
1940,44,5632
1941,45,5760
1942,46,5888
1943,45,5760
1944,44,5632
1945,45,5760
1946,45,5760
1947,46,5888
1948,45,5760
1949,46,5888
1950,45,5760
1951,46,5888
1952,47,6016
1953,46,5888
1954,46,5888
1955,47,6016
1956,47,6016
1957,47,6016
1958,47,6016
1959,47,6016
1960,47,6016
1961,48,6144
1962,49,6272
1963,48,6144
1964,48,6144
1965,47,6016
1966,47,6016
1967,47,6016
1968,46,5888
1969,46,5888
1970,46,5888
1971,46,5888
1972,48,6144
1973,48,6144
1974,48,6144
1975,48,6144
1976,47,6016
1977,48,6144
1978,48,6144
1979,47,6016
1980,48,6144
1981,49,6272
1982,48,6144
1983,49,6272
1984,48,6144
1985,49,6272
1986,49,6272
1987,47,6016
1988,46,5888
1989,48,6144
1990,48,6144
1991,49,6272
1992,46,5888
1993,47,6016
1994,48,6144
1995,47,6016
1996,48,6144
1997,50,6400
1998,50,6400
1999,49,6272
2000,49,6272
