RandomSeed,60680,Population size:128,Bit Length:64,Crossover Rate:0.7,Mutation Rate:0.005
gen,BestFitness,FitnessEval
1,41,5248
2,39,4992
3,41,5248
4,41,5248
5,41,5248
6,41,5248
7,43,5504
8,41,5248
9,40,5120
10,41,5248
11,42,5376
12,41,5248
13,41,5248
14,43,5504
15,44,5632
16,44,5632
17,44,5632
18,44,5632
19,45,5760
20,42,5376
21,44,5632
22,45,5760
23,44,5632
24,43,5504
25,42,5376
26,43,5504
27,44,5632
28,45,5760
29,45,5760
30,44,5632
31,43,5504
32,43,5504
33,44,5632
34,44,5632
35,45,5760
36,44,5632
37,45,5760
38,44,5632
39,44,5632
40,44,5632
41,43,5504
42,45,5760
43,45,5760
44,45,5760
45,45,5760
46,45,5760
47,45,5760
48,46,5888
49,46,5888
50,44,5632
51,44,5632
52,45,5760
53,46,5888
54,45,5760
55,44,5632
56,45,5760
57,44,5632
58,46,5888
59,46,5888
60,46,5888
61,45,5760
62,45,5760
63,47,6016
64,47,6016
65,47,6016
66,46,5888
67,45,5760
68,45,5760
69,47,6016
70,46,5888
71,46,5888
72,46,5888
73,47,6016
74,48,6144
75,48,6144
76,49,6272
77,49,6272
78,48,6144
79,47,6016
80,46,5888
81,46,5888
82,46,5888
83,48,6144
84,48,6144
85,48,6144
86,47,6016
87,48,6144
88,46,5888
89,46,5888
90,47,6016
91,46,5888
92,46,5888
93,45,5760
94,45,5760
95,46,5888
96,44,5632
97,45,5760
98,45,5760
99,45,5760
100,45,5760
101,46,5888
102,44,5632
103,44,5632
104,45,5760
105,46,5888
106,47,6016
107,46,5888
108,46,5888
109,49,6272
110,49,6272
111,49,6272
112,47,6016
113,48,6144
114,48,6144
115,47,6016
116,47,6016
117,48,6144
118,48,6144
119,48,6144
120,49,6272
121,48,6144
122,46,5888
123,48,6144
124,49,6272
125,48,6144
126,48,6144
127,48,6144
128,48,6144
129,48,6144
130,48,6144
131,49,6272
132,50,6400
133,50,6400
134,49,6272
135,49,6272
136,50,6400
137,48,6144
138,49,6272
139,49,6272
140,47,6016
141,47,6016
142,48,6144
143,48,6144
144,48,6144
145,48,6144
146,48,6144
147,49,6272
148,49,6272
149,50,6400
150,50,6400
151,50,6400
152,50,6400
153,49,6272
154,50,6400
155,49,6272
156,49,6272
157,49,6272
158,49,6272
159,49,6272
160,49,6272
161,50,6400
162,50,6400
163,48,6144
164,48,6144
165,49,6272
166,46,5888
167,48,6144
168,48,6144
169,48,6144
170,48,6144
171,49,6272
172,49,6272
173,48,6144
174,48,6144
175,46,5888
176,47,6016
177,47,6016
178,47,6016
179,46,5888
180,47,6016
181,47,6016
182,48,6144
183,48,6144
184,47,6016
185,46,5888
186,48,6144
187,47,6016
188,46,5888
189,48,6144
190,46,5888
191,46,5888
192,48,6144
193,46,5888
194,46,5888
195,46,5888
196,45,5760
197,47,6016
198,47,6016
199,46,5888
200,46,5888
201,47,6016
202,46,5888
203,46,5888
204,47,6016
205,47,6016
206,47,6016
207,47,6016
208,47,6016
209,48,6144
210,49,6272
211,49,6272
212,49,6272
213,48,6144
214,48,6144
215,48,6144
216,48,6144
217,48,6144
218,48,6144
219,50,6400
220,49,6272
221,49,6272
222,49,6272
223,49,6272
224,50,6400
225,49,6272
226,49,6272
227,50,6400
228,50,6400
229,50,6400
230,48,6144
231,48,6144
232,49,6272
233,49,6272
234,48,6144
235,48,6144
236,49,6272
237,49,6272
238,49,6272
239,49,6272
240,50,6400
241,50,6400
242,49,6272
243,49,6272
244,50,6400
245,48,6144
246,48,6144
247,48,6144
248,48,6144
249,47,6016
250,47,6016
251,48,6144
252,46,5888
253,47,6016
254,48,6144
255,48,6144
256,49,6272
257,49,6272
258,51,6528
259,51,6528
260,51,6528
261,50,6400
262,50,6400
263,51,6528
264,48,6144
265,48,6144
266,50,6400
267,51,6528
268,50,6400
269,51,6528
270,52,6656
271,51,6528
272,51,6528
273,51,6528
274,52,6656
275,52,6656
276,52,6656
277,51,6528
278,50,6400
279,49,6272
280,53,6784
281,52,6656
282,49,6272
283,49,6272
284,48,6144
285,48,6144
286,49,6272
287,49,6272
288,48,6144
289,48,6144
290,47,6016
291,47,6016
292,46,5888
293,48,6144
294,47,6016
295,47,6016
296,48,6144
297,48,6144
298,48,6144
299,48,6144
300,48,6144
301,48,6144
302,48,6144
303,48,6144
304,48,6144
305,48,6144
306,48,6144
307,48,6144
308,47,6016
309,48,6144
310,48,6144
311,46,5888
312,46,5888
313,45,5760
314,45,5760
315,47,6016
316,45,5760
317,45,5760
318,46,5888
319,46,5888
320,48,6144
321,47,6016
322,47,6016
323,45,5760
324,45,5760
325,48,6144
326,47,6016
327,47,6016
328,47,6016
329,46,5888
330,45,5760
331,48,6144
332,46,5888
333,48,6144
334,48,6144
335,48,6144
336,49,6272
337,48,6144
338,49,6272
339,48,6144
340,49,6272
341,50,6400
342,49,6272
343,49,6272
344,49,6272
345,47,6016
346,48,6144
347,49,6272
348,47,6016
349,48,6144
350,47,6016
351,49,6272
352,46,5888
353,47,6016
354,47,6016
355,48,6144
356,49,6272
357,49,6272
358,49,6272
359,48,6144
360,48,6144
361,50,6400
362,50,6400
363,50,6400
364,49,6272
365,49,6272
366,49,6272
367,49,6272
368,49,6272
369,48,6144
370,48,6144
371,48,6144
372,48,6144
373,49,6272
374,48,6144
375,48,6144
376,49,6272
377,49,6272
378,50,6400
379,50,6400
380,48,6144
381,51,6528
382,48,6144
383,49,6272
384,48,6144
385,48,6144
386,48,6144
387,47,6016
388,47,6016
389,47,6016
390,48,6144
391,47,6016
392,48,6144
393,48,6144
394,49,6272
395,49,6272
396,49,6272
397,51,6528
398,51,6528
399,51,6528
400,50,6400
401,50,6400
402,51,6528
403,51,6528
404,51,6528
405,51,6528
406,52,6656
407,49,6272
408,49,6272
409,48,6144
410,48,6144
411,49,6272
412,48,6144
413,48,6144
414,49,6272
415,49,6272
416,48,6144
417,49,6272
418,49,6272
419,47,6016
420,47,6016
421,46,5888
422,46,5888
423,48,6144
424,49,6272
425,48,6144
426,49,6272
427,49,6272
428,48,6144
429,47,6016
430,48,6144
431,48,6144
432,48,6144
433,48,6144
434,50,6400
435,49,6272
436,49,6272
437,49,6272
438,49,6272
439,49,6272
440,49,6272
441,49,6272
442,49,6272
443,50,6400
444,51,6528
445,50,6400
446,50,6400
447,51,6528
448,51,6528
449,50,6400
450,49,6272
451,49,6272
452,50,6400
453,50,6400
454,49,6272
455,50,6400
456,48,6144
457,49,6272
458,49,6272
459,50,6400
460,50,6400
461,52,6656
462,52,6656
463,49,6272
464,51,6528
465,50,6400
466,52,6656
467,52,6656
468,50,6400
469,53,6784
470,52,6656
471,53,6784
472,54,6912
473,52,6656
474,53,6784
475,53,6784
476,51,6528
477,50,6400
478,50,6400
479,54,6912
480,50,6400
481,53,6784
482,51,6528
483,52,6656
484,54,6912
485,50,6400
486,50,6400
487,49,6272
488,50,6400
489,50,6400
490,49,6272
491,49,6272
492,48,6144
493,49,6272
494,49,6272
495,49,6272
496,51,6528
497,53,6784
498,51,6528
499,51,6528
500,50,6400
501,51,6528
502,51,6528
503,50,6400
504,50,6400
505,50,6400
506,52,6656
507,51,6528
508,52,6656
509,52,6656
510,52,6656
511,52,6656
512,52,6656
513,51,6528
514,51,6528
515,51,6528
516,51,6528
517,51,6528
518,51,6528
519,52,6656
520,52,6656
521,52,6656
522,51,6528
523,52,6656
524,52,6656
525,52,6656
526,52,6656
527,51,6528
528,51,6528
529,51,6528
530,51,6528
531,51,6528
532,51,6528
533,52,6656
534,52,6656
535,51,6528
536,52,6656
537,50,6400
538,50,6400
539,50,6400
540,50,6400
541,51,6528
542,51,6528
543,51,6528
544,51,6528
545,51,6528
546,51,6528
547,52,6656
548,51,6528
549,53,6784
550,53,6784
551,53,6784
552,53,6784
553,53,6784
554,52,6656
555,52,6656
556,52,6656
557,52,6656
558,53,6784
559,51,6528
560,50,6400
561,52,6656
562,52,6656
563,52,6656
564,52,6656
565,50,6400
566,50,6400
567,50,6400
568,52,6656
569,52,6656
570,53,6784
571,52,6656
572,51,6528
573,51,6528
574,52,6656
575,53,6784
576,51,6528
577,53,6784
578,51,6528
579,51,6528
580,52,6656
581,52,6656
582,51,6528
583,52,6656
584,53,6784
585,52,6656
586,53,6784
587,52,6656
588,52,6656
589,53,6784
590,52,6656
591,53,6784
592,53,6784
593,53,6784
594,54,6912
595,54,6912
596,54,6912
597,55,7040
598,55,7040
599,56,7168
600,57,7296
601,57,7296
602,56,7168
603,56,7168
604,57,7296
605,56,7168
606,55,7040
607,55,7040
608,54,6912
609,55,7040
610,54,6912
611,53,6784
612,53,6784
613,53,6784
614,53,6784
615,53,6784
616,53,6784
617,54,6912
618,53,6784
619,54,6912
620,53,6784
621,53,6784
622,52,6656
623,51,6528
624,52,6656
625,50,6400
626,51,6528
627,52,6656
628,51,6528
629,52,6656
630,51,6528
631,52,6656
632,52,6656
633,51,6528
634,52,6656
635,52,6656
636,52,6656
637,51,6528
638,52,6656
639,51,6528
640,51,6528
641,51,6528
642,51,6528
643,51,6528
644,51,6528
645,50,6400
646,51,6528
647,52,6656
648,51,6528
649,52,6656
650,51,6528
651,51,6528
652,51,6528
653,51,6528
654,51,6528
655,51,6528
656,52,6656
657,51,6528
658,52,6656
659,50,6400
660,50,6400
661,51,6528
662,51,6528
663,52,6656
664,52,6656
665,52,6656
666,51,6528
667,50,6400
668,51,6528
669,52,6656
670,51,6528
671,51,6528
672,51,6528
673,51,6528
674,50,6400
675,50,6400
676,50,6400
677,51,6528
678,52,6656
679,51,6528
680,53,6784
681,53,6784
682,50,6400
683,51,6528
684,52,6656
685,51,6528
686,51,6528
687,52,6656
688,53,6784
689,51,6528
690,53,6784
691,53,6784
692,55,7040
693,53,6784
694,53,6784
695,53,6784
696,53,6784
697,54,6912
698,53,6784
699,53,6784
700,53,6784
701,54,6912
702,54,6912
703,53,6784
704,54,6912
705,54,6912
706,53,6784
707,55,7040
708,55,7040
709,54,6912
710,54,6912
711,54,6912
712,54,6912
713,54,6912
714,55,7040
715,54,6912
716,54,6912
717,52,6656
718,52,6656
719,52,6656
720,53,6784
721,51,6528
722,51,6528
723,51,6528
724,52,6656
725,53,6784
726,52,6656
727,53,6784
728,53,6784
729,53,6784
730,54,6912
731,55,7040
732,54,6912
733,54,6912
734,53,6784
735,55,7040
736,55,7040
737,54,6912
738,54,6912
739,54,6912
740,54,6912
741,53,6784
742,54,6912
743,54,6912
744,53,6784
745,54,6912
746,53,6784
747,53,6784
748,54,6912
749,53,6784
750,56,7168
751,57,7296
752,57,7296
753,58,7424
754,58,7424
755,58,7424
756,58,7424
757,59,7552
758,58,7424
759,57,7296
760,56,7168
761,54,6912
762,52,6656
763,52,6656
764,54,6912
765,51,6528
766,50,6400
767,51,6528
768,51,6528
769,51,6528
770,51,6528
771,51,6528
772,51,6528
773,53,6784
774,51,6528
775,51,6528
776,50,6400
777,51,6528
778,51,6528
779,51,6528
780,52,6656
781,50,6400
782,51,6528
783,51,6528
784,51,6528
785,51,6528
786,51,6528
787,49,6272
788,50,6400
789,50,6400
790,50,6400
791,50,6400
792,50,6400
793,50,6400
794,51,6528
795,51,6528
796,50,6400
797,50,6400
798,52,6656
799,52,6656
800,52,6656
801,50,6400
802,52,6656
803,53,6784
804,52,6656
805,52,6656
806,52,6656
807,51,6528
808,49,6272
809,48,6144
810,50,6400
811,50,6400
812,50,6400
813,50,6400
814,50,6400
815,50,6400
816,49,6272
817,50,6400
818,50,6400
819,50,6400
820,49,6272
821,50,6400
822,51,6528
823,50,6400
824,49,6272
825,50,6400
826,49,6272
827,51,6528
828,50,6400
829,51,6528
830,50,6400
831,50,6400
832,49,6272
833,50,6400
834,51,6528
835,52,6656
836,51,6528
837,49,6272
838,50,6400
839,51,6528
840,49,6272
841,49,6272
842,51,6528
843,50,6400
844,51,6528
845,51,6528
846,48,6144
847,48,6144
848,49,6272
849,48,6144
850,51,6528
851,51,6528
852,51,6528
853,50,6400
854,52,6656
855,52,6656
856,52,6656
857,50,6400
858,50,6400
859,49,6272
860,47,6016
861,48,6144
862,48,6144
863,48,6144
864,48,6144
865,48,6144
866,47,6016
867,47,6016
868,46,5888
869,47,6016
870,46,5888
871,47,6016
872,46,5888
873,47,6016
874,48,6144
875,48,6144
876,47,6016
877,48,6144
878,46,5888
879,46,5888
880,46,5888
881,46,5888
882,48,6144
883,47,6016
884,46,5888
885,45,5760
886,46,5888
887,47,6016
888,47,6016
889,45,5760
890,44,5632
891,45,5760
892,46,5888
893,46,5888
894,48,6144
895,46,5888
896,46,5888
897,46,5888
898,46,5888
899,46,5888
900,44,5632
901,46,5888
902,47,6016
903,45,5760
904,46,5888
905,46,5888
906,47,6016
907,46,5888
908,46,5888
909,45,5760
910,47,6016
911,48,6144
912,48,6144
913,50,6400
914,48,6144
915,48,6144
916,49,6272
917,51,6528
918,49,6272
919,48,6144
920,49,6272
921,52,6656
922,52,6656
923,49,6272
924,49,6272
925,49,6272
926,50,6400
927,49,6272
928,50,6400
929,50,6400
930,49,6272
931,48,6144
932,49,6272
933,49,6272
934,49,6272
935,51,6528
936,49,6272
937,50,6400
938,48,6144
939,49,6272
940,48,6144
941,50,6400
942,49,6272
943,52,6656
944,50,6400
945,50,6400
946,51,6528
947,51,6528
948,51,6528
949,49,6272
950,52,6656
951,52,6656
952,53,6784
953,53,6784
954,53,6784
955,53,6784
956,51,6528
957,51,6528
958,51,6528
959,51,6528
960,53,6784
961,53,6784
962,54,6912
963,54,6912
964,54,6912
965,54,6912
966,55,7040
967,54,6912
968,54,6912
969,53,6784
970,53,6784
971,52,6656
972,52,6656
973,52,6656
974,55,7040
975,53,6784
976,53,6784
977,53,6784
978,53,6784
979,53,6784
980,53,6784
981,52,6656
982,52,6656
983,53,6784
984,53,6784
985,54,6912
986,54,6912
987,53,6784
988,53,6784
989,54,6912
990,53,6784
991,54,6912
992,53,6784
993,54,6912
994,55,7040
995,55,7040
996,54,6912
997,54,6912
998,53,6784
999,53,6784
1000,52,6656
1001,53,6784
1002,53,6784
1003,53,6784
1004,56,7168
1005,53,6784
1006,53,6784
1007,53,6784
1008,55,7040
1009,55,7040
1010,53,6784
1011,54,6912
1012,53,6784
1013,53,6784
1014,53,6784
1015,54,6912
1016,54,6912
1017,53,6784
1018,53,6784
1019,53,6784
1020,53,6784
1021,54,6912
1022,52,6656
1023,52,6656
1024,53,6784
1025,54,6912
1026,53,6784
1027,53,6784
1028,52,6656
1029,52,6656
1030,52,6656
1031,52,6656
1032,52,6656
1033,52,6656
1034,52,6656
1035,53,6784
1036,52,6656
1037,52,6656
1038,54,6912
1039,52,6656
1040,53,6784
1041,51,6528
1042,54,6912
1043,56,7168
1044,54,6912
1045,52,6656
1046,54,6912
1047,54,6912
1048,52,6656
1049,52,6656
1050,51,6528
1051,53,6784
1052,53,6784
1053,53,6784
1054,53,6784
1055,53,6784
1056,54,6912
1057,54,6912
1058,52,6656
1059,52,6656
1060,53,6784
1061,53,6784
1062,53,6784
1063,53,6784
1064,53,6784
1065,54,6912
1066,56,7168
1067,56,7168
1068,56,7168
1069,56,7168
1070,54,6912
1071,55,7040
1072,55,7040
1073,55,7040
1074,54,6912
1075,54,6912
1076,54,6912
1077,55,7040
1078,55,7040
1079,54,6912
1080,56,7168
1081,56,7168
1082,55,7040
1083,55,7040
1084,54,6912
1085,54,6912
1086,54,6912
1087,54,6912
1088,54,6912
1089,54,6912
1090,55,7040
1091,55,7040
1092,54,6912
1093,55,7040
1094,53,6784
1095,55,7040
1096,56,7168
1097,56,7168
1098,54,6912
1099,55,7040
1100,54,6912
1101,55,7040
1102,54,6912
1103,53,6784
1104,53,6784
1105,55,7040
1106,55,7040
1107,55,7040
1108,55,7040
1109,55,7040
1110,54,6912
1111,52,6656
1112,51,6528
1113,54,6912
1114,56,7168
1115,55,7040
1116,53,6784
1117,52,6656
1118,53,6784
1119,53,6784
1120,53,6784
1121,53,6784
1122,54,6912
1123,53,6784
1124,54,6912
1125,54,6912
1126,54,6912
1127,54,6912
1128,54,6912
1129,54,6912
1130,55,7040
1131,56,7168
1132,55,7040
1133,55,7040
1134,54,6912
1135,54,6912
1136,53,6784
1137,55,7040
1138,55,7040
1139,55,7040
1140,56,7168
1141,54,6912
1142,54,6912
1143,54,6912
1144,55,7040
1145,54,6912
1146,54,6912
1147,54,6912
1148,55,7040
1149,55,7040
1150,56,7168
1151,55,7040
1152,54,6912
1153,54,6912
1154,54,6912
1155,54,6912
1156,53,6784
1157,54,6912
1158,54,6912
1159,55,7040
1160,55,7040
1161,53,6784
1162,52,6656
1163,52,6656
1164,52,6656
1165,52,6656
1166,53,6784
1167,54,6912
1168,54,6912
1169,54,6912
1170,56,7168
1171,53,6784
1172,55,7040
1173,54,6912
1174,54,6912
1175,52,6656
1176,52,6656
1177,52,6656
1178,53,6784
1179,52,6656
1180,51,6528
1181,51,6528
1182,52,6656
1183,51,6528
1184,50,6400
1185,50,6400
1186,50,6400
1187,49,6272
1188,50,6400
1189,49,6272
1190,50,6400
1191,49,6272
1192,50,6400
1193,50,6400
1194,50,6400
1195,50,6400
1196,51,6528
1197,51,6528
1198,50,6400
1199,52,6656
1200,52,6656
1201,52,6656
1202,51,6528
1203,50,6400
1204,50,6400
1205,51,6528
1206,51,6528
1207,51,6528
1208,49,6272
1209,50,6400
1210,50,6400
1211,50,6400
1212,50,6400
1213,50,6400
1214,49,6272
1215,49,6272
1216,49,6272
1217,49,6272
1218,48,6144
1219,49,6272
1220,48,6144
1221,48,6144
1222,49,6272
1223,50,6400
1224,51,6528
1225,48,6144
1226,49,6272
1227,49,6272
1228,49,6272
1229,50,6400
1230,49,6272
1231,50,6400
1232,51,6528
1233,50,6400
1234,50,6400
1235,50,6400
1236,50,6400
1237,51,6528
1238,50,6400
1239,50,6400
1240,50,6400
1241,50,6400
1242,50,6400
1243,50,6400
1244,49,6272
1245,50,6400
1246,49,6272
1247,50,6400
1248,50,6400
1249,50,6400
1250,49,6272
1251,50,6400
1252,51,6528
1253,50,6400
1254,51,6528
1255,51,6528
1256,52,6656
1257,52,6656
1258,52,6656
1259,50,6400
1260,51,6528
1261,51,6528
1262,51,6528
1263,51,6528
1264,51,6528
1265,50,6400
1266,50,6400
1267,50,6400
1268,52,6656
1269,52,6656
1270,53,6784
1271,53,6784
1272,51,6528
1273,51,6528
1274,52,6656
1275,51,6528
1276,53,6784
1277,51,6528
1278,51,6528
1279,51,6528
1280,52,6656
1281,52,6656
1282,52,6656
1283,50,6400
1284,51,6528
1285,51,6528
1286,52,6656
1287,49,6272
1288,51,6528
1289,50,6400
1290,51,6528
1291,51,6528
1292,51,6528
1293,51,6528
1294,51,6528
1295,51,6528
1296,51,6528
1297,51,6528
1298,50,6400
1299,50,6400
1300,49,6272
1301,49,6272
1302,49,6272
1303,48,6144
1304,49,6272
1305,50,6400
1306,49,6272
1307,50,6400
1308,49,6272
1309,49,6272
1310,48,6144
1311,49,6272
1312,50,6400
1313,49,6272
1314,49,6272
1315,50,6400
1316,50,6400
1317,49,6272
1318,48,6144
1319,48,6144
1320,48,6144
1321,48,6144
1322,50,6400
1323,48,6144
1324,50,6400
1325,49,6272
1326,53,6784
1327,52,6656
1328,50,6400
1329,49,6272
1330,49,6272
1331,50,6400
1332,50,6400
1333,50,6400
1334,51,6528
1335,51,6528
1336,51,6528
1337,53,6784
1338,53,6784
1339,52,6656
1340,52,6656
1341,52,6656
1342,53,6784
1343,53,6784
1344,53,6784
1345,54,6912
1346,53,6784
1347,52,6656
1348,54,6912
1349,55,7040
1350,55,7040
1351,54,6912
1352,54,6912
1353,55,7040
1354,55,7040
1355,55,7040
1356,53,6784
1357,55,7040
1358,55,7040
1359,56,7168
1360,56,7168
1361,56,7168
1362,56,7168
1363,55,7040
1364,55,7040
1365,54,6912
1366,54,6912
1367,54,6912
1368,55,7040
1369,55,7040
1370,55,7040
1371,55,7040
1372,55,7040
1373,56,7168
1374,57,7296
1375,55,7040
1376,55,7040
1377,54,6912
1378,54,6912
1379,53,6784
1380,55,7040
1381,54,6912
1382,55,7040
1383,55,7040
1384,55,7040
1385,54,6912
1386,54,6912
1387,54,6912
1388,54,6912
1389,55,7040
1390,55,7040
1391,55,7040
1392,56,7168
1393,56,7168
1394,54,6912
1395,54,6912
1396,53,6784
1397,54,6912
1398,54,6912
1399,54,6912
1400,52,6656
1401,52,6656
1402,52,6656
1403,52,6656
1404,52,6656
1405,51,6528
1406,53,6784
1407,53,6784
1408,54,6912
1409,52,6656
1410,53,6784
1411,53,6784
1412,53,6784
1413,53,6784
1414,54,6912
1415,54,6912
1416,54,6912
1417,54,6912
1418,54,6912
1419,53,6784
1420,51,6528
1421,50,6400
1422,50,6400
1423,51,6528
1424,51,6528
1425,50,6400
1426,50,6400
1427,50,6400
1428,51,6528
1429,51,6528
1430,52,6656
1431,50,6400
1432,51,6528
1433,51,6528
1434,52,6656
1435,51,6528
1436,52,6656
1437,53,6784
1438,53,6784
1439,53,6784
1440,53,6784
1441,53,6784
1442,54,6912
1443,53,6784
1444,52,6656
1445,51,6528
1446,50,6400
1447,52,6656
1448,52,6656
1449,51,6528
1450,51,6528
1451,51,6528
1452,52,6656
1453,52,6656
1454,49,6272
1455,50,6400
1456,50,6400
1457,48,6144
1458,49,6272
1459,48,6144
1460,49,6272
1461,48,6144
1462,47,6016
1463,47,6016
1464,48,6144
1465,47,6016
1466,47,6016
1467,49,6272
1468,48,6144
1469,48,6144
1470,48,6144
1471,50,6400
1472,50,6400
1473,50,6400
1474,46,5888
1475,45,5760
1476,47,6016
1477,48,6144
1478,46,5888
1479,47,6016
1480,47,6016
1481,47,6016
1482,48,6144
1483,49,6272
1484,48,6144
1485,49,6272
1486,49,6272
1487,50,6400
1488,47,6016
1489,48,6144
1490,48,6144
1491,48,6144
1492,47,6016
1493,47,6016
1494,48,6144
1495,47,6016
1496,49,6272
1497,49,6272
1498,49,6272
1499,50,6400
1500,50,6400
1501,50,6400
1502,49,6272
1503,49,6272
1504,49,6272
1505,49,6272
1506,48,6144
1507,49,6272
1508,48,6144
1509,48,6144
1510,49,6272
1511,50,6400
1512,49,6272
1513,48,6144
1514,49,6272
1515,49,6272
1516,50,6400
1517,50,6400
1518,51,6528
1519,51,6528
1520,50,6400
1521,51,6528
1522,50,6400
1523,50,6400
1524,50,6400
1525,51,6528
1526,51,6528
1527,50,6400
1528,50,6400
1529,50,6400
1530,51,6528
1531,50,6400
1532,49,6272
1533,50,6400
1534,49,6272
1535,51,6528
1536,49,6272
1537,50,6400
1538,51,6528
1539,51,6528
1540,49,6272
1541,49,6272
1542,48,6144
1543,49,6272
1544,49,6272
1545,48,6144
1546,50,6400
1547,49,6272
1548,48,6144
1549,50,6400
1550,49,6272
1551,49,6272
1552,48,6144
1553,48,6144
1554,48,6144
1555,48,6144
1556,47,6016
1557,48,6144
1558,49,6272
1559,50,6400
1560,48,6144
1561,49,6272
1562,49,6272
1563,50,6400
1564,49,6272
1565,50,6400
1566,49,6272
1567,50,6400
1568,51,6528
1569,51,6528
1570,51,6528
1571,50,6400
1572,49,6272
1573,51,6528
1574,51,6528
1575,52,6656
1576,52,6656
1577,52,6656
1578,51,6528
1579,53,6784
1580,51,6528
1581,51,6528
1582,52,6656
1583,52,6656
1584,52,6656
1585,52,6656
1586,53,6784
1587,53,6784
1588,53,6784
1589,53,6784
1590,53,6784
1591,52,6656
1592,55,7040
1593,55,7040
1594,55,7040
1595,54,6912
1596,54,6912
1597,56,7168
1598,57,7296
1599,55,7040
1600,55,7040
1601,55,7040
1602,56,7168
1603,55,7040
1604,55,7040
1605,55,7040
1606,56,7168
1607,52,6656
1608,52,6656
1609,54,6912
1610,54,6912
1611,55,7040
1612,53,6784
1613,52,6656
1614,53,6784
1615,53,6784
1616,54,6912
1617,54,6912
1618,54,6912
1619,55,7040
1620,54,6912
1621,55,7040
1622,53,6784
1623,54,6912
1624,54,6912
1625,51,6528
1626,53,6784
1627,53,6784
1628,51,6528
1629,51,6528
1630,52,6656
1631,52,6656
1632,50,6400
1633,50,6400
1634,50,6400
1635,49,6272
1636,50,6400
1637,50,6400
1638,49,6272
1639,49,6272
1640,50,6400
1641,50,6400
1642,51,6528
1643,51,6528
1644,51,6528
1645,51,6528
1646,52,6656
1647,52,6656
1648,53,6784
1649,53,6784
1650,53,6784
1651,53,6784
1652,51,6528
1653,51,6528
1654,50,6400
1655,52,6656
1656,52,6656
1657,53,6784
1658,52,6656
1659,50,6400
1660,51,6528
1661,50,6400
1662,50,6400
1663,50,6400
1664,49,6272
1665,50,6400
1666,50,6400
1667,51,6528
1668,52,6656
1669,51,6528
1670,50,6400
1671,50,6400
1672,51,6528
1673,50,6400
1674,51,6528
1675,52,6656
1676,51,6528
1677,50,6400
1678,51,6528
1679,52,6656
1680,51,6528
1681,51,6528
1682,52,6656
1683,52,6656
1684,53,6784
1685,54,6912
1686,52,6656
1687,53,6784
1688,53,6784
1689,52,6656
1690,52,6656
1691,51,6528
1692,53,6784
1693,52,6656
1694,52,6656
1695,51,6528
1696,50,6400
1697,51,6528
1698,51,6528
1699,51,6528
1700,52,6656
1701,52,6656
1702,52,6656
1703,52,6656
1704,52,6656
1705,52,6656
1706,51,6528
1707,52,6656
1708,53,6784
1709,53,6784
1710,52,6656
1711,51,6528
1712,51,6528
1713,51,6528
1714,51,6528
1715,53,6784
1716,53,6784
1717,54,6912
1718,54,6912
1719,53,6784
1720,54,6912
1721,51,6528
1722,53,6784
1723,51,6528
1724,52,6656
1725,51,6528
1726,51,6528
1727,51,6528
1728,50,6400
1729,52,6656
1730,51,6528
1731,51,6528
1732,53,6784
1733,51,6528
1734,51,6528
1735,51,6528
1736,51,6528
1737,50,6400
1738,52,6656
1739,52,6656
1740,53,6784
1741,52,6656
1742,53,6784
1743,51,6528
1744,53,6784
1745,52,6656
1746,51,6528
1747,50,6400
1748,52,6656
1749,51,6528
1750,53,6784
1751,52,6656
1752,51,6528
1753,51,6528
1754,52,6656
1755,50,6400
1756,50,6400
1757,51,6528
1758,52,6656
1759,51,6528
1760,51,6528
1761,51,6528
1762,51,6528
1763,51,6528
1764,51,6528
1765,53,6784
1766,52,6656
1767,50,6400
1768,51,6528
1769,50,6400
1770,50,6400
1771,51,6528
1772,51,6528
1773,52,6656
1774,54,6912
1775,53,6784
1776,53,6784
1777,53,6784
1778,53,6784
1779,53,6784
1780,53,6784
1781,53,6784
1782,52,6656
1783,52,6656
1784,53,6784
1785,51,6528
1786,52,6656
1787,53,6784
1788,52,6656
1789,51,6528
1790,51,6528
1791,51,6528
1792,50,6400
1793,50,6400
1794,51,6528
1795,51,6528
1796,52,6656
1797,52,6656
1798,51,6528
1799,51,6528
1800,51,6528
1801,50,6400
1802,49,6272
1803,49,6272
1804,49,6272
1805,49,6272
1806,49,6272
1807,48,6144
1808,49,6272
1809,50,6400
1810,49,6272
1811,50,6400
1812,50,6400
1813,51,6528
1814,50,6400
1815,51,6528
1816,50,6400
1817,52,6656
1818,50,6400
1819,49,6272
1820,49,6272
1821,49,6272
1822,49,6272
1823,51,6528
1824,51,6528
1825,48,6144
1826,48,6144
1827,50,6400
1828,50,6400
1829,49,6272
1830,49,6272
1831,50,6400
1832,50,6400
1833,50,6400
1834,49,6272
1835,49,6272
1836,49,6272
1837,49,6272
1838,50,6400
1839,52,6656
1840,50,6400
1841,50,6400
1842,50,6400
1843,48,6144
1844,48,6144
1845,48,6144
1846,47,6016
1847,47,6016
1848,47,6016
1849,48,6144
1850,47,6016
1851,48,6144
1852,48,6144
1853,48,6144
1854,47,6016
1855,48,6144
1856,48,6144
1857,48,6144
1858,48,6144
1859,49,6272
1860,47,6016
1861,48,6144
1862,49,6272
1863,48,6144
1864,48,6144
1865,48,6144
1866,49,6272
1867,50,6400
1868,51,6528
1869,50,6400
1870,50,6400
1871,49,6272
1872,49,6272
1873,50,6400
1874,51,6528
1875,50,6400
1876,51,6528
1877,50,6400
1878,49,6272
1879,51,6528
1880,50,6400
1881,49,6272
1882,49,6272
1883,50,6400
1884,51,6528
1885,51,6528
1886,49,6272
1887,51,6528
1888,50,6400
1889,51,6528
1890,50,6400
1891,49,6272
1892,50,6400
1893,51,6528
1894,50,6400
1895,51,6528
1896,52,6656
1897,52,6656
1898,52,6656
1899,52,6656
1900,52,6656
1901,53,6784
1902,53,6784
1903,53,6784
1904,52,6656
1905,52,6656
1906,52,6656
1907,50,6400
1908,50,6400
1909,51,6528
1910,52,6656
1911,51,6528
1912,51,6528
1913,51,6528
1914,51,6528
1915,50,6400
1916,52,6656
1917,52,6656
1918,51,6528
1919,51,6528
1920,51,6528
1921,50,6400
1922,50,6400
1923,51,6528
1924,52,6656
1925,51,6528
1926,52,6656
1927,51,6528
1928,52,6656
1929,53,6784
1930,52,6656
1931,51,6528
1932,53,6784
1933,52,6656
1934,51,6528
1935,52,6656
1936,53,6784
1937,52,6656
1938,51,6528
1939,52,6656
1940,52,6656
1941,51,6528
1942,51,6528
1943,51,6528
1944,52,6656
1945,51,6528
1946,52,6656
1947,52,6656
1948,53,6784
1949,50,6400
1950,50,6400
1951,50,6400
1952,50,6400
1953,50,6400
1954,50,6400
1955,50,6400
1956,50,6400
1957,51,6528
1958,50,6400
1959,50,6400
1960,51,6528
1961,50,6400
1962,51,6528
1963,51,6528
1964,52,6656
1965,51,6528
1966,52,6656
1967,52,6656
1968,52,6656
1969,51,6528
1970,52,6656
1971,53,6784
1972,53,6784
1973,53,6784
1974,53,6784
1975,52,6656
1976,52,6656
1977,53,6784
1978,53,6784
1979,54,6912
1980,55,7040
1981,55,7040
1982,55,7040
1983,53,6784
1984,53,6784
1985,52,6656
1986,50,6400
1987,52,6656
1988,51,6528
1989,49,6272
1990,50,6400
1991,50,6400
1992,51,6528
1993,52,6656
1994,52,6656
1995,51,6528
1996,50,6400
1997,51,6528
1998,51,6528
1999,51,6528
2000,52,6656
