RandomSeed,57578,Population size:128,Bit Length:64,Crossover Rate:0.7,Mutation Rate:0.005
gen,BestFitness,FitnessEval
1,40,5120
2,41,5248
3,42,5376
4,43,5504
5,44,5632
6,45,5760
7,45,5760
8,46,5888
9,46,5888
10,47,6016
11,44,5632
12,45,5760
13,46,5888
14,46,5888
15,46,5888
16,45,5760
17,45,5760
18,46,5888
19,45,5760
20,46,5888
21,46,5888
22,47,6016
23,49,6272
24,49,6272
25,48,6144
26,46,5888
27,46,5888
28,46,5888
29,46,5888
30,46,5888
31,46,5888
32,45,5760
33,46,5888
34,49,6272
35,49,6272
36,46,5888
37,44,5632
38,45,5760
39,47,6016
40,47,6016
41,47,6016
42,47,6016
43,47,6016
44,47,6016
45,47,6016
46,47,6016
47,48,6144
48,48,6144
49,47,6016
50,47,6016
51,48,6144
52,48,6144
53,48,6144
54,48,6144
55,49,6272
56,49,6272
57,47,6016
58,47,6016
59,44,5632
60,44,5632
61,46,5888
62,45,5760
63,46,5888
64,47,6016
65,48,6144
66,48,6144
67,46,5888
68,47,6016
69,47,6016
70,47,6016
71,46,5888
72,49,6272
73,46,5888
74,46,5888
75,47,6016
76,47,6016
77,47,6016
78,48,6144
79,49,6272
80,49,6272
81,49,6272
82,47,6016
83,48,6144
84,48,6144
85,46,5888
86,46,5888
87,47,6016
88,46,5888
89,46,5888
90,45,5760
91,46,5888
92,48,6144
93,47,6016
94,46,5888
95,47,6016
96,47,6016
97,48,6144
98,49,6272
99,48,6144
100,46,5888
101,48,6144
102,47,6016
103,47,6016
104,48,6144
105,48,6144
106,47,6016
107,47,6016
108,48,6144
109,47,6016
110,48,6144
111,49,6272
112,48,6144
113,48,6144
114,49,6272
115,49,6272
116,49,6272
117,49,6272
118,49,6272
119,49,6272
120,49,6272
121,49,6272
122,49,6272
123,51,6528
124,50,6400
125,50,6400
126,50,6400
127,50,6400
128,49,6272
129,49,6272
130,48,6144
131,48,6144
132,48,6144
133,47,6016
134,47,6016
135,48,6144
136,49,6272
137,48,6144
138,49,6272
139,48,6144
140,48,6144
141,48,6144
142,47,6016
143,47,6016
144,48,6144
145,47,6016
146,48,6144
147,48,6144
148,48,6144
149,48,6144
150,48,6144
151,49,6272
152,48,6144
153,48,6144
154,48,6144
155,49,6272
156,49,6272
157,51,6528
158,51,6528
159,49,6272
160,50,6400
161,50,6400
162,50,6400
163,48,6144
164,50,6400
165,50,6400
166,49,6272
167,50,6400
168,49,6272
169,49,6272
170,47,6016
171,49,6272
172,50,6400
173,51,6528
174,49,6272
175,48,6144
176,48,6144
177,49,6272
178,50,6400
179,50,6400
180,49,6272
181,49,6272
182,49,6272
183,49,6272
184,52,6656
185,49,6272
186,50,6400
187,50,6400
188,49,6272
189,48,6144
190,49,6272
191,49,6272
192,50,6400
193,48,6144
194,48,6144
195,48,6144
196,48,6144
197,48,6144
198,48,6144
199,48,6144
200,48,6144
201,48,6144
202,48,6144
203,50,6400
204,50,6400
205,49,6272
206,48,6144
207,49,6272
208,49,6272
209,51,6528
210,50,6400
211,50,6400
212,52,6656
213,52,6656
214,51,6528
215,50,6400
216,49,6272
217,48,6144
218,49,6272
219,49,6272
220,49,6272
221,50,6400
222,48,6144
223,50,6400
224,48,6144
225,48,6144
226,49,6272
227,49,6272
228,49,6272
229,49,6272
230,49,6272
231,48,6144
232,47,6016
233,48,6144
234,48,6144
235,51,6528
236,51,6528
237,51,6528
238,50,6400
239,51,6528
240,52,6656
241,51,6528
242,52,6656
243,52,6656
244,51,6528
245,52,6656
246,50,6400
247,51,6528
248,51,6528
249,52,6656
250,52,6656
251,52,6656
252,49,6272
253,49,6272
254,51,6528
255,53,6784
256,53,6784
257,51,6528
258,51,6528
259,51,6528
260,50,6400
261,51,6528
262,49,6272
263,49,6272
264,49,6272
265,49,6272
266,49,6272
267,49,6272
268,48,6144
269,48,6144
270,48,6144
271,47,6016
272,48,6144
273,47,6016
274,48,6144
275,48,6144
276,48,6144
277,47,6016
278,46,5888
279,46,5888
280,48,6144
281,47,6016
282,47,6016
283,48,6144
284,47,6016
285,47,6016
286,46,5888
287,47,6016
288,46,5888
289,48,6144
290,46,5888
291,47,6016
292,45,5760
293,45,5760
294,46,5888
295,46,5888
296,48,6144
297,49,6272
298,48,6144
299,48,6144
300,48,6144
301,48,6144
302,48,6144
303,48,6144
304,48,6144
305,48,6144
306,48,6144
307,48,6144
308,48,6144
309,48,6144
310,48,6144
311,49,6272
312,50,6400
313,48,6144
314,49,6272
315,48,6144
316,49,6272
317,48,6144
318,49,6272
319,49,6272
320,49,6272
321,48,6144
322,50,6400
323,50,6400
324,51,6528
325,51,6528
326,51,6528
327,51,6528
328,52,6656
329,52,6656
330,51,6528
331,52,6656
332,50,6400
333,52,6656
334,52,6656
335,52,6656
336,50,6400
337,50,6400
338,49,6272
339,49,6272
340,50,6400
341,51,6528
342,51,6528
343,51,6528
344,51,6528
345,50,6400
346,51,6528
347,51,6528
348,51,6528
349,51,6528
350,51,6528
351,52,6656
352,50,6400
353,50,6400
354,51,6528
355,51,6528
356,51,6528
357,50,6400
358,50,6400
359,50,6400
360,51,6528
361,49,6272
362,49,6272
363,51,6528
364,48,6144
365,48,6144
366,47,6016
367,48,6144
368,48,6144
369,49,6272
370,49,6272
371,49,6272
372,49,6272
373,49,6272
374,50,6400
375,50,6400
376,50,6400
377,50,6400
378,51,6528
379,52,6656
380,49,6272
381,50,6400
382,49,6272
383,49,6272
384,49,6272
385,49,6272
386,49,6272
387,52,6656
388,49,6272
389,51,6528
390,47,6016
391,47,6016
392,49,6272
393,50,6400
394,49,6272
395,48,6144
396,46,5888
397,48,6144
398,48,6144
399,49,6272
400,49,6272
401,48,6144
402,48,6144
403,48,6144
404,46,5888
405,46,5888
406,47,6016
407,46,5888
408,47,6016
409,46,5888
410,46,5888
411,47,6016
412,47,6016
413,48,6144
414,47,6016
415,48,6144
416,49,6272
417,49,6272
418,49,6272
419,50,6400
420,49,6272
421,48,6144
422,50,6400
423,49,6272
424,48,6144
425,49,6272
426,49,6272
427,49,6272
428,49,6272
429,47,6016
430,49,6272
431,48,6144
432,48,6144
433,48,6144
434,49,6272
435,48,6144
436,48,6144
437,48,6144
438,48,6144
439,48,6144
440,46,5888
441,47,6016
442,48,6144
443,47,6016
444,46,5888
445,47,6016
446,48,6144
447,47,6016
448,49,6272
449,51,6528
450,50,6400
451,50,6400
452,48,6144
453,48,6144
454,50,6400
455,49,6272
456,48,6144
457,48,6144
458,48,6144
459,48,6144
460,47,6016
461,48,6144
462,49,6272
463,48,6144
464,48,6144
465,48,6144
466,49,6272
467,47,6016
468,48,6144
469,49,6272
470,49,6272
471,49,6272
472,49,6272
473,49,6272
474,52,6656
475,52,6656
476,52,6656
477,51,6528
478,52,6656
479,51,6528
480,51,6528
481,52,6656
482,52,6656
483,50,6400
484,50,6400
485,48,6144
486,49,6272
487,49,6272
488,48,6144
489,49,6272
490,49,6272
491,49,6272
492,50,6400
493,49,6272
494,49,6272
495,49,6272
496,50,6400
497,49,6272
498,49,6272
499,52,6656
500,52,6656
501,52,6656
502,50,6400
503,49,6272
504,50,6400
505,50,6400
506,50,6400
507,49,6272
508,52,6656
509,51,6528
510,50,6400
511,50,6400
512,49,6272
513,49,6272
514,50,6400
515,49,6272
516,50,6400
517,51,6528
518,49,6272
519,49,6272
520,50,6400
521,50,6400
522,50,6400
523,54,6912
524,52,6656
525,49,6272
526,51,6528
527,51,6528
528,49,6272
529,49,6272
530,50,6400
531,50,6400
532,51,6528
533,50,6400
534,52,6656
535,52,6656
536,51,6528
537,51,6528
538,52,6656
539,52,6656
540,52,6656
541,51,6528
542,52,6656
543,51,6528
544,51,6528
545,51,6528
546,51,6528
547,51,6528
548,50,6400
549,51,6528
550,51,6528
551,50,6400
552,50,6400
553,51,6528
554,50,6400
555,50,6400
556,50,6400
557,50,6400
558,49,6272
559,49,6272
560,49,6272
561,50,6400
562,49,6272
563,48,6144
564,47,6016
565,48,6144
566,49,6272
567,49,6272
568,47,6016
569,48,6144
570,50,6400
571,50,6400
572,50,6400
573,49,6272
574,49,6272
575,49,6272
576,50,6400
577,50,6400
578,51,6528
579,51,6528
580,50,6400
581,50,6400
582,49,6272
583,50,6400
584,49,6272
585,51,6528
586,50,6400
587,50,6400
588,48,6144
589,49,6272
590,48,6144
591,47,6016
592,47,6016
593,48,6144
594,48,6144
595,46,5888
596,47,6016
597,48,6144
598,47,6016
599,48,6144
600,49,6272
601,49,6272
602,50,6400
603,51,6528
604,52,6656
605,51,6528
606,49,6272
607,47,6016
608,48,6144
609,48,6144
610,49,6272
611,49,6272
612,49,6272
613,50,6400
614,49,6272
615,49,6272
616,49,6272
617,49,6272
618,50,6400
619,49,6272
620,48,6144
621,50,6400
622,49,6272
623,50,6400
624,49,6272
625,49,6272
626,48,6144
627,49,6272
628,50,6400
629,50,6400
630,51,6528
631,50,6400
632,50,6400
633,48,6144
634,49,6272
635,50,6400
636,50,6400
637,50,6400
638,50,6400
639,51,6528
640,51,6528
641,52,6656
642,52,6656
643,52,6656
644,52,6656
645,51,6528
646,52,6656
647,50,6400
648,50,6400
649,51,6528
650,51,6528
651,51,6528
652,52,6656
653,52,6656
654,53,6784
655,53,6784
656,53,6784
657,55,7040
658,53,6784
659,53,6784
660,53,6784
661,52,6656
662,53,6784
663,53,6784
664,54,6912
665,54,6912
666,55,7040
667,56,7168
668,56,7168
669,52,6656
670,51,6528
671,53,6784
672,54,6912
673,54,6912
674,54,6912
675,54,6912
676,54,6912
677,55,7040
678,53,6784
679,51,6528
680,53,6784
681,53,6784
682,53,6784
683,51,6528
684,51,6528
685,52,6656
686,53,6784
687,53,6784
688,53,6784
689,51,6528
690,51,6528
691,51,6528
692,51,6528
693,51,6528
694,50,6400
695,50,6400
696,51,6528
697,51,6528
698,51,6528
699,51,6528
700,51,6528
701,51,6528
702,52,6656
703,52,6656
704,51,6528
705,52,6656
706,52,6656
707,52,6656
708,52,6656
709,52,6656
710,53,6784
711,53,6784
712,54,6912
713,52,6656
714,53,6784
715,53,6784
716,53,6784
717,53,6784
718,53,6784
719,54,6912
720,52,6656
721,54,6912
722,54,6912
723,54,6912
724,54,6912
725,54,6912
726,54,6912
727,54,6912
728,52,6656
729,52,6656
730,52,6656
731,51,6528
732,51,6528
733,50,6400
734,52,6656
735,51,6528
736,51,6528
737,51,6528
738,53,6784
739,52,6656
740,52,6656
741,51,6528
742,53,6784
743,50,6400
744,50,6400
745,51,6528
746,51,6528
747,52,6656
748,53,6784
749,53,6784
750,52,6656
751,53,6784
752,52,6656
753,51,6528
754,52,6656
755,52,6656
756,52,6656
757,52,6656
758,52,6656
759,52,6656
760,51,6528
761,51,6528
762,52,6656
763,53,6784
764,52,6656
765,52,6656
766,51,6528
767,51,6528
768,52,6656
769,51,6528
770,51,6528
771,51,6528
772,50,6400
773,51,6528
774,49,6272
775,50,6400
776,51,6528
777,51,6528
778,52,6656
779,51,6528
780,52,6656
781,51,6528
782,50,6400
783,49,6272
784,49,6272
785,48,6144
786,49,6272
787,50,6400
788,49,6272
789,51,6528
790,52,6656
791,52,6656
792,49,6272
793,50,6400
794,50,6400
795,51,6528
796,51,6528
797,51,6528
798,52,6656
799,53,6784
800,52,6656
801,52,6656
802,52,6656
803,51,6528
804,51,6528
805,53,6784
806,52,6656
807,52,6656
808,52,6656
809,54,6912
810,56,7168
811,56,7168
812,56,7168
813,56,7168
814,57,7296
815,55,7040
816,55,7040
817,51,6528
818,51,6528
819,51,6528
820,51,6528
821,52,6656
822,50,6400
823,50,6400
824,52,6656
825,53,6784
826,51,6528
827,49,6272
828,50,6400
829,50,6400
830,50,6400
831,50,6400
832,50,6400
833,51,6528
834,51,6528
835,51,6528
836,49,6272
837,49,6272
838,49,6272
839,49,6272
840,49,6272
841,48,6144
842,48,6144
843,48,6144
844,48,6144
845,49,6272
846,49,6272
847,48,6144
848,47,6016
849,48,6144
850,50,6400
851,49,6272
852,50,6400
853,51,6528
854,47,6016
855,48,6144
856,49,6272
857,48,6144
858,48,6144
859,47,6016
860,47,6016
861,48,6144
862,48,6144
863,49,6272
864,49,6272
865,49,6272
866,49,6272
867,49,6272
868,50,6400
869,47,6016
870,48,6144
871,48,6144
872,49,6272
873,49,6272
874,47,6016
875,47,6016
876,49,6272
877,46,5888
878,47,6016
879,47,6016
880,45,5760
881,47,6016
882,47,6016
883,47,6016
884,48,6144
885,47,6016
886,48,6144
887,48,6144
888,49,6272
889,49,6272
890,49,6272
891,48,6144
892,49,6272
893,49,6272
894,48,6144
895,50,6400
896,50,6400
897,50,6400
898,48,6144
899,48,6144
900,48,6144
901,47,6016
902,47,6016
903,48,6144
904,48,6144
905,49,6272
906,48,6144
907,47,6016
908,48,6144
909,48,6144
910,48,6144
911,48,6144
912,48,6144
913,48,6144
914,48,6144
915,48,6144
916,50,6400
917,50,6400
918,51,6528
919,48,6144
920,48,6144
921,49,6272
922,48,6144
923,47,6016
924,47,6016
925,48,6144
926,49,6272
927,50,6400
928,48,6144
929,48,6144
930,47,6016
931,48,6144
932,48,6144
933,49,6272
934,49,6272
935,49,6272
936,49,6272
937,49,6272
938,48,6144
939,48,6144
940,48,6144
941,49,6272
942,50,6400
943,49,6272
944,48,6144
945,49,6272
946,49,6272
947,50,6400
948,49,6272
949,49,6272
950,47,6016
951,48,6144
952,49,6272
953,47,6016
954,47,6016
955,47,6016
956,49,6272
957,48,6144
958,48,6144
959,48,6144
960,49,6272
961,49,6272
962,49,6272
963,48,6144
964,49,6272
965,52,6656
966,52,6656
967,52,6656
968,50,6400
969,49,6272
970,50,6400
971,50,6400
972,51,6528
973,52,6656
974,51,6528
975,49,6272
976,51,6528
977,51,6528
978,50,6400
979,50,6400
980,48,6144
981,49,6272
982,49,6272
983,48,6144
984,48,6144
985,49,6272
986,49,6272
987,49,6272
988,49,6272
989,49,6272
990,49,6272
991,47,6016
992,47,6016
993,46,5888
994,46,5888
995,47,6016
996,45,5760
997,45,5760
998,45,5760
999,45,5760
1000,44,5632
1001,45,5760
1002,46,5888
1003,45,5760
1004,46,5888
1005,47,6016
1006,47,6016
1007,47,6016
1008,48,6144
1009,48,6144
1010,48,6144
1011,48,6144
1012,48,6144
1013,48,6144
1014,48,6144
1015,49,6272
1016,50,6400
1017,48,6144
1018,48,6144
1019,49,6272
1020,49,6272
1021,51,6528
1022,50,6400
1023,50,6400
1024,50,6400
1025,50,6400
1026,50,6400
1027,50,6400
1028,50,6400
1029,50,6400
1030,50,6400
1031,51,6528
1032,50,6400
1033,50,6400
1034,49,6272
1035,48,6144
1036,49,6272
1037,48,6144
1038,48,6144
1039,50,6400
1040,50,6400
1041,51,6528
1042,50,6400
1043,48,6144
1044,48,6144
1045,46,5888
1046,47,6016
1047,48,6144
1048,49,6272
1049,47,6016
1050,47,6016
1051,47,6016
1052,46,5888
1053,46,5888
1054,49,6272
1055,47,6016
1056,47,6016
1057,48,6144
1058,49,6272
1059,49,6272
1060,49,6272
1061,47,6016
1062,47,6016
1063,47,6016
1064,49,6272
1065,47,6016
1066,46,5888
1067,46,5888
1068,49,6272
1069,49,6272
1070,48,6144
1071,47,6016
1072,48,6144
1073,48,6144
1074,48,6144
1075,50,6400
1076,50,6400
1077,49,6272
1078,50,6400
1079,50,6400
1080,51,6528
1081,50,6400
1082,50,6400
1083,51,6528
1084,51,6528
1085,52,6656
1086,50,6400
1087,50,6400
1088,51,6528
1089,50,6400
1090,50,6400
1091,50,6400
1092,51,6528
1093,51,6528
1094,51,6528
1095,51,6528
1096,50,6400
1097,53,6784
1098,52,6656
1099,52,6656
1100,51,6528
1101,51,6528
1102,52,6656
1103,50,6400
1104,50,6400
1105,51,6528
1106,50,6400
1107,49,6272
1108,50,6400
1109,50,6400
1110,50,6400
1111,50,6400
1112,50,6400
1113,51,6528
1114,51,6528
1115,51,6528
1116,50,6400
1117,51,6528
1118,52,6656
1119,52,6656
1120,50,6400
1121,50,6400
1122,49,6272
1123,50,6400
1124,50,6400
1125,51,6528
1126,51,6528
1127,50,6400
1128,51,6528
1129,52,6656
1130,50,6400
1131,51,6528
1132,51,6528
1133,52,6656
1134,50,6400
1135,52,6656
1136,51,6528
1137,52,6656
1138,53,6784
1139,52,6656
1140,51,6528
1141,52,6656
1142,53,6784
1143,51,6528
1144,54,6912
1145,54,6912
1146,53,6784
1147,52,6656
1148,54,6912
1149,52,6656
1150,53,6784
1151,52,6656
1152,53,6784
1153,52,6656
1154,53,6784
1155,53,6784
1156,53,6784
1157,53,6784
1158,52,6656
1159,53,6784
1160,53,6784
1161,53,6784
1162,52,6656
1163,53,6784
1164,53,6784
1165,53,6784
1166,52,6656
1167,53,6784
1168,53,6784
1169,53,6784
1170,52,6656
1171,53,6784
1172,53,6784
1173,53,6784
1174,53,6784
1175,53,6784
1176,53,6784
1177,53,6784
1178,52,6656
1179,53,6784
1180,53,6784
1181,51,6528
1182,53,6784
1183,53,6784
1184,53,6784
1185,56,7168
1186,55,7040
1187,55,7040
1188,55,7040
1189,53,6784
1190,52,6656
1191,52,6656
1192,53,6784
1193,53,6784
1194,53,6784
1195,53,6784
1196,54,6912
1197,54,6912
1198,53,6784
1199,55,7040
1200,53,6784
1201,53,6784
1202,52,6656
1203,52,6656
1204,52,6656
1205,52,6656
1206,53,6784
1207,51,6528
1208,51,6528
1209,53,6784
1210,51,6528
1211,51,6528
1212,51,6528
1213,53,6784
1214,52,6656
1215,53,6784
1216,53,6784
1217,53,6784
1218,51,6528
1219,51,6528
1220,51,6528
1221,51,6528
1222,52,6656
1223,52,6656
1224,54,6912
1225,53,6784
1226,52,6656
1227,52,6656
1228,51,6528
1229,51,6528
1230,52,6656
1231,52,6656
1232,51,6528
1233,51,6528
1234,52,6656
1235,51,6528
1236,51,6528
1237,51,6528
1238,50,6400
1239,51,6528
1240,49,6272
1241,48,6144
1242,49,6272
1243,49,6272
1244,49,6272
1245,49,6272
1246,49,6272
1247,50,6400
1248,49,6272
1249,50,6400
1250,50,6400
1251,50,6400
1252,50,6400
1253,51,6528
1254,52,6656
1255,51,6528
1256,50,6400
1257,52,6656
1258,50,6400
1259,51,6528
1260,52,6656
1261,52,6656
1262,53,6784
1263,53,6784
1264,54,6912
1265,54,6912
1266,53,6784
1267,53,6784
1268,53,6784
1269,55,7040
1270,55,7040
1271,57,7296
1272,55,7040
1273,55,7040
1274,57,7296
1275,56,7168
1276,59,7552
1277,57,7296
1278,57,7296
1279,56,7168
1280,56,7168
1281,57,7296
1282,59,7552
1283,59,7552
1284,58,7424
1285,59,7552
1286,58,7424
1287,57,7296
1288,58,7424
1289,59,7552
1290,57,7296
1291,57,7296
1292,57,7296
1293,57,7296
1294,58,7424
1295,57,7296
1296,57,7296
1297,57,7296
1298,57,7296
1299,58,7424
1300,59,7552
1301,59,7552
1302,56,7168
1303,57,7296
1304,57,7296
1305,56,7168
1306,58,7424
1307,58,7424
1308,58,7424
1309,57,7296
1310,57,7296
1311,57,7296
1312,56,7168
1313,55,7040
1314,56,7168
1315,56,7168
1316,56,7168
1317,55,7040
1318,56,7168
1319,56,7168
1320,55,7040
1321,55,7040
1322,55,7040
1323,56,7168
1324,54,6912
1325,54,6912
1326,55,7040
1327,55,7040
1328,55,7040
1329,56,7168
1330,55,7040
1331,55,7040
1332,54,6912
1333,55,7040
1334,54,6912
1335,54,6912
1336,54,6912
1337,54,6912
1338,54,6912
1339,55,7040
1340,53,6784
1341,53,6784
1342,52,6656
1343,52,6656
1344,51,6528
1345,52,6656
1346,52,6656
1347,52,6656
1348,52,6656
1349,52,6656
1350,51,6528
1351,52,6656
1352,53,6784
1353,51,6528
1354,53,6784
1355,54,6912
1356,54,6912
1357,52,6656
1358,52,6656
1359,53,6784
1360,51,6528
1361,51,6528
1362,50,6400
1363,50,6400
1364,50,6400
1365,51,6528
1366,49,6272
1367,49,6272
1368,49,6272
1369,50,6400
1370,49,6272
1371,50,6400
1372,50,6400
1373,50,6400
1374,49,6272
1375,48,6144
1376,50,6400
1377,50,6400
1378,51,6528
1379,51,6528
1380,51,6528
1381,50,6400
1382,50,6400
1383,49,6272
1384,49,6272
1385,50,6400
1386,49,6272
1387,50,6400
1388,50,6400
1389,50,6400
1390,50,6400
1391,50,6400
1392,50,6400
1393,49,6272
1394,50,6400
1395,50,6400
1396,50,6400
1397,50,6400
1398,48,6144
1399,48,6144
1400,49,6272
1401,48,6144
1402,48,6144
1403,48,6144
1404,49,6272
1405,48,6144
1406,49,6272
1407,49,6272
1408,49,6272
1409,48,6144
1410,48,6144
1411,48,6144
1412,48,6144
1413,48,6144
1414,49,6272
1415,48,6144
1416,48,6144
1417,50,6400
1418,49,6272
1419,49,6272
1420,51,6528
1421,49,6272
1422,50,6400
1423,50,6400
1424,50,6400
1425,51,6528
1426,51,6528
1427,50,6400
1428,50,6400
1429,51,6528
1430,51,6528
1431,52,6656
1432,52,6656
1433,53,6784
1434,50,6400
1435,49,6272
1436,49,6272
1437,49,6272
1438,49,6272
1439,47,6016
1440,47,6016
1441,47,6016
1442,48,6144
1443,47,6016
1444,47,6016
1445,48,6144
1446,47,6016
1447,47,6016
1448,48,6144
1449,47,6016
1450,47,6016
1451,47,6016
1452,47,6016
1453,47,6016
1454,49,6272
1455,49,6272
1456,47,6016
1457,47,6016
1458,47,6016
1459,46,5888
1460,46,5888
1461,48,6144
1462,48,6144
1463,49,6272
1464,49,6272
1465,49,6272
1466,50,6400
1467,50,6400
1468,50,6400
1469,51,6528
1470,50,6400
1471,51,6528
1472,51,6528
1473,51,6528
1474,49,6272
1475,49,6272
1476,50,6400
1477,51,6528
1478,50,6400
1479,51,6528
1480,50,6400
1481,50,6400
1482,50,6400
1483,50,6400
1484,49,6272
1485,49,6272
1486,50,6400
1487,49,6272
1488,50,6400
1489,51,6528
1490,51,6528
1491,50,6400
1492,51,6528
1493,50,6400
1494,50,6400
1495,51,6528
1496,53,6784
1497,53,6784
1498,54,6912
1499,52,6656
1500,51,6528
1501,50,6400
1502,50,6400
1503,51,6528
1504,49,6272
1505,52,6656
1506,50,6400
1507,50,6400
1508,50,6400
1509,50,6400
1510,50,6400
1511,52,6656
1512,52,6656
1513,53,6784
1514,54,6912
1515,52,6656
1516,51,6528
1517,51,6528
1518,51,6528
1519,51,6528
1520,50,6400
1521,50,6400
1522,50,6400
1523,51,6528
1524,50,6400
1525,51,6528
1526,51,6528
1527,52,6656
1528,50,6400
1529,51,6528
1530,52,6656
1531,52,6656
1532,52,6656
1533,52,6656
1534,52,6656
1535,52,6656
1536,53,6784
1537,53,6784
1538,53,6784
1539,53,6784
1540,53,6784
1541,54,6912
1542,54,6912
1543,56,7168
1544,53,6784
1545,54,6912
1546,53,6784
1547,55,7040
1548,55,7040
1549,56,7168
1550,55,7040
1551,55,7040
1552,55,7040
1553,55,7040
1554,55,7040
1555,54,6912
1556,55,7040
1557,57,7296
1558,57,7296
1559,55,7040
1560,56,7168
1561,55,7040
1562,55,7040
1563,55,7040
1564,54,6912
1565,54,6912
1566,55,7040
1567,53,6784
1568,53,6784
1569,54,6912
1570,55,7040
1571,55,7040
1572,56,7168
1573,56,7168
1574,57,7296
1575,56,7168
1576,56,7168
1577,55,7040
1578,54,6912
1579,54,6912
1580,53,6784
1581,55,7040
1582,52,6656
1583,54,6912
1584,53,6784
1585,54,6912
1586,53,6784
1587,52,6656
1588,52,6656
1589,53,6784
1590,52,6656
1591,53,6784
1592,51,6528
1593,55,7040
1594,52,6656
1595,52,6656
1596,52,6656
1597,53,6784
1598,53,6784
1599,53,6784
1600,53,6784
1601,53,6784
1602,53,6784
1603,53,6784
1604,53,6784
1605,53,6784
1606,52,6656
1607,52,6656
1608,52,6656
1609,52,6656
1610,53,6784
1611,52,6656
1612,53,6784
1613,52,6656
1614,53,6784
1615,53,6784
1616,53,6784
1617,53,6784
1618,53,6784
1619,51,6528
1620,51,6528
1621,51,6528
1622,51,6528
1623,51,6528
1624,52,6656
1625,51,6528
1626,52,6656
1627,51,6528
1628,51,6528
1629,51,6528
1630,52,6656
1631,49,6272
1632,49,6272
1633,50,6400
1634,52,6656
1635,50,6400
1636,50,6400
1637,52,6656
1638,50,6400
1639,51,6528
1640,52,6656
1641,54,6912
1642,53,6784
1643,53,6784
1644,53,6784
1645,52,6656
1646,52,6656
1647,52,6656
1648,51,6528
1649,52,6656
1650,51,6528
1651,51,6528
1652,52,6656
1653,53,6784
1654,53,6784
1655,53,6784
1656,53,6784
1657,52,6656
1658,52,6656
1659,52,6656
1660,53,6784
1661,53,6784
1662,53,6784
1663,53,6784
1664,53,6784
1665,53,6784
1666,55,7040
1667,55,7040
1668,56,7168
1669,56,7168
1670,55,7040
1671,56,7168
1672,56,7168
1673,54,6912
1674,55,7040
1675,53,6784
1676,54,6912
1677,53,6784
1678,54,6912
1679,54,6912
1680,54,6912
1681,52,6656
1682,53,6784
1683,53,6784
1684,54,6912
1685,53,6784
1686,52,6656
1687,52,6656
1688,52,6656
1689,52,6656
1690,53,6784
1691,53,6784
1692,54,6912
1693,54,6912
1694,54,6912
1695,54,6912
1696,54,6912
1697,54,6912
1698,54,6912
1699,56,7168
1700,54,6912
1701,54,6912
1702,52,6656
1703,52,6656
1704,52,6656
1705,53,6784
1706,53,6784
1707,53,6784
1708,53,6784
1709,54,6912
1710,53,6784
1711,53,6784
1712,51,6528
1713,52,6656
1714,53,6784
1715,52,6656
1716,52,6656
1717,52,6656
1718,52,6656
1719,52,6656
1720,52,6656
1721,54,6912
1722,52,6656
1723,51,6528
1724,49,6272
1725,50,6400
1726,51,6528
1727,50,6400
1728,50,6400
1729,49,6272
1730,50,6400
1731,50,6400
1732,50,6400
1733,50,6400
1734,51,6528
1735,50,6400
1736,51,6528
1737,52,6656
1738,51,6528
1739,53,6784
1740,52,6656
1741,51,6528
1742,51,6528
1743,52,6656
1744,52,6656
1745,51,6528
1746,51,6528
1747,51,6528
1748,53,6784
1749,53,6784
1750,52,6656
1751,52,6656
1752,52,6656
1753,51,6528
1754,51,6528
1755,53,6784
1756,53,6784
1757,53,6784
1758,52,6656
1759,54,6912
1760,54,6912
1761,53,6784
1762,51,6528
1763,51,6528
1764,53,6784
1765,52,6656
1766,51,6528
1767,53,6784
1768,51,6528
1769,52,6656
1770,52,6656
1771,52,6656
1772,52,6656
1773,53,6784
1774,52,6656
1775,52,6656
1776,52,6656
1777,53,6784
1778,53,6784
1779,55,7040
1780,55,7040
1781,52,6656
1782,54,6912
1783,54,6912
1784,54,6912
1785,53,6784
1786,52,6656
1787,52,6656
1788,52,6656
1789,52,6656
1790,52,6656
1791,52,6656
1792,52,6656
1793,51,6528
1794,51,6528
1795,52,6656
1796,52,6656
1797,51,6528
1798,50,6400
1799,51,6528
1800,53,6784
1801,53,6784
1802,53,6784
1803,52,6656
1804,53,6784
1805,53,6784
1806,52,6656
1807,52,6656
1808,52,6656
1809,52,6656
1810,52,6656
1811,51,6528
1812,52,6656
1813,53,6784
1814,52,6656
1815,52,6656
1816,52,6656
1817,53,6784
1818,52,6656
1819,51,6528
1820,51,6528
1821,52,6656
1822,52,6656
1823,52,6656
1824,50,6400
1825,53,6784
1826,53,6784
1827,53,6784
1828,51,6528
1829,51,6528
1830,51,6528
1831,53,6784
1832,52,6656
1833,52,6656
1834,51,6528
1835,52,6656
1836,52,6656
1837,53,6784
1838,53,6784
1839,53,6784
1840,53,6784
1841,52,6656
1842,53,6784
1843,52,6656
1844,53,6784
1845,52,6656
1846,52,6656
1847,52,6656
1848,52,6656
1849,53,6784
1850,54,6912
1851,54,6912
1852,53,6784
1853,53,6784
1854,54,6912
1855,54,6912
1856,54,6912
1857,53,6784
1858,53,6784
1859,56,7168
1860,56,7168
1861,54,6912
1862,54,6912
1863,52,6656
1864,52,6656
1865,52,6656
1866,52,6656
1867,53,6784
1868,52,6656
1869,55,7040
1870,53,6784
1871,54,6912
1872,55,7040
1873,53,6784
1874,53,6784
1875,54,6912
1876,53,6784
1877,53,6784
1878,53,6784
1879,51,6528
1880,52,6656
1881,52,6656
1882,52,6656
1883,53,6784
1884,52,6656
1885,50,6400
1886,51,6528
1887,49,6272
1888,51,6528
1889,51,6528
1890,50,6400
1891,51,6528
1892,51,6528
1893,50,6400
1894,50,6400
1895,50,6400
1896,50,6400
1897,51,6528
1898,51,6528
1899,50,6400
1900,51,6528
1901,51,6528
1902,52,6656
1903,52,6656
1904,53,6784
1905,52,6656
1906,51,6528
1907,53,6784
1908,51,6528
1909,51,6528
1910,52,6656
1911,51,6528
1912,51,6528
1913,51,6528
1914,53,6784
1915,52,6656
1916,50,6400
1917,50,6400
1918,51,6528
1919,51,6528
1920,52,6656
1921,52,6656
1922,52,6656
1923,52,6656
1924,51,6528
1925,51,6528
1926,51,6528
1927,51,6528
1928,51,6528
1929,51,6528
1930,51,6528
1931,52,6656
1932,52,6656
1933,53,6784
1934,53,6784
1935,55,7040
1936,54,6912
1937,55,7040
1938,55,7040
1939,55,7040
1940,55,7040
1941,52,6656
1942,53,6784
1943,53,6784
1944,53,6784
1945,52,6656
1946,52,6656
1947,52,6656
1948,51,6528
1949,51,6528
1950,51,6528
1951,51,6528
1952,51,6528
1953,53,6784
1954,52,6656
1955,52,6656
1956,52,6656
1957,52,6656
1958,49,6272
1959,49,6272
1960,51,6528
1961,51,6528
1962,51,6528
1963,49,6272
1964,49,6272
1965,52,6656
1966,49,6272
1967,49,6272
1968,50,6400
1969,50,6400
1970,51,6528
1971,51,6528
1972,51,6528
1973,51,6528
1974,53,6784
1975,53,6784
1976,53,6784
1977,52,6656
1978,52,6656
1979,52,6656
1980,52,6656
1981,52,6656
1982,53,6784
1983,54,6912
1984,53,6784
1985,52,6656
1986,53,6784
1987,53,6784
1988,52,6656
1989,51,6528
1990,52,6656
1991,53,6784
1992,53,6784
1993,53,6784
1994,53,6784
1995,52,6656
1996,51,6528
1997,50,6400
1998,50,6400
1999,51,6528
2000,51,6528
