RandomSeed,56466,Population size:128,Bit Length:64,Crossover Rate:0.7,Mutation Rate:0.005
gen,BestFitness,FitnessEval
1,44,5632
2,44,5632
3,44,5632
4,40,5120
5,43,5504
6,41,5248
7,41,5248
8,41,5248
9,43,5504
10,41,5248
11,40,5120
12,40,5120
13,42,5376
14,40,5120
15,41,5248
16,42,5376
17,43,5504
18,43,5504
19,43,5504
20,44,5632
21,43,5504
22,42,5376
23,42,5376
24,40,5120
25,41,5248
26,44,5632
27,42,5376
28,42,5376
29,42,5376
30,43,5504
31,44,5632
32,42,5376
33,42,5376
34,45,5760
35,45,5760
36,44,5632
37,47,6016
38,48,6144
39,47,6016
40,47,6016
41,46,5888
42,47,6016
43,47,6016
44,47,6016
45,46,5888
46,46,5888
47,46,5888
48,48,6144
49,46,5888
50,47,6016
51,46,5888
52,47,6016
53,47,6016
54,48,6144
55,47,6016
56,48,6144
57,46,5888
58,47,6016
59,47,6016
60,48,6144
61,49,6272
62,48,6144
63,49,6272
64,49,6272
65,48,6144
66,49,6272
67,49,6272
68,50,6400
69,49,6272
70,49,6272
71,49,6272
72,49,6272
73,51,6528
74,49,6272
75,50,6400
76,52,6656
77,52,6656
78,52,6656
79,51,6528
80,50,6400
81,50,6400
82,50,6400
83,50,6400
84,51,6528
85,53,6784
86,51,6528
87,50,6400
88,50,6400
89,51,6528
90,50,6400
91,52,6656
92,52,6656
93,52,6656
94,52,6656
95,52,6656
96,50,6400
97,52,6656
98,52,6656
99,51,6528
100,51,6528
101,50,6400
102,48,6144
103,49,6272
104,49,6272
105,50,6400
106,50,6400
107,50,6400
108,49,6272
109,49,6272
110,50,6400
111,48,6144
112,48,6144
113,50,6400
114,50,6400
115,52,6656
116,53,6784
117,53,6784
118,53,6784
119,53,6784
120,52,6656
121,52,6656
122,53,6784
123,53,6784
124,52,6656
125,51,6528
126,50,6400
127,50,6400
128,50,6400
129,52,6656
130,50,6400
131,50,6400
132,51,6528
133,51,6528
134,51,6528
135,51,6528
136,51,6528
137,49,6272
138,49,6272
139,49,6272
140,49,6272
141,49,6272
142,50,6400
143,51,6528
144,50,6400
145,50,6400
146,50,6400
147,52,6656
148,51,6528
149,51,6528
150,50,6400
151,51,6528
152,52,6656
153,52,6656
154,52,6656
155,53,6784
156,54,6912
157,54,6912
158,54,6912
159,53,6784
160,53,6784
161,53,6784
162,52,6656
163,53,6784
164,52,6656
165,52,6656
166,52,6656
167,50,6400
168,52,6656
169,50,6400
170,50,6400
171,51,6528
172,48,6144
173,50,6400
174,51,6528
175,49,6272
176,49,6272
177,47,6016
178,48,6144
179,50,6400
180,49,6272
181,50,6400
182,50,6400
183,49,6272
184,50,6400
185,51,6528
186,50,6400
187,53,6784
188,52,6656
189,51,6528
190,54,6912
191,54,6912
192,53,6784
193,53,6784
194,53,6784
195,53,6784
196,52,6656
197,53,6784
198,52,6656
199,54,6912
200,52,6656
201,52,6656
202,54,6912
203,54,6912
204,52,6656
205,52,6656
206,52,6656
207,53,6784
208,54,6912
209,53,6784
210,52,6656
211,53,6784
212,53,6784
213,53,6784
214,53,6784
215,54,6912
216,54,6912
217,55,7040
218,55,7040
219,55,7040
220,55,7040
221,53,6784
222,53,6784
223,54,6912
224,53,6784
225,53,6784
226,52,6656
227,54,6912
228,53,6784
229,54,6912
230,56,7168
231,56,7168
232,56,7168
233,55,7040
234,56,7168
235,55,7040
236,55,7040
237,55,7040
238,54,6912
239,54,6912
240,54,6912
241,55,7040
242,55,7040
243,55,7040
244,56,7168
245,55,7040
246,56,7168
247,54,6912
248,54,6912
249,53,6784
250,54,6912
251,55,7040
252,53,6784
253,54,6912
254,54,6912
255,53,6784
256,53,6784
257,53,6784
258,55,7040
259,52,6656
260,52,6656
261,53,6784
262,53,6784
263,54,6912
264,54,6912
265,54,6912
266,54,6912
267,54,6912
268,55,7040
269,55,7040
270,55,7040
271,55,7040
272,55,7040
273,55,7040
274,55,7040
275,57,7296
276,55,7040
277,55,7040
278,54,6912
279,53,6784
280,54,6912
281,54,6912
282,54,6912
283,54,6912
284,54,6912
285,55,7040
286,54,6912
287,53,6784
288,52,6656
289,53,6784
290,53,6784
291,54,6912
292,53,6784
293,53,6784
294,54,6912
295,53,6784
296,53,6784
297,55,7040
298,53,6784
299,55,7040
300,54,6912
301,52,6656
302,52,6656
303,52,6656
304,51,6528
305,51,6528
306,53,6784
307,52,6656
308,52,6656
309,53,6784
310,51,6528
311,51,6528
312,52,6656
313,52,6656
314,52,6656
315,52,6656
316,52,6656
317,51,6528
318,52,6656
319,51,6528
320,51,6528
321,52,6656
322,51,6528
323,53,6784
324,53,6784
325,53,6784
326,53,6784
327,53,6784
328,53,6784
329,52,6656
330,53,6784
331,53,6784
332,54,6912
333,51,6528
334,52,6656
335,52,6656
336,53,6784
337,53,6784
338,53,6784
339,53,6784
340,53,6784
341,53,6784
342,52,6656
343,53,6784
344,53,6784
345,53,6784
346,53,6784
347,52,6656
348,53,6784
349,54,6912
350,54,6912
351,54,6912
352,53,6784
353,54,6912
354,54,6912
355,56,7168
356,54,6912
357,56,7168
358,55,7040
359,55,7040
360,55,7040
361,55,7040
362,56,7168
363,55,7040
364,56,7168
365,56,7168
366,55,7040
367,56,7168
368,55,7040
369,56,7168
370,57,7296
371,57,7296
372,58,7424
373,58,7424
374,55,7040
375,56,7168
376,58,7424
377,55,7040
378,55,7040
379,56,7168
380,54,6912
381,54,6912
382,53,6784
383,53,6784
384,54,6912
385,54,6912
386,53,6784
387,56,7168
388,54,6912
389,54,6912
390,53,6784
391,55,7040
392,54,6912
393,53,6784
394,53,6784
395,54,6912
396,53,6784
397,53,6784
398,53,6784
399,53,6784
400,53,6784
401,54,6912
402,54,6912
403,54,6912
404,54,6912
405,54,6912
406,52,6656
407,53,6784
408,52,6656
409,51,6528
410,52,6656
411,52,6656
412,51,6528
413,51,6528
414,52,6656
415,54,6912
416,52,6656
417,52,6656
418,52,6656
419,52,6656
420,53,6784
421,52,6656
422,52,6656
423,50,6400
424,52,6656
425,51,6528
426,52,6656
427,50,6400
428,49,6272
429,51,6528
430,50,6400
431,50,6400
432,49,6272
433,50,6400
434,51,6528
435,51,6528
436,50,6400
437,50,6400
438,50,6400
439,50,6400
440,51,6528
441,51,6528
442,52,6656
443,52,6656
444,52,6656
445,51,6528
446,53,6784
447,53,6784
448,53,6784
449,53,6784
450,53,6784
451,52,6656
452,51,6528
453,53,6784
454,53,6784
455,53,6784
456,54,6912
457,53,6784
458,53,6784
459,53,6784
460,53,6784
461,51,6528
462,51,6528
463,51,6528
464,51,6528
465,50,6400
466,50,6400
467,53,6784
468,54,6912
469,50,6400
470,48,6144
471,50,6400
472,50,6400
473,50,6400
474,50,6400
475,50,6400
476,48,6144
477,48,6144
478,48,6144
479,50,6400
480,50,6400
481,50,6400
482,50,6400
483,52,6656
484,52,6656
485,52,6656
486,51,6528
487,52,6656
488,52,6656
489,52,6656
490,52,6656
491,52,6656
492,51,6528
493,51,6528
494,49,6272
495,49,6272
496,50,6400
497,48,6144
498,47,6016
499,48,6144
500,48,6144
501,51,6528
502,49,6272
503,47,6016
504,47,6016
505,48,6144
506,48,6144
507,47,6016
508,48,6144
509,48,6144
510,46,5888
511,47,6016
512,49,6272
513,48,6144
514,48,6144
515,48,6144
516,48,6144
517,48,6144
518,50,6400
519,48,6144
520,46,5888
521,43,5504
522,44,5632
523,43,5504
524,43,5504
525,44,5632
526,44,5632
527,45,5760
528,45,5760
529,45,5760
530,45,5760
531,45,5760
532,46,5888
533,46,5888
534,45,5760
535,47,6016
536,45,5760
537,46,5888
538,47,6016
539,46,5888
540,45,5760
541,46,5888
542,46,5888
543,47,6016
544,46,5888
545,46,5888
546,45,5760
547,48,6144
548,47,6016
549,47,6016
550,46,5888
551,47,6016
552,47,6016
553,49,6272
554,46,5888
555,46,5888
556,47,6016
557,47,6016
558,48,6144
559,48,6144
560,47,6016
561,48,6144
562,49,6272
563,49,6272
564,49,6272
565,49,6272
566,48,6144
567,49,6272
568,49,6272
569,49,6272
570,48,6144
571,50,6400
572,51,6528
573,52,6656
574,51,6528
575,51,6528
576,51,6528
577,51,6528
578,52,6656
579,52,6656
580,52,6656
581,50,6400
582,52,6656
583,53,6784
584,52,6656
585,52,6656
586,52,6656
587,51,6528
588,52,6656
589,52,6656
590,51,6528
591,54,6912
592,54,6912
593,54,6912
594,52,6656
595,52,6656
596,52,6656
597,53,6784
598,51,6528
599,52,6656
600,52,6656
601,51,6528
602,51,6528
603,50,6400
604,50,6400
605,50,6400
606,50,6400
607,49,6272
608,50,6400
609,50,6400
610,49,6272
611,52,6656
612,49,6272
613,49,6272
614,50,6400
615,50,6400
616,50,6400
617,50,6400
618,49,6272
619,51,6528
620,50,6400
621,50,6400
622,50,6400
623,50,6400
624,49,6272
625,50,6400
626,51,6528
627,50,6400
628,50,6400
629,50,6400
630,50,6400
631,48,6144
632,48,6144
633,49,6272
634,48,6144
635,48,6144
636,50,6400
637,52,6656
638,49,6272
639,49,6272
640,50,6400
641,50,6400
642,52,6656
643,53,6784
644,53,6784
645,52,6656
646,53,6784
647,53,6784
648,50,6400
649,52,6656
650,52,6656
651,51,6528
652,51,6528
653,52,6656
654,52,6656
655,51,6528
656,54,6912
657,54,6912
658,54,6912
659,54,6912
660,53,6784
661,54,6912
662,52,6656
663,52,6656
664,52,6656
665,50,6400
666,51,6528
667,50,6400
668,50,6400
669,51,6528
670,50,6400
671,50,6400
672,50,6400
673,49,6272
674,50,6400
675,50,6400
676,50,6400
677,49,6272
678,49,6272
679,51,6528
680,50,6400
681,51,6528
682,51,6528
683,51,6528
684,50,6400
685,51,6528
686,51,6528
687,50,6400
688,50,6400
689,50,6400
690,48,6144
691,48,6144
692,48,6144
693,48,6144
694,48,6144
695,49,6272
696,49,6272
697,48,6144
698,48,6144
699,48,6144
700,48,6144
701,49,6272
702,49,6272
703,50,6400
704,51,6528
705,50,6400
706,50,6400
707,49,6272
708,49,6272
709,50,6400
710,50,6400
711,49,6272
712,49,6272
713,51,6528
714,49,6272
715,49,6272
716,49,6272
717,50,6400
718,51,6528
719,50,6400
720,50,6400
721,49,6272
722,50,6400
723,50,6400
724,49,6272
725,50,6400
726,50,6400
727,50,6400
728,49,6272
729,49,6272
730,48,6144
731,47,6016
732,47,6016
733,48,6144
734,47,6016
735,48,6144
736,47,6016
737,46,5888
738,46,5888
739,47,6016
740,48,6144
741,49,6272
742,50,6400
743,49,6272
744,54,6912
745,53,6784
746,50,6400
747,52,6656
748,53,6784
749,51,6528
750,50,6400
751,51,6528
752,51,6528
753,51,6528
754,51,6528
755,51,6528
756,51,6528
757,51,6528
758,51,6528
759,50,6400
760,50,6400
761,50,6400
762,51,6528
763,52,6656
764,52,6656
765,50,6400
766,48,6144
767,49,6272
768,51,6528
769,50,6400
770,49,6272
771,50,6400
772,51,6528
773,51,6528
774,49,6272
775,51,6528
776,51,6528
777,51,6528
778,52,6656
779,51,6528
780,51,6528
781,51,6528
782,51,6528
783,51,6528
784,51,6528
785,51,6528
786,52,6656
787,53,6784
788,54,6912
789,54,6912
790,53,6784
791,54,6912
792,53,6784
793,52,6656
794,52,6656
795,53,6784
796,51,6528
797,52,6656
798,51,6528
799,52,6656
800,51,6528
801,50,6400
802,51,6528
803,51,6528
804,51,6528
805,50,6400
806,52,6656
807,51,6528
808,50,6400
809,50,6400
810,51,6528
811,51,6528
812,51,6528
813,51,6528
814,52,6656
815,51,6528
816,51,6528
817,51,6528
818,48,6144
819,49,6272
820,50,6400
821,50,6400
822,48,6144
823,50,6400
824,50,6400
825,48,6144
826,48,6144
827,48,6144
828,50,6400
829,50,6400
830,50,6400
831,49,6272
832,50,6400
833,49,6272
834,49,6272
835,50,6400
836,49,6272
837,49,6272
838,50,6400
839,51,6528
840,51,6528
841,50,6400
842,48,6144
843,49,6272
844,47,6016
845,47,6016
846,47,6016
847,47,6016
848,47,6016
849,47,6016
850,48,6144
851,48,6144
852,48,6144
853,49,6272
854,49,6272
855,48,6144
856,49,6272
857,49,6272
858,50,6400
859,48,6144
860,49,6272
861,50,6400
862,49,6272
863,49,6272
864,48,6144
865,48,6144
866,49,6272
867,48,6144
868,49,6272
869,49,6272
870,49,6272
871,49,6272
872,50,6400
873,48,6144
874,48,6144
875,48,6144
876,48,6144
877,48,6144
878,48,6144
879,48,6144
880,47,6016
881,47,6016
882,47,6016
883,47,6016
884,47,6016
885,46,5888
886,46,5888
887,46,5888
888,46,5888
889,48,6144
890,46,5888
891,46,5888
892,47,6016
893,46,5888
894,47,6016
895,47,6016
896,46,5888
897,48,6144
898,48,6144
899,48,6144
900,49,6272
901,49,6272
902,49,6272
903,48,6144
904,48,6144
905,49,6272
906,49,6272
907,47,6016
908,47,6016
909,48,6144
910,48,6144
911,49,6272
912,49,6272
913,48,6144
914,48,6144
915,47,6016
916,48,6144
917,48,6144
918,48,6144
919,48,6144
920,47,6016
921,47,6016
922,47,6016
923,46,5888
924,47,6016
925,47,6016
926,46,5888
927,47,6016
928,48,6144
929,48,6144
930,47,6016
931,47,6016
932,46,5888
933,46,5888
934,45,5760
935,46,5888
936,45,5760
937,46,5888
938,46,5888
939,47,6016
940,47,6016
941,46,5888
942,46,5888
943,46,5888
944,46,5888
945,47,6016
946,47,6016
947,46,5888
948,46,5888
949,46,5888
950,47,6016
951,47,6016
952,47,6016
953,47,6016
954,47,6016
955,46,5888
956,47,6016
957,47,6016
958,47,6016
959,47,6016
960,47,6016
961,48,6144
962,47,6016
963,47,6016
964,48,6144
965,49,6272
966,50,6400
967,51,6528
968,51,6528
969,50,6400
970,50,6400
971,51,6528
972,51,6528
973,51,6528
974,52,6656
975,52,6656
976,52,6656
977,53,6784
978,52,6656
979,53,6784
980,53,6784
981,53,6784
982,52,6656
983,52,6656
984,53,6784
985,53,6784
986,53,6784
987,53,6784
988,53,6784
989,55,7040
990,55,7040
991,53,6784
992,54,6912
993,54,6912
994,55,7040
995,53,6784
996,54,6912
997,54,6912
998,53,6784
999,52,6656
1000,52,6656
1001,53,6784
1002,52,6656
1003,51,6528
1004,51,6528
1005,53,6784
1006,54,6912
1007,52,6656
1008,53,6784
1009,53,6784
1010,54,6912
1011,55,7040
1012,54,6912
1013,52,6656
1014,51,6528
1015,52,6656
1016,53,6784
1017,53,6784
1018,52,6656
1019,52,6656
1020,52,6656
1021,52,6656
1022,52,6656
1023,52,6656
1024,52,6656
1025,52,6656
1026,54,6912
1027,52,6656
1028,52,6656
1029,52,6656
1030,54,6912
1031,52,6656
1032,52,6656
1033,52,6656
1034,51,6528
1035,52,6656
1036,52,6656
1037,54,6912
1038,54,6912
1039,54,6912
1040,55,7040
1041,53,6784
1042,53,6784
1043,52,6656
1044,53,6784
1045,54,6912
1046,54,6912
1047,53,6784
1048,53,6784
1049,54,6912
1050,54,6912
1051,54,6912
1052,53,6784
1053,53,6784
1054,53,6784
1055,53,6784
1056,54,6912
1057,54,6912
1058,54,6912
1059,54,6912
1060,52,6656
1061,54,6912
1062,54,6912
1063,52,6656
1064,53,6784
1065,51,6528
1066,52,6656
1067,52,6656
1068,52,6656
1069,55,7040
1070,55,7040
1071,55,7040
1072,53,6784
1073,52,6656
1074,53,6784
1075,52,6656
1076,52,6656
1077,52,6656
1078,52,6656
1079,53,6784
1080,53,6784
1081,54,6912
1082,55,7040
1083,56,7168
1084,56,7168
1085,54,6912
1086,54,6912
1087,55,7040
1088,54,6912
1089,55,7040
1090,55,7040
1091,54,6912
1092,54,6912
1093,55,7040
1094,55,7040
1095,56,7168
1096,54,6912
1097,55,7040
1098,54,6912
1099,55,7040
1100,55,7040
1101,56,7168
1102,55,7040
1103,55,7040
1104,56,7168
1105,56,7168
1106,55,7040
1107,55,7040
1108,55,7040
1109,55,7040
1110,56,7168
1111,55,7040
1112,55,7040
1113,54,6912
1114,55,7040
1115,55,7040
1116,55,7040
1117,55,7040
1118,55,7040
1119,56,7168
1120,56,7168
1121,55,7040
1122,54,6912
1123,54,6912
1124,55,7040
1125,55,7040
1126,54,6912
1127,54,6912
1128,55,7040
1129,55,7040
1130,54,6912
1131,53,6784
1132,53,6784
1133,53,6784
1134,55,7040
1135,52,6656
1136,54,6912
1137,54,6912
1138,52,6656
1139,53,6784
1140,53,6784
1141,53,6784
1142,54,6912
1143,52,6656
1144,53,6784
1145,53,6784
1146,53,6784
1147,54,6912
1148,53,6784
1149,55,7040
1150,55,7040
1151,56,7168
1152,55,7040
1153,56,7168
1154,57,7296
1155,57,7296
1156,57,7296
1157,57,7296
1158,55,7040
1159,56,7168
1160,56,7168
1161,53,6784
1162,53,6784
1163,53,6784
1164,52,6656
1165,52,6656
1166,52,6656
1167,53,6784
1168,52,6656
1169,52,6656
1170,54,6912
1171,52,6656
1172,52,6656
1173,53,6784
1174,53,6784
1175,52,6656
1176,54,6912
1177,54,6912
1178,53,6784
1179,54,6912
1180,54,6912
1181,53,6784
1182,53,6784
1183,53,6784
1184,52,6656
1185,52,6656
1186,52,6656
1187,53,6784
1188,52,6656
1189,52,6656
1190,52,6656
1191,51,6528
1192,51,6528
1193,51,6528
1194,51,6528
1195,54,6912
1196,51,6528
1197,52,6656
1198,52,6656
1199,53,6784
1200,51,6528
1201,52,6656
1202,52,6656
1203,52,6656
1204,52,6656
1205,51,6528
1206,51,6528
1207,52,6656
1208,51,6528
1209,51,6528
1210,50,6400
1211,51,6528
1212,51,6528
1213,51,6528
1214,51,6528
1215,52,6656
1216,51,6528
1217,51,6528
1218,52,6656
1219,51,6528
1220,51,6528
1221,51,6528
1222,52,6656
1223,52,6656
1224,50,6400
1225,51,6528
1226,52,6656
1227,53,6784
1228,53,6784
1229,53,6784
1230,53,6784
1231,52,6656
1232,52,6656
1233,53,6784
1234,52,6656
1235,52,6656
1236,53,6784
1237,52,6656
1238,52,6656
1239,53,6784
1240,54,6912
1241,52,6656
1242,52,6656
1243,54,6912
1244,54,6912
1245,53,6784
1246,53,6784
1247,53,6784
1248,52,6656
1249,52,6656
1250,54,6912
1251,53,6784
1252,52,6656
1253,51,6528
1254,51,6528
1255,51,6528
1256,50,6400
1257,51,6528
1258,52,6656
1259,52,6656
1260,52,6656
1261,52,6656
1262,52,6656
1263,51,6528
1264,52,6656
1265,52,6656
1266,53,6784
1267,51,6528
1268,52,6656
1269,52,6656
1270,53,6784
1271,52,6656
1272,52,6656
1273,52,6656
1274,53,6784
1275,53,6784
1276,53,6784
1277,54,6912
1278,54,6912
1279,54,6912
1280,54,6912
1281,54,6912
1282,54,6912
1283,53,6784
1284,53,6784
1285,53,6784
1286,53,6784
1287,53,6784
1288,54,6912
1289,53,6784
1290,54,6912
1291,53,6784
1292,53,6784
1293,53,6784
1294,53,6784
1295,53,6784
1296,53,6784
1297,55,7040
1298,54,6912
1299,53,6784
1300,55,7040
1301,55,7040
1302,54,6912
1303,53,6784
1304,56,7168
1305,55,7040
1306,55,7040
1307,54,6912
1308,56,7168
1309,52,6656
1310,52,6656
1311,52,6656
1312,52,6656
1313,52,6656
1314,53,6784
1315,53,6784
1316,51,6528
1317,53,6784
1318,53,6784
1319,52,6656
1320,52,6656
1321,53,6784
1322,52,6656
1323,52,6656
1324,54,6912
1325,53,6784
1326,52,6656
1327,52,6656
1328,52,6656
1329,52,6656
1330,52,6656
1331,52,6656
1332,52,6656
1333,52,6656
1334,51,6528
1335,51,6528
1336,52,6656
1337,52,6656
1338,53,6784
1339,53,6784
1340,51,6528
1341,51,6528
1342,51,6528
1343,50,6400
1344,52,6656
1345,53,6784
1346,52,6656
1347,52,6656
1348,52,6656
1349,52,6656
1350,54,6912
1351,54,6912
1352,53,6784
1353,53,6784
1354,54,6912
1355,53,6784
1356,53,6784
1357,54,6912
1358,55,7040
1359,53,6784
1360,52,6656
1361,52,6656
1362,53,6784
1363,53,6784
1364,53,6784
1365,53,6784
1366,53,6784
1367,53,6784
1368,53,6784
1369,53,6784
1370,53,6784
1371,53,6784
1372,53,6784
1373,53,6784
1374,52,6656
1375,51,6528
1376,51,6528
1377,52,6656
1378,52,6656
1379,52,6656
1380,52,6656
1381,52,6656
1382,52,6656
1383,51,6528
1384,53,6784
1385,52,6656
1386,53,6784
1387,52,6656
1388,52,6656
1389,52,6656
1390,52,6656
1391,51,6528
1392,51,6528
1393,53,6784
1394,53,6784
1395,51,6528
1396,52,6656
1397,52,6656
1398,52,6656
1399,53,6784
1400,53,6784
1401,53,6784
1402,55,7040
1403,56,7168
1404,54,6912
1405,55,7040
1406,54,6912
1407,53,6784
1408,54,6912
1409,53,6784
1410,53,6784
1411,53,6784
1412,52,6656
1413,53,6784
1414,53,6784
1415,53,6784
1416,52,6656
1417,54,6912
1418,52,6656
1419,52,6656
1420,52,6656
1421,54,6912
1422,51,6528
1423,53,6784
1424,54,6912
1425,51,6528
1426,53,6784
1427,53,6784
1428,52,6656
1429,53,6784
1430,52,6656
1431,56,7168
1432,54,6912
1433,54,6912
1434,54,6912
1435,55,7040
1436,55,7040
1437,53,6784
1438,54,6912
1439,54,6912
1440,55,7040
1441,53,6784
1442,54,6912
1443,54,6912
1444,55,7040
1445,55,7040
1446,54,6912
1447,54,6912
1448,54,6912
1449,55,7040
1450,54,6912
1451,54,6912
1452,54,6912
1453,54,6912
1454,54,6912
1455,55,7040
1456,54,6912
1457,55,7040
1458,54,6912
1459,54,6912
1460,54,6912
1461,52,6656
1462,56,7168
1463,55,7040
1464,56,7168
1465,56,7168
1466,55,7040
1467,54,6912
1468,53,6784
1469,52,6656
1470,53,6784
1471,53,6784
1472,52,6656
1473,53,6784
1474,53,6784
1475,54,6912
1476,54,6912
1477,54,6912
1478,55,7040
1479,55,7040
1480,54,6912
1481,52,6656
1482,53,6784
1483,54,6912
1484,52,6656
1485,53,6784
1486,53,6784
1487,53,6784
1488,53,6784
1489,53,6784
1490,53,6784
1491,54,6912
1492,54,6912
1493,53,6784
1494,53,6784
1495,56,7168
1496,53,6784
1497,53,6784
1498,52,6656
1499,53,6784
1500,53,6784
1501,54,6912
1502,53,6784
1503,52,6656
1504,53,6784
1505,54,6912
1506,54,6912
1507,54,6912
1508,54,6912
1509,55,7040
1510,54,6912
1511,54,6912
1512,55,7040
1513,57,7296
1514,56,7168
1515,56,7168
1516,57,7296
1517,57,7296
1518,57,7296
1519,56,7168
1520,57,7296
1521,57,7296
1522,57,7296
1523,57,7296
1524,56,7168
1525,57,7296
1526,56,7168
1527,57,7296
1528,56,7168
1529,57,7296
1530,57,7296
1531,56,7168
1532,57,7296
1533,56,7168
1534,56,7168
1535,56,7168
1536,56,7168
1537,56,7168
1538,54,6912
1539,55,7040
1540,55,7040
1541,56,7168
1542,55,7040
1543,55,7040
1544,55,7040
1545,55,7040
1546,55,7040
1547,55,7040
1548,57,7296
1549,56,7168
1550,56,7168
1551,56,7168
1552,56,7168
1553,55,7040
1554,55,7040
1555,56,7168
1556,54,6912
1557,53,6784
1558,53,6784
1559,53,6784
1560,52,6656
1561,51,6528
1562,52,6656
1563,52,6656
1564,51,6528
1565,55,7040
1566,52,6656
1567,52,6656
1568,51,6528
1569,52,6656
1570,51,6528
1571,51,6528
1572,51,6528
1573,52,6656
1574,52,6656
1575,51,6528
1576,51,6528
1577,51,6528
1578,51,6528
1579,50,6400
1580,52,6656
1581,52,6656
1582,53,6784
1583,51,6528
1584,52,6656
1585,51,6528
1586,52,6656
1587,51,6528
1588,51,6528
1589,52,6656
1590,53,6784
1591,51,6528
1592,49,6272
1593,49,6272
1594,50,6400
1595,50,6400
1596,51,6528
1597,51,6528
1598,54,6912
1599,53,6784
1600,51,6528
1601,51,6528
1602,49,6272
1603,50,6400
1604,50,6400
1605,51,6528
1606,52,6656
1607,51,6528
1608,50,6400
1609,50,6400
1610,51,6528
1611,49,6272
1612,50,6400
1613,52,6656
1614,52,6656
1615,50,6400
1616,50,6400
1617,52,6656
1618,51,6528
1619,52,6656
1620,50,6400
1621,49,6272
1622,49,6272
1623,49,6272
1624,50,6400
1625,50,6400
1626,50,6400
1627,50,6400
1628,50,6400
1629,49,6272
1630,51,6528
1631,51,6528
1632,49,6272
1633,49,6272
1634,49,6272
1635,50,6400
1636,50,6400
1637,50,6400
1638,50,6400
1639,50,6400
1640,50,6400
1641,50,6400
1642,48,6144
1643,49,6272
1644,51,6528
1645,52,6656
1646,52,6656
1647,52,6656
1648,48,6144
1649,52,6656
1650,51,6528
1651,52,6656
1652,50,6400
1653,48,6144
1654,49,6272
1655,48,6144
1656,49,6272
1657,51,6528
1658,50,6400
1659,53,6784
1660,52,6656
1661,51,6528
1662,52,6656
1663,52,6656
1664,51,6528
1665,51,6528
1666,51,6528
1667,51,6528
1668,51,6528
1669,52,6656
1670,50,6400
1671,50,6400
1672,52,6656
1673,52,6656
1674,52,6656
1675,52,6656
1676,51,6528
1677,52,6656
1678,52,6656
1679,53,6784
1680,52,6656
1681,54,6912
1682,54,6912
1683,54,6912
1684,54,6912
1685,55,7040
1686,55,7040
1687,55,7040
1688,53,6784
1689,53,6784
1690,52,6656
1691,53,6784
1692,51,6528
1693,51,6528
1694,52,6656
1695,52,6656
1696,52,6656
1697,53,6784
1698,54,6912
1699,54,6912
1700,55,7040
1701,53,6784
1702,53,6784
1703,54,6912
1704,54,6912
1705,54,6912
1706,54,6912
1707,54,6912
1708,54,6912
1709,54,6912
1710,53,6784
1711,53,6784
1712,52,6656
1713,53,6784
1714,52,6656
1715,53,6784
1716,53,6784
1717,53,6784
1718,54,6912
1719,53,6784
1720,53,6784
1721,52,6656
1722,52,6656
1723,53,6784
1724,53,6784
1725,53,6784
1726,53,6784
1727,53,6784
1728,53,6784
1729,53,6784
1730,52,6656
1731,52,6656
1732,53,6784
1733,52,6656
1734,52,6656
1735,52,6656
1736,53,6784
1737,55,7040
1738,53,6784
1739,55,7040
1740,53,6784
1741,54,6912
1742,52,6656
1743,52,6656
1744,52,6656
1745,52,6656
1746,54,6912
1747,54,6912
1748,51,6528
1749,52,6656
1750,52,6656
1751,52,6656
1752,52,6656
1753,53,6784
1754,53,6784
1755,53,6784
1756,53,6784
1757,53,6784
1758,52,6656
1759,53,6784
1760,52,6656
1761,52,6656
1762,52,6656
1763,52,6656
1764,51,6528
1765,51,6528
1766,52,6656
1767,52,6656
1768,51,6528
1769,50,6400
1770,51,6528
1771,52,6656
1772,52,6656
1773,53,6784
1774,53,6784
1775,52,6656
1776,52,6656
1777,52,6656
1778,51,6528
1779,52,6656
1780,53,6784
1781,53,6784
1782,55,7040
1783,51,6528
1784,51,6528
1785,50,6400
1786,49,6272
1787,50,6400
1788,50,6400
1789,50,6400
1790,52,6656
1791,50,6400
1792,50,6400
1793,50,6400
1794,50,6400
1795,49,6272
1796,50,6400
1797,48,6144
1798,50,6400
1799,50,6400
1800,50,6400
1801,51,6528
1802,50,6400
1803,50,6400
1804,51,6528
1805,51,6528
1806,51,6528
1807,51,6528
1808,51,6528
1809,51,6528
1810,49,6272
1811,50,6400
1812,50,6400
1813,51,6528
1814,50,6400
1815,50,6400
1816,48,6144
1817,49,6272
1818,48,6144
1819,49,6272
1820,49,6272
1821,49,6272
1822,49,6272
1823,49,6272
1824,50,6400
1825,51,6528
1826,50,6400
1827,49,6272
1828,50,6400
1829,51,6528
1830,50,6400
1831,50,6400
1832,50,6400
1833,49,6272
1834,49,6272
1835,51,6528
1836,51,6528
1837,51,6528
1838,50,6400
1839,49,6272
1840,49,6272
1841,49,6272
1842,50,6400
1843,50,6400
1844,50,6400
1845,50,6400
1846,49,6272
1847,50,6400
1848,51,6528
1849,51,6528
1850,50,6400
1851,51,6528
1852,51,6528
1853,50,6400
1854,50,6400
1855,51,6528
1856,51,6528
1857,52,6656
1858,52,6656
1859,52,6656
1860,52,6656
1861,52,6656
1862,53,6784
1863,51,6528
1864,53,6784
1865,52,6656
1866,52,6656
1867,52,6656
1868,53,6784
1869,52,6656
1870,52,6656
1871,52,6656
1872,52,6656
1873,52,6656
1874,51,6528
1875,53,6784
1876,51,6528
1877,52,6656
1878,52,6656
1879,51,6528
1880,51,6528
1881,50,6400
1882,51,6528
1883,51,6528
1884,51,6528
1885,52,6656
1886,52,6656
1887,52,6656
1888,52,6656
1889,52,6656
1890,52,6656
1891,52,6656
1892,52,6656
1893,52,6656
1894,52,6656
1895,53,6784
1896,51,6528
1897,51,6528
1898,50,6400
1899,51,6528
1900,54,6912
1901,54,6912
1902,53,6784
1903,53,6784
1904,53,6784
1905,53,6784
1906,52,6656
1907,55,7040
1908,55,7040
1909,51,6528
1910,52,6656
1911,51,6528
1912,51,6528
1913,52,6656
1914,50,6400
1915,51,6528
1916,51,6528
1917,51,6528
1918,52,6656
1919,51,6528
1920,53,6784
1921,53,6784
1922,52,6656
1923,50,6400
1924,50,6400
1925,51,6528
1926,50,6400
1927,50,6400
1928,50,6400
1929,50,6400
1930,51,6528
1931,52,6656
1932,51,6528
1933,50,6400
1934,51,6528
1935,50,6400
1936,50,6400
1937,51,6528
1938,53,6784
1939,50,6400
1940,49,6272
1941,50,6400
1942,51,6528
1943,48,6144
1944,49,6272
1945,49,6272
1946,49,6272
1947,48,6144
1948,48,6144
1949,49,6272
1950,48,6144
1951,48,6144
1952,48,6144
1953,48,6144
1954,48,6144
1955,48,6144
1956,49,6272
1957,49,6272
1958,47,6016
1959,48,6144
1960,48,6144
1961,47,6016
1962,48,6144
1963,49,6272
1964,48,6144
1965,48,6144
1966,46,5888
1967,46,5888
1968,45,5760
1969,45,5760
1970,46,5888
1971,47,6016
1972,49,6272
1973,49,6272
1974,49,6272
1975,49,6272
1976,48,6144
1977,48,6144
1978,48,6144
1979,46,5888
1980,47,6016
1981,47,6016
1982,48,6144
1983,47,6016
1984,49,6272
1985,47,6016
1986,48,6144
1987,49,6272
1988,47,6016
1989,48,6144
1990,48,6144
1991,48,6144
1992,48,6144
1993,49,6272
1994,48,6144
1995,48,6144
1996,48,6144
1997,49,6272
1998,50,6400
1999,48,6144
2000,50,6400
