RandomSeed,75680,Population size:128,Bit Length:64,Crossover Rate:0.7,Mutation Rate:0.005
gen,BestFitness,FitnessEval
1,43,5504
2,44,5632
3,42,5376
4,42,5376
5,45,5760
6,45,5760
7,44,5632
8,45,5760
9,44,5632
10,45,5760
11,44,5632
12,46,5888
13,52,6656
14,52,6656
15,53,6784
16,53,6784
17,54,6912
18,54,6912
19,54,6912
20,55,7040
21,55,7040
22,54,6912
23,55,7040
24,54,6912
25,54,6912
26,55,7040
27,53,6784
28,54,6912
29,54,6912
30,54,6912
31,55,7040
32,55,7040
33,54,6912
34,54,6912
35,54,6912
36,55,7040
37,54,6912
38,55,7040
39,54,6912
40,55,7040
41,54,6912
42,54,6912
43,54,6912
44,53,6784
45,54,6912
46,54,6912
47,52,6656
48,52,6656
49,51,6528
50,50,6400
51,51,6528
52,52,6656
53,52,6656
54,53,6784
55,51,6528
56,52,6656
57,51,6528
58,51,6528
59,51,6528
60,51,6528
61,52,6656
62,52,6656
63,52,6656
64,51,6528
65,51,6528
66,52,6656
67,52,6656
68,53,6784
69,53,6784
70,53,6784
71,53,6784
72,54,6912
73,54,6912
74,53,6784
75,53,6784
76,53,6784
77,54,6912
78,54,6912
79,53,6784
80,52,6656
81,52,6656
82,53,6784
83,52,6656
84,52,6656
85,52,6656
86,52,6656
87,52,6656
88,51,6528
89,53,6784
90,52,6656
91,52,6656
92,52,6656
93,53,6784
94,51,6528
95,51,6528
96,53,6784
97,54,6912
98,55,7040
99,53,6784
100,53,6784
101,52,6656
102,51,6528
103,51,6528
104,51,6528
105,51,6528
106,51,6528
107,51,6528
108,50,6400
109,51,6528
110,51,6528
111,51,6528
112,51,6528
113,51,6528
114,52,6656
115,52,6656
116,52,6656
117,52,6656
118,50,6400
119,51,6528
120,50,6400
121,50,6400
122,50,6400
123,50,6400
124,51,6528
125,49,6272
126,48,6144
127,49,6272
128,48,6144
129,48,6144
130,49,6272
131,49,6272
132,49,6272
133,49,6272
134,49,6272
135,49,6272
136,49,6272
137,49,6272
138,49,6272
139,49,6272
140,49,6272
141,49,6272
142,48,6144
143,48,6144
144,48,6144
145,49,6272
146,49,6272
147,49,6272
148,49,6272
149,49,6272
150,48,6144
151,50,6400
152,49,6272
153,49,6272
154,50,6400
155,48,6144
156,49,6272
157,49,6272
158,50,6400
159,50,6400
160,50,6400
161,51,6528
162,52,6656
163,50,6400
164,50,6400
165,50,6400
166,50,6400
167,50,6400
168,53,6784
169,52,6656
170,51,6528
171,52,6656
172,52,6656
173,52,6656
174,52,6656
175,50,6400
176,51,6528
177,50,6400
178,51,6528
179,51,6528
180,52,6656
181,50,6400
182,50,6400
183,50,6400
184,51,6528
185,51,6528
186,50,6400
187,50,6400
188,50,6400
189,49,6272
190,49,6272
191,52,6656
192,51,6528
193,50,6400
194,50,6400
195,49,6272
196,49,6272
197,49,6272
198,50,6400
199,48,6144
200,49,6272
201,50,6400
202,50,6400
203,50,6400
204,52,6656
205,49,6272
206,50,6400
207,50,6400
208,52,6656
209,50,6400
210,49,6272
211,48,6144
212,49,6272
213,49,6272
214,50,6400
215,50,6400
216,50,6400
217,50,6400
218,48,6144
219,48,6144
220,49,6272
221,48,6144
222,48,6144
223,47,6016
224,48,6144
225,47,6016
226,47,6016
227,47,6016
228,47,6016
229,48,6144
230,47,6016
231,49,6272
232,49,6272
233,49,6272
234,51,6528
235,51,6528
236,51,6528
237,52,6656
238,49,6272
239,50,6400
240,50,6400
241,50,6400
242,48,6144
243,49,6272
244,49,6272
245,49,6272
246,50,6400
247,51,6528
248,52,6656
249,52,6656
250,51,6528
251,53,6784
252,52,6656
253,50,6400
254,50,6400
255,50,6400
256,50,6400
257,51,6528
258,51,6528
259,51,6528
260,49,6272
261,49,6272
262,49,6272
263,49,6272
264,51,6528
265,52,6656
266,54,6912
267,53,6784
268,52,6656
269,52,6656
270,52,6656
271,51,6528
272,51,6528
273,52,6656
274,53,6784
275,53,6784
276,51,6528
277,50,6400
278,49,6272
279,50,6400
280,51,6528
281,51,6528
282,51,6528
283,50,6400
284,50,6400
285,50,6400
286,52,6656
287,50,6400
288,51,6528
289,50,6400
290,50,6400
291,51,6528
292,52,6656
293,52,6656
294,52,6656
295,52,6656
296,52,6656
297,51,6528
298,52,6656
299,52,6656
300,53,6784
301,52,6656
302,52,6656
303,52,6656
304,53,6784
305,53,6784
306,53,6784
307,52,6656
308,52,6656
309,51,6528
310,51,6528
311,51,6528
312,52,6656
313,52,6656
314,51,6528
315,53,6784
316,53,6784
317,53,6784
318,54,6912
319,52,6656
320,53,6784
321,53,6784
322,54,6912
323,55,7040
324,55,7040
325,55,7040
326,55,7040
327,55,7040
328,55,7040
329,55,7040
330,54,6912
331,57,7296
332,55,7040
333,55,7040
334,55,7040
335,56,7168
336,54,6912
337,54,6912
338,55,7040
339,54,6912
340,53,6784
341,54,6912
342,54,6912
343,54,6912
344,54,6912
345,53,6784
346,54,6912
347,54,6912
348,54,6912
349,52,6656
350,51,6528
351,52,6656
352,53,6784
353,53,6784
354,53,6784
355,54,6912
356,53,6784
357,53,6784
358,52,6656
359,53,6784
360,52,6656
361,53,6784
362,53,6784
363,53,6784
364,52,6656
365,50,6400
366,52,6656
367,52,6656
368,52,6656
369,52,6656
370,54,6912
371,53,6784
372,54,6912
373,53,6784
374,52,6656
375,53,6784
376,53,6784
377,53,6784
378,52,6656
379,52,6656
380,52,6656
381,53,6784
382,55,7040
383,52,6656
384,52,6656
385,53,6784
386,53,6784
387,52,6656
388,53,6784
389,52,6656
390,52,6656
391,52,6656
392,51,6528
393,53,6784
394,50,6400
395,51,6528
396,50,6400
397,51,6528
398,51,6528
399,51,6528
400,50,6400
401,49,6272
402,50,6400
403,49,6272
404,49,6272
405,50,6400
406,50,6400
407,50,6400
408,48,6144
409,48,6144
410,47,6016
411,50,6400
412,51,6528
413,48,6144
414,49,6272
415,49,6272
416,49,6272
417,47,6016
418,49,6272
419,51,6528
420,48,6144
421,51,6528
422,51,6528
423,48,6144
424,48,6144
425,49,6272
426,49,6272
427,50,6400
428,50,6400
429,50,6400
430,50,6400
431,51,6528
432,49,6272
433,48,6144
434,48,6144
435,49,6272
436,48,6144
437,48,6144
438,48,6144
439,48,6144
440,49,6272
441,48,6144
442,48,6144
443,49,6272
444,49,6272
445,49,6272
446,48,6144
447,50,6400
448,49,6272
449,49,6272
450,48,6144
451,49,6272
452,49,6272
453,51,6528
454,51,6528
455,51,6528
456,51,6528
457,49,6272
458,51,6528
459,50,6400
460,50,6400
461,49,6272
462,49,6272
463,47,6016
464,48,6144
465,49,6272
466,48,6144
467,49,6272
468,49,6272
469,48,6144
470,47,6016
471,50,6400
472,51,6528
473,50,6400
474,51,6528
475,49,6272
476,49,6272
477,49,6272
478,49,6272
479,50,6400
480,48,6144
481,50,6400
482,49,6272
483,50,6400
484,49,6272
485,49,6272
486,49,6272
487,51,6528
488,49,6272
489,50,6400
490,50,6400
491,49,6272
492,49,6272
493,50,6400
494,51,6528
495,48,6144
496,49,6272
497,49,6272
498,49,6272
499,49,6272
500,48,6144
501,50,6400
502,50,6400
503,48,6144
504,50,6400
505,49,6272
506,47,6016
507,47,6016
508,48,6144
509,47,6016
510,47,6016
511,48,6144
512,48,6144
513,50,6400
514,48,6144
515,48,6144
516,48,6144
517,46,5888
518,46,5888
519,47,6016
520,47,6016
521,46,5888
522,46,5888
523,46,5888
524,46,5888
525,47,6016
526,47,6016
527,46,5888
528,45,5760
529,45,5760
530,45,5760
531,46,5888
532,44,5632
533,44,5632
534,45,5760
535,45,5760
536,44,5632
537,45,5760
538,45,5760
539,45,5760
540,45,5760
541,44,5632
542,45,5760
543,45,5760
544,46,5888
545,48,6144
546,44,5632
547,44,5632
548,45,5760
549,46,5888
550,46,5888
551,44,5632
552,45,5760
553,45,5760
554,45,5760
555,47,6016
556,44,5632
557,44,5632
558,45,5760
559,45,5760
560,44,5632
561,43,5504
562,44,5632
563,43,5504
564,44,5632
565,44,5632
566,44,5632
567,45,5760
568,45,5760
569,45,5760
570,46,5888
571,46,5888
572,46,5888
573,44,5632
574,44,5632
575,44,5632
576,44,5632
577,45,5760
578,45,5760
579,44,5632
580,44,5632
581,46,5888
582,48,6144
583,46,5888
584,46,5888
585,47,6016
586,47,6016
587,46,5888
588,47,6016
589,47,6016
590,48,6144
591,47,6016
592,47,6016
593,45,5760
594,45,5760
595,47,6016
596,46,5888
597,46,5888
598,47,6016
599,47,6016
600,47,6016
601,46,5888
602,47,6016
603,46,5888
604,48,6144
605,47,6016
606,48,6144
607,48,6144
608,47,6016
609,49,6272
610,48,6144
611,47,6016
612,48,6144
613,48,6144
614,48,6144
615,50,6400
616,49,6272
617,51,6528
618,51,6528
619,51,6528
620,51,6528
621,52,6656
622,52,6656
623,52,6656
624,49,6272
625,50,6400
626,50,6400
627,50,6400
628,48,6144
629,47,6016
630,46,5888
631,46,5888
632,46,5888
633,48,6144
634,47,6016
635,48,6144
636,48,6144
637,47,6016
638,48,6144
639,47,6016
640,46,5888
641,49,6272
642,47,6016
643,48,6144
644,48,6144
645,49,6272
646,47,6016
647,47,6016
648,47,6016
649,48,6144
650,48,6144
651,46,5888
652,47,6016
653,49,6272
654,50,6400
655,51,6528
656,51,6528
657,51,6528
658,50,6400
659,50,6400
660,51,6528
661,52,6656
662,52,6656
663,53,6784
664,54,6912
665,53,6784
666,54,6912
667,52,6656
668,54,6912
669,55,7040
670,54,6912
671,54,6912
672,54,6912
673,54,6912
674,53,6784
675,53,6784
676,53,6784
677,54,6912
678,53,6784
679,53,6784
680,53,6784
681,53,6784
682,53,6784
683,54,6912
684,54,6912
685,54,6912
686,55,7040
687,54,6912
688,55,7040
689,55,7040
690,55,7040
691,57,7296
692,55,7040
693,55,7040
694,55,7040
695,55,7040
696,55,7040
697,55,7040
698,55,7040
699,55,7040
700,54,6912
701,54,6912
702,54,6912
703,53,6784
704,53,6784
705,53,6784
706,54,6912
707,55,7040
708,55,7040
709,53,6784
710,53,6784
711,54,6912
712,54,6912
713,54,6912
714,54,6912
715,55,7040
716,54,6912
717,53,6784
718,53,6784
719,53,6784
720,53,6784
721,53,6784
722,54,6912
723,54,6912
724,54,6912
725,54,6912
726,54,6912
727,54,6912
728,54,6912
729,53,6784
730,53,6784
731,54,6912
732,53,6784
733,53,6784
734,54,6912
735,53,6784
736,53,6784
737,53,6784
738,53,6784
739,54,6912
740,54,6912
741,53,6784
742,54,6912
743,55,7040
744,56,7168
745,56,7168
746,55,7040
747,54,6912
748,55,7040
749,55,7040
750,53,6784
751,53,6784
752,55,7040
753,52,6656
754,53,6784
755,52,6656
756,54,6912
757,54,6912
758,54,6912
759,53,6784
760,54,6912
761,55,7040
762,54,6912
763,54,6912
764,55,7040
765,54,6912
766,52,6656
767,54,6912
768,56,7168
769,56,7168
770,56,7168
771,55,7040
772,54,6912
773,57,7296
774,55,7040
775,53,6784
776,52,6656
777,53,6784
778,52,6656
779,52,6656
780,50,6400
781,51,6528
782,51,6528
783,51,6528
784,50,6400
785,50,6400
786,52,6656
787,52,6656
788,52,6656
789,50,6400
790,53,6784
791,52,6656
792,52,6656
793,52,6656
794,53,6784
795,52,6656
796,53,6784
797,52,6656
798,53,6784
799,53,6784
800,54,6912
801,54,6912
802,53,6784
803,55,7040
804,54,6912
805,54,6912
806,54,6912
807,55,7040
808,54,6912
809,54,6912
810,54,6912
811,55,7040
812,55,7040
813,56,7168
814,53,6784
815,53,6784
816,52,6656
817,53,6784
818,53,6784
819,54,6912
820,54,6912
821,53,6784
822,54,6912
823,54,6912
824,52,6656
825,51,6528
826,50,6400
827,51,6528
828,52,6656
829,52,6656
830,53,6784
831,51,6528
832,51,6528
833,50,6400
834,50,6400
835,50,6400
836,51,6528
837,53,6784
838,51,6528
839,49,6272
840,51,6528
841,50,6400
842,49,6272
843,49,6272
844,49,6272
845,50,6400
846,50,6400
847,50,6400
848,53,6784
849,52,6656
850,51,6528
851,52,6656
852,55,7040
853,54,6912
854,53,6784
855,54,6912
856,52,6656
857,53,6784
858,52,6656
859,53,6784
860,54,6912
861,54,6912
862,54,6912
863,54,6912
864,54,6912
865,53,6784
866,53,6784
867,54,6912
868,55,7040
869,56,7168
870,54,6912
871,55,7040
872,55,7040
873,55,7040
874,55,7040
875,54,6912
876,54,6912
877,55,7040
878,54,6912
879,55,7040
880,53,6784
881,55,7040
882,55,7040
883,55,7040
884,54,6912
885,54,6912
886,54,6912
887,54,6912
888,53,6784
889,51,6528
890,51,6528
891,52,6656
892,51,6528
893,51,6528
894,51,6528
895,54,6912
896,54,6912
897,55,7040
898,53,6784
899,53,6784
900,53,6784
901,53,6784
902,53,6784
903,53,6784
904,52,6656
905,53,6784
906,54,6912
907,54,6912
908,53,6784
909,54,6912
910,52,6656
911,52,6656
912,52,6656
913,53,6784
914,53,6784
915,54,6912
916,52,6656
917,52,6656
918,52,6656
919,52,6656
920,53,6784
921,51,6528
922,50,6400
923,51,6528
924,50,6400
925,50,6400
926,50,6400
927,50,6400
928,53,6784
929,52,6656
930,52,6656
931,53,6784
932,51,6528
933,54,6912
934,54,6912
935,54,6912
936,53,6784
937,54,6912
938,54,6912
939,54,6912
940,52,6656
941,51,6528
942,52,6656
943,53,6784
944,51,6528
945,50,6400
946,51,6528
947,51,6528
948,52,6656
949,50,6400
950,52,6656
951,51,6528
952,52,6656
953,51,6528
954,50,6400
955,51,6528
956,51,6528
957,50,6400
958,53,6784
959,54,6912
960,54,6912
961,53,6784
962,51,6528
963,52,6656
964,52,6656
965,51,6528
966,51,6528
967,51,6528
968,52,6656
969,52,6656
970,52,6656
971,51,6528
972,50,6400
973,50,6400
974,50,6400
975,50,6400
976,51,6528
977,52,6656
978,52,6656
979,52,6656
980,50,6400
981,53,6784
982,53,6784
983,53,6784
984,52,6656
985,52,6656
986,52,6656
987,51,6528
988,50,6400
989,49,6272
990,49,6272
991,50,6400
992,50,6400
993,50,6400
994,50,6400
995,49,6272
996,49,6272
997,49,6272
998,49,6272
999,48,6144
1000,48,6144
1001,49,6272
1002,47,6016
1003,48,6144
1004,49,6272
1005,48,6144
1006,47,6016
1007,47,6016
1008,48,6144
1009,48,6144
1010,49,6272
1011,48,6144
1012,50,6400
1013,50,6400
1014,50,6400
1015,50,6400
1016,51,6528
1017,51,6528
1018,51,6528
1019,51,6528
1020,51,6528
1021,51,6528
1022,51,6528
1023,50,6400
1024,50,6400
1025,50,6400
1026,51,6528
1027,51,6528
1028,50,6400
1029,50,6400
1030,50,6400
1031,51,6528
1032,51,6528
1033,51,6528
1034,50,6400
1035,50,6400
1036,50,6400
1037,50,6400
1038,51,6528
1039,52,6656
1040,51,6528
1041,51,6528
1042,51,6528
1043,51,6528
1044,51,6528
1045,52,6656
1046,52,6656
1047,52,6656
1048,52,6656
1049,51,6528
1050,50,6400
1051,51,6528
1052,51,6528
1053,52,6656
1054,51,6528
1055,51,6528
1056,53,6784
1057,51,6528
1058,51,6528
1059,51,6528
1060,51,6528
1061,52,6656
1062,53,6784
1063,52,6656
1064,51,6528
1065,52,6656
1066,51,6528
1067,51,6528
1068,51,6528
1069,52,6656
1070,51,6528
1071,52,6656
1072,51,6528
1073,52,6656
1074,52,6656
1075,52,6656
1076,53,6784
1077,51,6528
1078,53,6784
1079,52,6656
1080,52,6656
1081,52,6656
1082,53,6784
1083,53,6784
1084,53,6784
1085,53,6784
1086,53,6784
1087,52,6656
1088,52,6656
1089,51,6528
1090,53,6784
1091,53,6784
1092,53,6784
1093,51,6528
1094,51,6528
1095,52,6656
1096,52,6656
1097,53,6784
1098,52,6656
1099,52,6656
1100,52,6656
1101,52,6656
1102,52,6656
1103,52,6656
1104,51,6528
1105,53,6784
1106,52,6656
1107,53,6784
1108,52,6656
1109,51,6528
1110,53,6784
1111,51,6528
1112,51,6528
1113,52,6656
1114,51,6528
1115,52,6656
1116,51,6528
1117,52,6656
1118,53,6784
1119,51,6528
1120,53,6784
1121,52,6656
1122,52,6656
1123,52,6656
1124,51,6528
1125,52,6656
1126,50,6400
1127,51,6528
1128,52,6656
1129,52,6656
1130,52,6656
1131,51,6528
1132,53,6784
1133,53,6784
1134,54,6912
1135,52,6656
1136,53,6784
1137,53,6784
1138,52,6656
1139,53,6784
1140,52,6656
1141,52,6656
1142,51,6528
1143,51,6528
1144,51,6528
1145,51,6528
1146,51,6528
1147,51,6528
1148,51,6528
1149,51,6528
1150,51,6528
1151,52,6656
1152,51,6528
1153,52,6656
1154,52,6656
1155,52,6656
1156,52,6656
1157,52,6656
1158,53,6784
1159,51,6528
1160,51,6528
1161,50,6400
1162,50,6400
1163,49,6272
1164,49,6272
1165,48,6144
1166,49,6272
1167,51,6528
1168,49,6272
1169,49,6272
1170,50,6400
1171,49,6272
1172,50,6400
1173,50,6400
1174,50,6400
1175,49,6272
1176,48,6144
1177,49,6272
1178,49,6272
1179,50,6400
1180,50,6400
1181,51,6528
1182,51,6528
1183,52,6656
1184,51,6528
1185,51,6528
1186,49,6272
1187,50,6400
1188,48,6144
1189,48,6144
1190,48,6144
1191,48,6144
1192,49,6272
1193,50,6400
1194,51,6528
1195,49,6272
1196,49,6272
1197,49,6272
1198,49,6272
1199,48,6144
1200,48,6144
1201,49,6272
1202,48,6144
1203,47,6016
1204,47,6016
1205,48,6144
1206,48,6144
1207,50,6400
1208,48,6144
1209,50,6400
1210,49,6272
1211,49,6272
1212,50,6400
1213,51,6528
1214,50,6400
1215,52,6656
1216,53,6784
1217,52,6656
1218,52,6656
1219,51,6528
1220,51,6528
1221,50,6400
1222,49,6272
1223,49,6272
1224,48,6144
1225,49,6272
1226,50,6400
1227,50,6400
1228,48,6144
1229,48,6144
1230,48,6144
1231,48,6144
1232,49,6272
1233,49,6272
1234,50,6400
1235,50,6400
1236,49,6272
1237,49,6272
1238,49,6272
1239,49,6272
1240,48,6144
1241,49,6272
1242,50,6400
1243,49,6272
1244,51,6528
1245,50,6400
1246,49,6272
1247,49,6272
1248,50,6400
1249,50,6400
1250,51,6528
1251,52,6656
1252,52,6656
1253,49,6272
1254,49,6272
1255,49,6272
1256,49,6272
1257,48,6144
1258,47,6016
1259,47,6016
1260,48,6144
1261,49,6272
1262,49,6272
1263,48,6144
1264,48,6144
1265,47,6016
1266,47,6016
1267,48,6144
1268,47,6016
1269,46,5888
1270,48,6144
1271,47,6016
1272,47,6016
1273,48,6144
1274,46,5888
1275,47,6016
1276,48,6144
1277,48,6144
1278,46,5888
1279,45,5760
1280,46,5888
1281,46,5888
1282,46,5888
1283,46,5888
1284,47,6016
1285,46,5888
1286,47,6016
1287,48,6144
1288,48,6144
1289,48,6144
1290,49,6272
1291,50,6400
1292,51,6528
1293,51,6528
1294,50,6400
1295,50,6400
1296,51,6528
1297,51,6528
1298,51,6528
1299,51,6528
1300,51,6528
1301,53,6784
1302,53,6784
1303,54,6912
1304,53,6784
1305,50,6400
1306,50,6400
1307,49,6272
1308,51,6528
1309,52,6656
1310,50,6400
1311,51,6528
1312,50,6400
1313,51,6528
1314,52,6656
1315,51,6528
1316,50,6400
1317,50,6400
1318,49,6272
1319,50,6400
1320,48,6144
1321,50,6400
1322,48,6144
1323,47,6016
1324,48,6144
1325,48,6144
1326,47,6016
1327,46,5888
1328,47,6016
1329,47,6016
1330,48,6144
1331,49,6272
1332,48,6144
1333,48,6144
1334,48,6144
1335,49,6272
1336,49,6272
1337,49,6272
1338,49,6272
1339,49,6272
1340,48,6144
1341,48,6144
1342,48,6144
1343,48,6144
1344,47,6016
1345,49,6272
1346,49,6272
1347,48,6144
1348,47,6016
1349,48,6144
1350,48,6144
1351,49,6272
1352,50,6400
1353,48,6144
1354,48,6144
1355,49,6272
1356,49,6272
1357,51,6528
1358,51,6528
1359,51,6528
1360,52,6656
1361,51,6528
1362,51,6528
1363,51,6528
1364,51,6528
1365,50,6400
1366,50,6400
1367,49,6272
1368,48,6144
1369,48,6144
1370,49,6272
1371,49,6272
1372,51,6528
1373,52,6656
1374,52,6656
1375,51,6528
1376,50,6400
1377,50,6400
1378,50,6400
1379,51,6528
1380,51,6528
1381,52,6656
1382,52,6656
1383,52,6656
1384,50,6400
1385,51,6528
1386,50,6400
1387,50,6400
1388,49,6272
1389,49,6272
1390,50,6400
1391,49,6272
1392,50,6400
1393,50,6400
1394,51,6528
1395,52,6656
1396,52,6656
1397,48,6144
1398,49,6272
1399,49,6272
1400,49,6272
1401,49,6272
1402,50,6400
1403,51,6528
1404,50,6400
1405,49,6272
1406,50,6400
1407,49,6272
1408,48,6144
1409,51,6528
1410,51,6528
1411,51,6528
1412,51,6528
1413,49,6272
1414,50,6400
1415,51,6528
1416,53,6784
1417,51,6528
1418,50,6400
1419,50,6400
1420,50,6400
1421,50,6400
1422,49,6272
1423,50,6400
1424,49,6272
1425,50,6400
1426,48,6144
1427,49,6272
1428,49,6272
1429,49,6272
1430,51,6528
1431,49,6272
1432,50,6400
1433,49,6272
1434,50,6400
1435,51,6528
1436,51,6528
1437,51,6528
1438,53,6784
1439,52,6656
1440,53,6784
1441,50,6400
1442,50,6400
1443,50,6400
1444,50,6400
1445,49,6272
1446,49,6272
1447,49,6272
1448,50,6400
1449,49,6272
1450,49,6272
1451,49,6272
1452,50,6400
1453,50,6400
1454,47,6016
1455,48,6144
1456,49,6272
1457,48,6144
1458,48,6144
1459,49,6272
1460,48,6144
1461,49,6272
1462,48,6144
1463,49,6272
1464,48,6144
1465,49,6272
1466,49,6272
1467,50,6400
1468,50,6400
1469,50,6400
1470,51,6528
1471,51,6528
1472,50,6400
1473,50,6400
1474,50,6400
1475,51,6528
1476,50,6400
1477,51,6528
1478,51,6528
1479,52,6656
1480,50,6400
1481,50,6400
1482,51,6528
1483,50,6400
1484,50,6400
1485,51,6528
1486,51,6528
1487,51,6528
1488,52,6656
1489,51,6528
1490,50,6400
1491,48,6144
1492,50,6400
1493,49,6272
1494,48,6144
1495,50,6400
1496,48,6144
1497,48,6144
1498,49,6272
1499,49,6272
1500,50,6400
1501,50,6400
1502,49,6272
1503,48,6144
1504,48,6144
1505,49,6272
1506,49,6272
1507,48,6144
1508,51,6528
1509,49,6272
1510,49,6272
1511,49,6272
1512,49,6272
1513,50,6400
1514,50,6400
1515,50,6400
1516,51,6528
1517,50,6400
1518,48,6144
1519,49,6272
1520,50,6400
1521,49,6272
1522,50,6400
1523,50,6400
1524,50,6400
1525,50,6400
1526,50,6400
1527,50,6400
1528,51,6528
1529,51,6528
1530,51,6528
1531,52,6656
1532,51,6528
1533,50,6400
1534,50,6400
1535,51,6528
1536,50,6400
1537,51,6528
1538,50,6400
1539,50,6400
1540,50,6400
1541,51,6528
1542,50,6400
1543,50,6400
1544,51,6528
1545,51,6528
1546,52,6656
1547,53,6784
1548,54,6912
1549,53,6784
1550,53,6784
1551,52,6656
1552,52,6656
1553,52,6656
1554,52,6656
1555,53,6784
1556,53,6784
1557,53,6784
1558,53,6784
1559,54,6912
1560,54,6912
1561,52,6656
1562,52,6656
1563,53,6784
1564,53,6784
1565,54,6912
1566,53,6784
1567,54,6912
1568,53,6784
1569,54,6912
1570,54,6912
1571,54,6912
1572,53,6784
1573,53,6784
1574,54,6912
1575,54,6912
1576,53,6784
1577,53,6784
1578,55,7040
1579,54,6912
1580,56,7168
1581,54,6912
1582,53,6784
1583,53,6784
1584,53,6784
1585,53,6784
1586,52,6656
1587,53,6784
1588,52,6656
1589,52,6656
1590,51,6528
1591,51,6528
1592,52,6656
1593,51,6528
1594,52,6656
1595,53,6784
1596,53,6784
1597,54,6912
1598,52,6656
1599,54,6912
1600,53,6784
1601,53,6784
1602,53,6784
1603,53,6784
1604,53,6784
1605,53,6784
1606,53,6784
1607,53,6784
1608,53,6784
1609,52,6656
1610,52,6656
1611,53,6784
1612,53,6784
1613,52,6656
1614,52,6656
1615,53,6784
1616,53,6784
1617,53,6784
1618,54,6912
1619,53,6784
1620,53,6784
1621,54,6912
1622,54,6912
1623,52,6656
1624,53,6784
1625,53,6784
1626,53,6784
1627,53,6784
1628,54,6912
1629,54,6912
1630,54,6912
1631,54,6912
1632,54,6912
1633,53,6784
1634,53,6784
1635,52,6656
1636,52,6656
1637,52,6656
1638,52,6656
1639,52,6656
1640,53,6784
1641,52,6656
1642,51,6528
1643,52,6656
1644,51,6528
1645,51,6528
1646,52,6656
1647,52,6656
1648,51,6528
1649,51,6528
1650,51,6528
1651,51,6528
1652,50,6400
1653,51,6528
1654,51,6528
1655,51,6528
1656,50,6400
1657,50,6400
1658,49,6272
1659,50,6400
1660,50,6400
1661,50,6400
1662,49,6272
1663,49,6272
1664,49,6272
1665,50,6400
1666,50,6400
1667,49,6272
1668,48,6144
1669,48,6144
1670,50,6400
1671,50,6400
1672,51,6528
1673,48,6144
1674,50,6400
1675,50,6400
1676,50,6400
1677,49,6272
1678,48,6144
1679,49,6272
1680,49,6272
1681,48,6144
1682,48,6144
1683,50,6400
1684,49,6272
1685,49,6272
1686,48,6144
1687,49,6272
1688,49,6272
1689,48,6144
1690,48,6144
1691,48,6144
1692,48,6144
1693,47,6016
1694,49,6272
1695,47,6016
1696,46,5888
1697,47,6016
1698,47,6016
1699,48,6144
1700,49,6272
1701,49,6272
1702,49,6272
1703,49,6272
1704,49,6272
1705,49,6272
1706,50,6400
1707,51,6528
1708,49,6272
1709,50,6400
1710,51,6528
1711,51,6528
1712,49,6272
1713,48,6144
1714,49,6272
1715,49,6272
1716,48,6144
1717,47,6016
1718,49,6272
1719,48,6144
1720,48,6144
1721,50,6400
1722,51,6528
1723,53,6784
1724,48,6144
1725,47,6016
1726,47,6016
1727,47,6016
1728,47,6016
1729,48,6144
1730,48,6144
1731,49,6272
1732,49,6272
1733,49,6272
1734,48,6144
1735,48,6144
1736,48,6144
1737,49,6272
1738,50,6400
1739,50,6400
1740,50,6400
1741,51,6528
1742,50,6400
1743,52,6656
1744,51,6528
1745,51,6528
1746,51,6528
1747,49,6272
1748,49,6272
1749,49,6272
1750,49,6272
1751,48,6144
1752,49,6272
1753,48,6144
1754,49,6272
1755,48,6144
1756,47,6016
1757,47,6016
1758,47,6016
1759,47,6016
1760,49,6272
1761,47,6016
1762,48,6144
1763,49,6272
1764,49,6272
1765,49,6272
1766,48,6144
1767,47,6016
1768,49,6272
1769,49,6272
1770,46,5888
1771,46,5888
1772,45,5760
1773,43,5504
1774,45,5760
1775,44,5632
1776,43,5504
1777,44,5632
1778,43,5504
1779,44,5632
1780,44,5632
1781,44,5632
1782,44,5632
1783,44,5632
1784,43,5504
1785,43,5504
1786,43,5504
1787,43,5504
1788,44,5632
1789,44,5632
1790,44,5632
1791,43,5504
1792,44,5632
1793,44,5632
1794,44,5632
1795,45,5760
1796,46,5888
1797,46,5888
1798,45,5760
1799,46,5888
1800,46,5888
1801,46,5888
1802,47,6016
1803,48,6144
1804,48,6144
1805,48,6144
1806,48,6144
1807,48,6144
1808,48,6144
1809,48,6144
1810,48,6144
1811,49,6272
1812,51,6528
1813,49,6272
1814,50,6400
1815,49,6272
1816,49,6272
1817,50,6400
1818,51,6528
1819,51,6528
1820,52,6656
1821,51,6528
1822,51,6528
1823,51,6528
1824,51,6528
1825,51,6528
1826,50,6400
1827,50,6400
1828,50,6400
1829,50,6400
1830,52,6656
1831,51,6528
1832,50,6400
1833,50,6400
1834,50,6400
1835,49,6272
1836,49,6272
1837,51,6528
1838,54,6912
1839,54,6912
1840,55,7040
1841,54,6912
1842,54,6912
1843,53,6784
1844,54,6912
1845,54,6912
1846,52,6656
1847,53,6784
1848,52,6656
1849,54,6912
1850,51,6528
1851,53,6784
1852,51,6528
1853,52,6656
1854,51,6528
1855,51,6528
1856,51,6528
1857,51,6528
1858,51,6528
1859,50,6400
1860,50,6400
1861,51,6528
1862,50,6400
1863,50,6400
1864,50,6400
1865,51,6528
1866,50,6400
1867,50,6400
1868,50,6400
1869,51,6528
1870,51,6528
1871,51,6528
1872,52,6656
1873,53,6784
1874,52,6656
1875,52,6656
1876,51,6528
1877,50,6400
1878,50,6400
1879,49,6272
1880,49,6272
1881,49,6272
1882,50,6400
1883,49,6272
1884,51,6528
1885,51,6528
1886,52,6656
1887,52,6656
1888,50,6400
1889,51,6528
1890,51,6528
1891,50,6400
1892,51,6528
1893,51,6528
1894,50,6400
1895,49,6272
1896,52,6656
1897,51,6528
1898,51,6528
1899,52,6656
1900,50,6400
1901,50,6400
1902,50,6400
1903,50,6400
1904,50,6400
1905,51,6528
1906,52,6656
1907,52,6656
1908,52,6656
1909,51,6528
1910,52,6656
1911,51,6528
1912,51,6528
1913,51,6528
1914,52,6656
1915,52,6656
1916,52,6656
1917,52,6656
1918,53,6784
1919,54,6912
1920,54,6912
1921,54,6912
1922,52,6656
1923,53,6784
1924,53,6784
1925,53,6784
1926,52,6656
1927,50,6400
1928,50,6400
1929,52,6656
1930,52,6656
1931,52,6656
1932,52,6656
1933,51,6528
1934,51,6528
1935,51,6528
1936,50,6400
1937,50,6400
1938,51,6528
1939,51,6528
1940,51,6528
1941,51,6528
1942,52,6656
1943,51,6528
1944,51,6528
1945,51,6528
1946,53,6784
1947,53,6784
1948,50,6400
1949,51,6528
1950,51,6528
1951,51,6528
1952,52,6656
1953,53,6784
1954,53,6784
1955,53,6784
1956,53,6784
1957,54,6912
1958,52,6656
1959,51,6528
1960,50,6400
1961,52,6656
1962,52,6656
1963,52,6656
1964,51,6528
1965,52,6656
1966,51,6528
1967,51,6528
1968,52,6656
1969,51,6528
1970,51,6528
1971,50,6400
1972,51,6528
1973,52,6656
1974,52,6656
1975,52,6656
1976,51,6528
1977,51,6528
1978,50,6400
1979,51,6528
1980,51,6528
1981,51,6528
1982,51,6528
1983,50,6400
1984,50,6400
1985,51,6528
1986,50,6400
1987,51,6528
1988,51,6528
1989,51,6528
1990,50,6400
1991,50,6400
1992,50,6400
1993,50,6400
1994,50,6400
1995,51,6528
1996,52,6656
1997,50,6400
1998,51,6528
1999,51,6528
2000,53,6784
