RandomSeed,53984,Population size:128,Bit Length:64,Crossover Rate:0.7,Mutation Rate:0.005
gen,BestFitness,FitnessEval
1,43,5504
2,44,5632
3,47,6016
4,44,5632
5,45,5760
6,44,5632
7,44,5632
8,44,5632
9,44,5632
10,42,5376
11,43,5504
12,42,5376
13,45,5760
14,46,5888
15,46,5888
16,42,5376
17,43,5504
18,42,5376
19,43,5504
20,44,5632
21,44,5632
22,47,6016
23,47,6016
24,47,6016
25,45,5760
26,45,5760
27,44,5632
28,45,5760
29,46,5888
30,46,5888
31,46,5888
32,46,5888
33,45,5760
34,45,5760
35,45,5760
36,45,5760
37,44,5632
38,44,5632
39,45,5760
40,46,5888
41,46,5888
42,47,6016
43,47,6016
44,47,6016
45,47,6016
46,47,6016
47,47,6016
48,48,6144
49,47,6016
50,48,6144
51,47,6016
52,49,6272
53,49,6272
54,45,5760
55,45,5760
56,46,5888
57,46,5888
58,46,5888
59,47,6016
60,46,5888
61,47,6016
62,49,6272
63,48,6144
64,46,5888
65,46,5888
66,48,6144
67,48,6144
68,47,6016
69,46,5888
70,48,6144
71,48,6144
72,48,6144
73,47,6016
74,49,6272
75,48,6144
76,48,6144
77,47,6016
78,48,6144
79,46,5888
80,46,5888
81,47,6016
82,46,5888
83,46,5888
84,46,5888
85,46,5888
86,46,5888
87,45,5760
88,47,6016
89,46,5888
90,47,6016
91,45,5760
92,45,5760
93,44,5632
94,43,5504
95,44,5632
96,44,5632
97,44,5632
98,44,5632
99,44,5632
100,47,6016
101,45,5760
102,44,5632
103,44,5632
104,46,5888
105,44,5632
106,44,5632
107,45,5760
108,45,5760
109,46,5888
110,45,5760
111,44,5632
112,46,5888
113,45,5760
114,45,5760
115,45,5760
116,46,5888
117,47,6016
118,48,6144
119,47,6016
120,47,6016
121,47,6016
122,46,5888
123,46,5888
124,47,6016
125,48,6144
126,47,6016
127,47,6016
128,45,5760
129,46,5888
130,47,6016
131,47,6016
132,49,6272
133,49,6272
134,49,6272
135,49,6272
136,49,6272
137,48,6144
138,48,6144
139,49,6272
140,50,6400
141,49,6272
142,49,6272
143,49,6272
144,49,6272
145,50,6400
146,50,6400
147,49,6272
148,50,6400
149,49,6272
150,51,6528
151,51,6528
152,51,6528
153,50,6400
154,50,6400
155,51,6528
156,51,6528
157,51,6528
158,50,6400
159,51,6528
160,51,6528
161,50,6400
162,50,6400
163,50,6400
164,50,6400
165,49,6272
166,49,6272
167,49,6272
168,49,6272
169,50,6400
170,49,6272
171,50,6400
172,50,6400
173,48,6144
174,50,6400
175,51,6528
176,51,6528
177,51,6528
178,51,6528
179,51,6528
180,52,6656
181,53,6784
182,51,6528
183,51,6528
184,52,6656
185,53,6784
186,55,7040
187,55,7040
188,51,6528
189,51,6528
190,51,6528
191,51,6528
192,50,6400
193,50,6400
194,50,6400
195,50,6400
196,51,6528
197,49,6272
198,49,6272
199,52,6656
200,51,6528
201,49,6272
202,50,6400
203,50,6400
204,50,6400
205,50,6400
206,50,6400
207,50,6400
208,53,6784
209,53,6784
210,52,6656
211,54,6912
212,52,6656
213,52,6656
214,52,6656
215,53,6784
216,52,6656
217,51,6528
218,52,6656
219,51,6528
220,52,6656
221,53,6784
222,51,6528
223,51,6528
224,52,6656
225,51,6528
226,52,6656
227,52,6656
228,53,6784
229,53,6784
230,52,6656
231,53,6784
232,54,6912
233,54,6912
234,55,7040
235,55,7040
236,55,7040
237,55,7040
238,55,7040
239,55,7040
240,56,7168
241,56,7168
242,57,7296
243,55,7040
244,55,7040
245,53,6784
246,54,6912
247,54,6912
248,55,7040
249,56,7168
250,56,7168
251,54,6912
252,54,6912
253,55,7040
254,55,7040
255,53,6784
256,53,6784
257,53,6784
258,55,7040
259,55,7040
260,55,7040
261,54,6912
262,54,6912
263,54,6912
264,55,7040
265,54,6912
266,55,7040
267,55,7040
268,54,6912
269,54,6912
270,55,7040
271,55,7040
272,55,7040
273,55,7040
274,56,7168
275,56,7168
276,54,6912
277,54,6912
278,55,7040
279,55,7040
280,54,6912
281,55,7040
282,54,6912
283,54,6912
284,54,6912
285,54,6912
286,57,7296
287,57,7296
288,57,7296
289,57,7296
290,57,7296
291,54,6912
292,54,6912
293,54,6912
294,55,7040
295,55,7040
296,56,7168
297,55,7040
298,54,6912
299,53,6784
300,54,6912
301,55,7040
302,55,7040
303,55,7040
304,55,7040
305,55,7040
306,55,7040
307,55,7040
308,55,7040
309,55,7040
310,55,7040
311,54,6912
312,55,7040
313,56,7168
314,55,7040
315,54,6912
316,54,6912
317,55,7040
318,53,6784
319,53,6784
320,54,6912
321,53,6784
322,53,6784
323,53,6784
324,53,6784
325,53,6784
326,53,6784
327,53,6784
328,53,6784
329,54,6912
330,54,6912
331,54,6912
332,54,6912
333,54,6912
334,54,6912
335,54,6912
336,55,7040
337,54,6912
338,53,6784
339,55,7040
340,55,7040
341,53,6784
342,53,6784
343,54,6912
344,54,6912
345,54,6912
346,54,6912
347,54,6912
348,55,7040
349,54,6912
350,55,7040
351,54,6912
352,56,7168
353,53,6784
354,54,6912
355,54,6912
356,53,6784
357,53,6784
358,53,6784
359,52,6656
360,52,6656
361,52,6656
362,52,6656
363,53,6784
364,51,6528
365,51,6528
366,51,6528
367,51,6528
368,51,6528
369,51,6528
370,52,6656
371,52,6656
372,53,6784
373,52,6656
374,52,6656
375,52,6656
376,52,6656
377,53,6784
378,52,6656
379,54,6912
380,50,6400
381,52,6656
382,51,6528
383,52,6656
384,52,6656
385,51,6528
386,50,6400
387,50,6400
388,50,6400
389,51,6528
390,52,6656
391,52,6656
392,54,6912
393,54,6912
394,52,6656
395,52,6656
396,52,6656
397,52,6656
398,53,6784
399,53,6784
400,54,6912
401,52,6656
402,51,6528
403,52,6656
404,52,6656
405,52,6656
406,51,6528
407,52,6656
408,54,6912
409,51,6528
410,51,6528
411,51,6528
412,51,6528
413,52,6656
414,51,6528
415,51,6528
416,51,6528
417,50,6400
418,51,6528
419,51,6528
420,52,6656
421,52,6656
422,50,6400
423,51,6528
424,51,6528
425,52,6656
426,53,6784
427,53,6784
428,52,6656
429,53,6784
430,53,6784
431,54,6912
432,52,6656
433,51,6528
434,51,6528
435,51,6528
436,51,6528
437,51,6528
438,52,6656
439,53,6784
440,53,6784
441,52,6656
442,53,6784
443,53,6784
444,53,6784
445,53,6784
446,53,6784
447,52,6656
448,53,6784
449,52,6656
450,52,6656
451,52,6656
452,53,6784
453,53,6784
454,53,6784
455,52,6656
456,52,6656
457,52,6656
458,52,6656
459,52,6656
460,51,6528
461,52,6656
462,52,6656
463,50,6400
464,52,6656
465,50,6400
466,52,6656
467,51,6528
468,51,6528
469,52,6656
470,51,6528
471,49,6272
472,51,6528
473,52,6656
474,51,6528
475,51,6528
476,50,6400
477,50,6400
478,50,6400
479,49,6272
480,49,6272
481,49,6272
482,49,6272
483,51,6528
484,50,6400
485,50,6400
486,51,6528
487,50,6400
488,49,6272
489,52,6656
490,52,6656
491,52,6656
492,52,6656
493,52,6656
494,53,6784
495,53,6784
496,53,6784
497,52,6656
498,53,6784
499,54,6912
500,51,6528
501,53,6784
502,53,6784
503,52,6656
504,53,6784
505,52,6656
506,53,6784
507,51,6528
508,51,6528
509,52,6656
510,52,6656
511,51,6528
512,54,6912
513,53,6784
514,53,6784
515,54,6912
516,52,6656
517,53,6784
518,53,6784
519,54,6912
520,54,6912
521,52,6656
522,53,6784
523,53,6784
524,54,6912
525,53,6784
526,55,7040
527,54,6912
528,55,7040
529,55,7040
530,55,7040
531,53,6784
532,51,6528
533,52,6656
534,53,6784
535,51,6528
536,51,6528
537,51,6528
538,53,6784
539,52,6656
540,52,6656
541,52,6656
542,54,6912
543,54,6912
544,52,6656
545,52,6656
546,53,6784
547,52,6656
548,51,6528
549,52,6656
550,53,6784
551,51,6528
552,51,6528
553,51,6528
554,51,6528
555,51,6528
556,50,6400
557,52,6656
558,53,6784
559,53,6784
560,54,6912
561,53,6784
562,54,6912
563,55,7040
564,53,6784
565,54,6912
566,55,7040
567,55,7040
568,55,7040
569,55,7040
570,56,7168
571,56,7168
572,53,6784
573,53,6784
574,55,7040
575,53,6784
576,52,6656
577,53,6784
578,53,6784
579,52,6656
580,52,6656
581,53,6784
582,52,6656
583,52,6656
584,53,6784
585,52,6656
586,52,6656
587,53,6784
588,53,6784
589,52,6656
590,52,6656
591,54,6912
592,54,6912
593,54,6912
594,53,6784
595,54,6912
596,52,6656
597,52,6656
598,53,6784
599,52,6656
600,54,6912
601,53,6784
602,51,6528
603,54,6912
604,54,6912
605,52,6656
606,54,6912
607,55,7040
608,54,6912
609,55,7040
610,53,6784
611,57,7296
612,57,7296
613,56,7168
614,56,7168
615,56,7168
616,56,7168
617,55,7040
618,55,7040
619,55,7040
620,54,6912
621,54,6912
622,54,6912
623,53,6784
624,54,6912
625,53,6784
626,53,6784
627,54,6912
628,57,7296
629,56,7168
630,57,7296
631,58,7424
632,55,7040
633,56,7168
634,54,6912
635,55,7040
636,57,7296
637,57,7296
638,57,7296
639,57,7296
640,59,7552
641,55,7040
642,55,7040
643,54,6912
644,55,7040
645,54,6912
646,54,6912
647,54,6912
648,54,6912
649,54,6912
650,55,7040
651,55,7040
652,55,7040
653,55,7040
654,55,7040
655,55,7040
656,55,7040
657,56,7168
658,55,7040
659,55,7040
660,55,7040
661,54,6912
662,54,6912
663,55,7040
664,55,7040
665,54,6912
666,55,7040
667,55,7040
668,55,7040
669,56,7168
670,53,6784
671,53,6784
672,54,6912
673,54,6912
674,53,6784
675,54,6912
676,54,6912
677,55,7040
678,54,6912
679,54,6912
680,54,6912
681,55,7040
682,54,6912
683,56,7168
684,54,6912
685,55,7040
686,56,7168
687,54,6912
688,57,7296
689,54,6912
690,56,7168
691,56,7168
692,56,7168
693,55,7040
694,57,7296
695,56,7168
696,56,7168
697,55,7040
698,55,7040
699,55,7040
700,54,6912
701,53,6784
702,52,6656
703,53,6784
704,53,6784
705,54,6912
706,55,7040
707,54,6912
708,55,7040
709,54,6912
710,56,7168
711,55,7040
712,56,7168
713,55,7040
714,54,6912
715,54,6912
716,54,6912
717,54,6912
718,55,7040
719,54,6912
720,54,6912
721,53,6784
722,54,6912
723,53,6784
724,53,6784
725,53,6784
726,53,6784
727,54,6912
728,54,6912
729,52,6656
730,54,6912
731,53,6784
732,53,6784
733,53,6784
734,53,6784
735,52,6656
736,53,6784
737,53,6784
738,51,6528
739,53,6784
740,54,6912
741,54,6912
742,54,6912
743,52,6656
744,52,6656
745,53,6784
746,54,6912
747,54,6912
748,54,6912
749,55,7040
750,54,6912
751,54,6912
752,54,6912
753,55,7040
754,55,7040
755,55,7040
756,56,7168
757,57,7296
758,54,6912
759,55,7040
760,54,6912
761,54,6912
762,55,7040
763,54,6912
764,54,6912
765,55,7040
766,54,6912
767,53,6784
768,53,6784
769,53,6784
770,53,6784
771,53,6784
772,54,6912
773,55,7040
774,53,6784
775,55,7040
776,52,6656
777,54,6912
778,53,6784
779,54,6912
780,54,6912
781,55,7040
782,53,6784
783,54,6912
784,52,6656
785,52,6656
786,52,6656
787,54,6912
788,52,6656
789,52,6656
790,52,6656
791,52,6656
792,51,6528
793,53,6784
794,51,6528
795,52,6656
796,52,6656
797,52,6656
798,52,6656
799,52,6656
800,55,7040
801,54,6912
802,54,6912
803,55,7040
804,53,6784
805,53,6784
806,53,6784
807,52,6656
808,52,6656
809,52,6656
810,52,6656
811,52,6656
812,53,6784
813,53,6784
814,52,6656
815,52,6656
816,52,6656
817,51,6528
818,52,6656
819,52,6656
820,53,6784
821,52,6656
822,53,6784
823,53,6784
824,53,6784
825,53,6784
826,53,6784
827,53,6784
828,54,6912
829,52,6656
830,55,7040
831,52,6656
832,53,6784
833,53,6784
834,53,6784
835,53,6784
836,52,6656
837,52,6656
838,52,6656
839,52,6656
840,51,6528
841,52,6656
842,52,6656
843,52,6656
844,52,6656
845,53,6784
846,51,6528
847,52,6656
848,51,6528
849,51,6528
850,52,6656
851,52,6656
852,52,6656
853,52,6656
854,53,6784
855,53,6784
856,52,6656
857,53,6784
858,52,6656
859,54,6912
860,52,6656
861,53,6784
862,51,6528
863,51,6528
864,51,6528
865,51,6528
866,53,6784
867,51,6528
868,50,6400
869,51,6528
870,50,6400
871,50,6400
872,50,6400
873,50,6400
874,50,6400
875,50,6400
876,50,6400
877,50,6400
878,50,6400
879,50,6400
880,52,6656
881,51,6528
882,51,6528
883,51,6528
884,50,6400
885,51,6528
886,50,6400
887,50,6400
888,50,6400
889,50,6400
890,50,6400
891,49,6272
892,48,6144
893,49,6272
894,50,6400
895,50,6400
896,50,6400
897,51,6528
898,51,6528
899,51,6528
900,50,6400
901,50,6400
902,50,6400
903,49,6272
904,50,6400
905,50,6400
906,50,6400
907,50,6400
908,50,6400
909,50,6400
910,51,6528
911,52,6656
912,51,6528
913,51,6528
914,51,6528
915,52,6656
916,52,6656
917,50,6400
918,50,6400
919,50,6400
920,49,6272
921,52,6656
922,52,6656
923,52,6656
924,50,6400
925,49,6272
926,49,6272
927,50,6400
928,51,6528
929,50,6400
930,49,6272
931,49,6272
932,49,6272
933,50,6400
934,50,6400
935,50,6400
936,50,6400
937,50,6400
938,49,6272
939,50,6400
940,51,6528
941,51,6528
942,49,6272
943,49,6272
944,49,6272
945,50,6400
946,50,6400
947,51,6528
948,50,6400
949,49,6272
950,50,6400
951,51,6528
952,48,6144
953,50,6400
954,51,6528
955,51,6528
956,50,6400
957,49,6272
958,48,6144
959,50,6400
960,51,6528
961,51,6528
962,50,6400
963,50,6400
964,50,6400
965,49,6272
966,50,6400
967,50,6400
968,51,6528
969,52,6656
970,51,6528
971,52,6656
972,52,6656
973,51,6528
974,51,6528
975,52,6656
976,51,6528
977,51,6528
978,52,6656
979,51,6528
980,52,6656
981,52,6656
982,52,6656
983,52,6656
984,52,6656
985,52,6656
986,52,6656
987,52,6656
988,54,6912
989,52,6656
990,52,6656
991,52,6656
992,53,6784
993,53,6784
994,52,6656
995,52,6656
996,52,6656
997,53,6784
998,52,6656
999,53,6784
1000,54,6912
1001,53,6784
1002,53,6784
1003,53,6784
1004,53,6784
1005,53,6784
1006,53,6784
1007,53,6784
1008,53,6784
1009,54,6912
1010,52,6656
1011,52,6656
1012,53,6784
1013,54,6912
1014,53,6784
1015,53,6784
1016,53,6784
1017,53,6784
1018,53,6784
1019,53,6784
1020,52,6656
1021,54,6912
1022,52,6656
1023,53,6784
1024,54,6912
1025,53,6784
1026,53,6784
1027,53,6784
1028,53,6784
1029,54,6912
1030,54,6912
1031,54,6912
1032,54,6912
1033,55,7040
1034,55,7040
1035,55,7040
1036,55,7040
1037,56,7168
1038,54,6912
1039,55,7040
1040,54,6912
1041,54,6912
1042,54,6912
1043,54,6912
1044,53,6784
1045,54,6912
1046,54,6912
1047,53,6784
1048,53,6784
1049,52,6656
1050,52,6656
1051,52,6656
1052,52,6656
1053,53,6784
1054,53,6784
1055,52,6656
1056,52,6656
1057,52,6656
1058,52,6656
1059,52,6656
1060,52,6656
1061,51,6528
1062,53,6784
1063,51,6528
1064,53,6784
1065,51,6528
1066,52,6656
1067,53,6784
1068,52,6656
1069,52,6656
1070,52,6656
1071,53,6784
1072,52,6656
1073,53,6784
1074,54,6912
1075,54,6912
1076,54,6912
1077,54,6912
1078,54,6912
1079,56,7168
1080,57,7296
1081,56,7168
1082,56,7168
1083,55,7040
1084,55,7040
1085,54,6912
1086,55,7040
1087,54,6912
1088,53,6784
1089,53,6784
1090,54,6912
1091,55,7040
1092,55,7040
1093,55,7040
1094,54,6912
1095,55,7040
1096,55,7040
1097,56,7168
1098,55,7040
1099,55,7040
1100,55,7040
1101,56,7168
1102,55,7040
1103,56,7168
1104,55,7040
1105,55,7040
1106,55,7040
1107,55,7040
1108,54,6912
1109,54,6912
1110,55,7040
1111,54,6912
1112,54,6912
1113,54,6912
1114,54,6912
1115,54,6912
1116,54,6912
1117,54,6912
1118,53,6784
1119,52,6656
1120,53,6784
1121,52,6656
1122,52,6656
1123,52,6656
1124,52,6656
1125,51,6528
1126,50,6400
1127,51,6528
1128,51,6528
1129,50,6400
1130,49,6272
1131,50,6400
1132,50,6400
1133,50,6400
1134,51,6528
1135,50,6400
1136,51,6528
1137,51,6528
1138,50,6400
1139,51,6528
1140,52,6656
1141,50,6400
1142,50,6400
1143,52,6656
1144,51,6528
1145,52,6656
1146,52,6656
1147,51,6528
1148,50,6400
1149,51,6528
1150,51,6528
1151,51,6528
1152,53,6784
1153,51,6528
1154,51,6528
1155,50,6400
1156,51,6528
1157,51,6528
1158,51,6528
1159,53,6784
1160,54,6912
1161,53,6784
1162,53,6784
1163,52,6656
1164,52,6656
1165,52,6656
1166,52,6656
1167,53,6784
1168,53,6784
1169,53,6784
1170,51,6528
1171,52,6656
1172,53,6784
1173,53,6784
1174,52,6656
1175,52,6656
1176,52,6656
1177,52,6656
1178,52,6656
1179,52,6656
1180,54,6912
1181,53,6784
1182,52,6656
1183,53,6784
1184,53,6784
1185,52,6656
1186,53,6784
1187,52,6656
1188,52,6656
1189,52,6656
1190,51,6528
1191,51,6528
1192,51,6528
1193,51,6528
1194,51,6528
1195,51,6528
1196,52,6656
1197,52,6656
1198,51,6528
1199,51,6528
1200,50,6400
1201,51,6528
1202,51,6528
1203,50,6400
1204,50,6400
1205,48,6144
1206,48,6144
1207,50,6400
1208,48,6144
1209,48,6144
1210,49,6272
1211,49,6272
1212,49,6272
1213,50,6400
1214,51,6528
1215,51,6528
1216,50,6400
1217,50,6400
1218,51,6528
1219,51,6528
1220,52,6656
1221,51,6528
1222,51,6528
1223,52,6656
1224,52,6656
1225,52,6656
1226,50,6400
1227,51,6528
1228,50,6400
1229,50,6400
1230,49,6272
1231,50,6400
1232,50,6400
1233,50,6400
1234,50,6400
1235,50,6400
1236,52,6656
1237,51,6528
1238,52,6656
1239,52,6656
1240,50,6400
1241,50,6400
1242,50,6400
1243,49,6272
1244,50,6400
1245,50,6400
1246,50,6400
1247,50,6400
1248,50,6400
1249,51,6528
1250,49,6272
1251,49,6272
1252,50,6400
1253,49,6272
1254,49,6272
1255,50,6400
1256,50,6400
1257,50,6400
1258,49,6272
1259,48,6144
1260,48,6144
1261,49,6272
1262,49,6272
1263,49,6272
1264,49,6272
1265,48,6144
1266,49,6272
1267,49,6272
1268,49,6272
1269,49,6272
1270,50,6400
1271,50,6400
1272,50,6400
1273,51,6528
1274,51,6528
1275,51,6528
1276,50,6400
1277,50,6400
1278,51,6528
1279,51,6528
1280,51,6528
1281,50,6400
1282,50,6400
1283,51,6528
1284,53,6784
1285,52,6656
1286,53,6784
1287,54,6912
1288,52,6656
1289,53,6784
1290,52,6656
1291,52,6656
1292,52,6656
1293,52,6656
1294,53,6784
1295,51,6528
1296,51,6528
1297,50,6400
1298,51,6528
1299,50,6400
1300,52,6656
1301,50,6400
1302,52,6656
1303,51,6528
1304,51,6528
1305,50,6400
1306,50,6400
1307,51,6528
1308,51,6528
1309,51,6528
1310,51,6528
1311,53,6784
1312,52,6656
1313,51,6528
1314,52,6656
1315,51,6528
1316,52,6656
1317,52,6656
1318,52,6656
1319,53,6784
1320,54,6912
1321,54,6912
1322,54,6912
1323,54,6912
1324,52,6656
1325,53,6784
1326,53,6784
1327,54,6912
1328,54,6912
1329,52,6656
1330,52,6656
1331,52,6656
1332,52,6656
1333,54,6912
1334,53,6784
1335,55,7040
1336,54,6912
1337,54,6912
1338,54,6912
1339,54,6912
1340,54,6912
1341,55,7040
1342,55,7040
1343,52,6656
1344,53,6784
1345,52,6656
1346,51,6528
1347,51,6528
1348,52,6656
1349,50,6400
1350,49,6272
1351,50,6400
1352,51,6528
1353,52,6656
1354,51,6528
1355,51,6528
1356,49,6272
1357,50,6400
1358,51,6528
1359,52,6656
1360,52,6656
1361,51,6528
1362,51,6528
1363,51,6528
1364,51,6528
1365,53,6784
1366,51,6528
1367,52,6656
1368,52,6656
1369,51,6528
1370,51,6528
1371,50,6400
1372,50,6400
1373,50,6400
1374,52,6656
1375,51,6528
1376,49,6272
1377,51,6528
1378,51,6528
1379,52,6656
1380,52,6656
1381,49,6272
1382,49,6272
1383,51,6528
1384,51,6528
1385,51,6528
1386,51,6528
1387,51,6528
1388,50,6400
1389,50,6400
1390,50,6400
1391,50,6400
1392,49,6272
1393,49,6272
1394,50,6400
1395,49,6272
1396,50,6400
1397,50,6400
1398,51,6528
1399,48,6144
1400,50,6400
1401,50,6400
1402,50,6400
1403,50,6400
1404,50,6400
1405,50,6400
1406,50,6400
1407,51,6528
1408,52,6656
1409,51,6528
1410,51,6528
1411,52,6656
1412,52,6656
1413,50,6400
1414,50,6400
1415,50,6400
1416,51,6528
1417,51,6528
1418,50,6400
1419,50,6400
1420,52,6656
1421,54,6912
1422,52,6656
1423,52,6656
1424,53,6784
1425,53,6784
1426,52,6656
1427,52,6656
1428,53,6784
1429,52,6656
1430,53,6784
1431,52,6656
1432,56,7168
1433,56,7168
1434,53,6784
1435,54,6912
1436,55,7040
1437,56,7168
1438,54,6912
1439,54,6912
1440,55,7040
1441,55,7040
1442,55,7040
1443,57,7296
1444,57,7296
1445,55,7040
1446,55,7040
1447,56,7168
1448,57,7296
1449,55,7040
1450,56,7168
1451,56,7168
1452,56,7168
1453,56,7168
1454,54,6912
1455,52,6656
1456,53,6784
1457,53,6784
1458,53,6784
1459,51,6528
1460,53,6784
1461,53,6784
1462,53,6784
1463,53,6784
1464,53,6784
1465,53,6784
1466,53,6784
1467,52,6656
1468,53,6784
1469,53,6784
1470,54,6912
1471,53,6784
1472,54,6912
1473,53,6784
1474,54,6912
1475,54,6912
1476,56,7168
1477,54,6912
1478,54,6912
1479,53,6784
1480,54,6912
1481,53,6784
1482,54,6912
1483,54,6912
1484,54,6912
1485,53,6784
1486,53,6784
1487,54,6912
1488,54,6912
1489,54,6912
1490,55,7040
1491,55,7040
1492,54,6912
1493,54,6912
1494,53,6784
1495,53,6784
1496,53,6784
1497,55,7040
1498,54,6912
1499,53,6784
1500,54,6912
1501,54,6912
1502,54,6912
1503,53,6784
1504,53,6784
1505,53,6784
1506,55,7040
1507,54,6912
1508,55,7040
1509,54,6912
1510,52,6656
1511,55,7040
1512,53,6784
1513,52,6656
1514,54,6912
1515,53,6784
1516,53,6784
1517,53,6784
1518,53,6784
1519,53,6784
1520,54,6912
1521,53,6784
1522,53,6784
1523,54,6912
1524,53,6784
1525,54,6912
1526,54,6912
1527,54,6912
1528,55,7040
1529,55,7040
1530,55,7040
1531,54,6912
1532,54,6912
1533,53,6784
1534,53,6784
1535,52,6656
1536,52,6656
1537,52,6656
1538,53,6784
1539,53,6784
1540,53,6784
1541,54,6912
1542,52,6656
1543,53,6784
1544,52,6656
1545,53,6784
1546,52,6656
1547,52,6656
1548,50,6400
1549,51,6528
1550,52,6656
1551,52,6656
1552,52,6656
1553,51,6528
1554,51,6528
1555,51,6528
1556,52,6656
1557,52,6656
1558,53,6784
1559,53,6784
1560,53,6784
1561,53,6784
1562,53,6784
1563,53,6784
1564,53,6784
1565,54,6912
1566,52,6656
1567,52,6656
1568,54,6912
1569,54,6912
1570,54,6912
1571,54,6912
1572,54,6912
1573,55,7040
1574,53,6784
1575,55,7040
1576,55,7040
1577,54,6912
1578,55,7040
1579,54,6912
1580,55,7040
1581,53,6784
1582,53,6784
1583,53,6784
1584,53,6784
1585,53,6784
1586,53,6784
1587,54,6912
1588,54,6912
1589,54,6912
1590,54,6912
1591,53,6784
1592,53,6784
1593,53,6784
1594,53,6784
1595,53,6784
1596,54,6912
1597,53,6784
1598,52,6656
1599,52,6656
1600,52,6656
1601,53,6784
1602,53,6784
1603,54,6912
1604,54,6912
1605,55,7040
1606,54,6912
1607,54,6912
1608,54,6912
1609,54,6912
1610,54,6912
1611,55,7040
1612,54,6912
1613,54,6912
1614,53,6784
1615,54,6912
1616,54,6912
1617,54,6912
1618,53,6784
1619,53,6784
1620,54,6912
1621,53,6784
1622,53,6784
1623,53,6784
1624,53,6784
1625,53,6784
1626,54,6912
1627,55,7040
1628,55,7040
1629,54,6912
1630,54,6912
1631,55,7040
1632,53,6784
1633,54,6912
1634,53,6784
1635,53,6784
1636,54,6912
1637,54,6912
1638,53,6784
1639,53,6784
1640,52,6656
1641,52,6656
1642,52,6656
1643,52,6656
1644,52,6656
1645,52,6656
1646,52,6656
1647,52,6656
1648,52,6656
1649,52,6656
1650,52,6656
1651,51,6528
1652,52,6656
1653,52,6656
1654,53,6784
1655,52,6656
1656,53,6784
1657,53,6784
1658,53,6784
1659,52,6656
1660,53,6784
1661,52,6656
1662,52,6656
1663,53,6784
1664,53,6784
1665,53,6784
1666,54,6912
1667,52,6656
1668,53,6784
1669,55,7040
1670,54,6912
1671,54,6912
1672,54,6912
1673,54,6912
1674,53,6784
1675,54,6912
1676,54,6912
1677,52,6656
1678,53,6784
1679,52,6656
1680,53,6784
1681,52,6656
1682,53,6784
1683,52,6656
1684,52,6656
1685,52,6656
1686,53,6784
1687,54,6912
1688,52,6656
1689,53,6784
1690,51,6528
1691,53,6784
1692,54,6912
1693,54,6912
1694,54,6912
1695,53,6784
1696,52,6656
1697,52,6656
1698,53,6784
1699,53,6784
1700,53,6784
1701,52,6656
1702,54,6912
1703,53,6784
1704,52,6656
1705,52,6656
1706,52,6656
1707,52,6656
1708,52,6656
1709,52,6656
1710,53,6784
1711,53,6784
1712,52,6656
1713,50,6400
1714,50,6400
1715,50,6400
1716,50,6400
1717,50,6400
1718,51,6528
1719,50,6400
1720,50,6400
1721,50,6400
1722,51,6528
1723,51,6528
1724,50,6400
1725,51,6528
1726,50,6400
1727,53,6784
1728,54,6912
1729,54,6912
1730,54,6912
1731,52,6656
1732,52,6656
1733,49,6272
1734,49,6272
1735,50,6400
1736,50,6400
1737,50,6400
1738,50,6400
1739,50,6400
1740,50,6400
1741,49,6272
1742,49,6272
1743,49,6272
1744,49,6272
1745,50,6400
1746,52,6656
1747,50,6400
1748,50,6400
1749,50,6400
1750,49,6272
1751,51,6528
1752,49,6272
1753,50,6400
1754,50,6400
1755,49,6272
1756,51,6528
1757,52,6656
1758,53,6784
1759,54,6912
1760,54,6912
1761,52,6656
1762,53,6784
1763,52,6656
1764,51,6528
1765,51,6528
1766,51,6528
1767,51,6528
1768,51,6528
1769,52,6656
1770,53,6784
1771,52,6656
1772,51,6528
1773,51,6528
1774,51,6528
1775,52,6656
1776,53,6784
1777,52,6656
1778,51,6528
1779,52,6656
1780,52,6656
1781,51,6528
1782,53,6784
1783,51,6528
1784,52,6656
1785,51,6528
1786,50,6400
1787,52,6656
1788,50,6400
1789,50,6400
1790,50,6400
1791,49,6272
1792,50,6400
1793,50,6400
1794,50,6400
1795,52,6656
1796,51,6528
1797,51,6528
1798,51,6528
1799,51,6528
1800,51,6528
1801,52,6656
1802,52,6656
1803,53,6784
1804,52,6656
1805,52,6656
1806,54,6912
1807,54,6912
1808,54,6912
1809,53,6784
1810,53,6784
1811,54,6912
1812,53,6784
1813,52,6656
1814,53,6784
1815,53,6784
1816,54,6912
1817,55,7040
1818,55,7040
1819,54,6912
1820,54,6912
1821,53,6784
1822,52,6656
1823,52,6656
1824,54,6912
1825,54,6912
1826,53,6784
1827,53,6784
1828,53,6784
1829,53,6784
1830,53,6784
1831,53,6784
1832,52,6656
1833,52,6656
1834,52,6656
1835,51,6528
1836,51,6528
1837,52,6656
1838,51,6528
1839,52,6656
1840,53,6784
1841,53,6784
1842,53,6784
1843,56,7168
1844,56,7168
1845,55,7040
1846,54,6912
1847,55,7040
1848,55,7040
1849,55,7040
1850,53,6784
1851,53,6784
1852,54,6912
1853,54,6912
1854,54,6912
1855,53,6784
1856,53,6784
1857,52,6656
1858,52,6656
1859,52,6656
1860,52,6656
1861,52,6656
1862,52,6656
1863,52,6656
1864,52,6656
1865,54,6912
1866,53,6784
1867,52,6656
1868,52,6656
1869,52,6656
1870,52,6656
1871,53,6784
1872,53,6784
1873,52,6656
1874,52,6656
1875,52,6656
1876,50,6400
1877,50,6400
1878,52,6656
1879,51,6528
1880,52,6656
1881,50,6400
1882,52,6656
1883,53,6784
1884,51,6528
1885,51,6528
1886,52,6656
1887,52,6656
1888,50,6400
1889,50,6400
1890,50,6400
1891,51,6528
1892,50,6400
1893,51,6528
1894,52,6656
1895,50,6400
1896,50,6400
1897,50,6400
1898,51,6528
1899,51,6528
1900,52,6656
1901,52,6656
1902,52,6656
1903,50,6400
1904,50,6400
1905,50,6400
1906,51,6528
1907,51,6528
1908,49,6272
1909,50,6400
1910,50,6400
1911,49,6272
1912,49,6272
1913,50,6400
1914,49,6272
1915,49,6272
1916,50,6400
1917,50,6400
1918,51,6528
1919,50,6400
1920,50,6400
1921,49,6272
1922,49,6272
1923,51,6528
1924,51,6528
1925,50,6400
1926,51,6528
1927,51,6528
1928,51,6528
1929,51,6528
1930,51,6528
1931,50,6400
1932,52,6656
1933,53,6784
1934,51,6528
1935,51,6528
1936,51,6528
1937,50,6400
1938,51,6528
1939,50,6400
1940,48,6144
1941,50,6400
1942,50,6400
1943,47,6016
1944,47,6016
1945,50,6400
1946,49,6272
1947,50,6400
1948,52,6656
1949,53,6784
1950,49,6272
1951,49,6272
1952,50,6400
1953,52,6656
1954,50,6400
1955,51,6528
1956,50,6400
1957,49,6272
1958,51,6528
1959,51,6528
1960,50,6400
1961,51,6528
1962,50,6400
1963,50,6400
1964,50,6400
1965,50,6400
1966,49,6272
1967,50,6400
1968,52,6656
1969,50,6400
1970,48,6144
1971,50,6400
1972,50,6400
1973,50,6400
1974,51,6528
1975,51,6528
1976,51,6528
1977,52,6656
1978,52,6656
1979,52,6656
1980,50,6400
1981,51,6528
1982,51,6528
1983,52,6656
1984,52,6656
1985,53,6784
1986,52,6656
1987,51,6528
1988,50,6400
1989,50,6400
1990,49,6272
1991,50,6400
1992,49,6272
1993,49,6272
1994,49,6272
1995,50,6400
1996,50,6400
1997,50,6400
1998,50,6400
1999,50,6400
2000,50,6400
