RandomSeed,9698,Population size:128,Bit Length:64,Crossover Rate:0.7,Mutation Rate:0.005
gen,BestFitness,FitnessEval
1,9.0,1152
2,17.0,2176
3,25.0,3200
4,25.0,3200
5,33.0,4224
6,25.0,3200
7,25.0,3200
8,33.0,4224
9,33.0,4224
10,33.0,4224
11,33.0,4224
12,49.0,6272
13,49.0,6272
14,57.0,7296
15,57.0,7296
16,57.0,7296
17,57.0,7296
18,57.0,7296
19,57.0,7296
20,57.0,7296
21,57.0,7296
22,57.0,7296
23,57.0,7296
24,57.0,7296
25,57.0,7296
26,57.0,7296
27,57.0,7296
28,57.0,7296
29,57.0,7296
30,57.0,7296
31,57.0,7296
32,57.0,7296
33,57.0,7296
34,57.0,7296
35,57.0,7296
36,57.0,7296
37,57.0,7296
38,57.0,7296
39,57.0,7296
40,57.0,7296
41,57.0,7296
42,57.0,7296
43,57.0,7296
44,57.0,7296
45,57.0,7296
46,57.0,7296
47,57.0,7296
48,57.0,7296
49,57.0,7296
50,57.0,7296
51,57.0,7296
52,57.0,7296
53,57.0,7296
54,57.0,7296
55,57.0,7296
56,57.0,7296
57,57.0,7296
58,57.0,7296
59,57.0,7296
60,57.0,7296
61,57.0,7296
62,57.0,7296
63,57.0,7296
64,57.0,7296
65,57.0,7296
66,57.0,7296
67,57.0,7296
68,57.0,7296
69,57.0,7296
70,57.0,7296
71,57.0,7296
72,57.0,7296
73,57.0,7296
74,57.0,7296
75,57.0,7296
76,57.0,7296
77,57.0,7296
78,57.0,7296
79,57.0,7296
80,57.0,7296
81,57.0,7296
82,57.0,7296
83,57.0,7296
84,57.0,7296
85,57.0,7296
86,57.0,7296
87,57.0,7296
88,57.0,7296
89,57.0,7296
90,57.0,7296
91,57.0,7296
92,57.0,7296
93,57.0,7296
94,57.0,7296
95,57.0,7296
96,57.0,7296
97,57.0,7296
98,57.0,7296
99,57.0,7296
100,57.0,7296
101,57.0,7296
102,57.0,7296
103,57.0,7296
104,57.0,7296
105,57.0,7296
106,57.0,7296
107,57.0,7296
108,57.0,7296
109,57.0,7296
110,57.0,7296
111,57.0,7296
112,57.0,7296
113,57.0,7296
114,57.0,7296
115,57.0,7296
116,57.0,7296
117,57.0,7296
118,57.0,7296
119,57.0,7296
120,57.0,7296
121,57.0,7296
122,57.0,7296
123,57.0,7296
124,57.0,7296
125,57.0,7296
126,57.0,7296
127,57.0,7296
128,57.0,7296
129,57.0,7296
130,57.0,7296
131,57.0,7296
132,57.0,7296
133,57.0,7296
134,57.0,7296
135,57.0,7296
136,57.0,7296
137,57.0,7296
138,57.0,7296
139,57.0,7296
140,57.0,7296
141,57.0,7296
142,57.0,7296
143,57.0,7296
144,57.0,7296
145,57.0,7296
146,57.0,7296
147,57.0,7296
148,57.0,7296
149,57.0,7296
150,57.0,7296
151,57.0,7296
152,57.0,7296
153,57.0,7296
154,57.0,7296
155,57.0,7296
156,57.0,7296
157,57.0,7296
158,57.0,7296
159,57.0,7296
160,57.0,7296
161,57.0,7296
162,57.0,7296
163,57.0,7296
164,57.0,7296
165,57.0,7296
166,57.0,7296
167,57.0,7296
168,57.0,7296
169,57.0,7296
170,57.0,7296
171,57.0,7296
172,57.0,7296
173,57.0,7296
174,57.0,7296
175,57.0,7296
176,57.0,7296
177,57.0,7296
178,57.0,7296
179,57.0,7296
180,57.0,7296
181,57.0,7296
182,57.0,7296
183,57.0,7296
184,57.0,7296
185,81.0,10368
186,57.0,7296
187,57.0,7296
188,57.0,7296
189,73.0,9344
190,73.0,9344
191,73.0,9344
192,81.0,10368
193,73.0,9344
194,73.0,9344
195,73.0,9344
196,73.0,9344
197,81.0,10368
198,81.0,10368
199,81.0,10368
200,73.0,9344
201,81.0,10368
202,73.0,9344
203,73.0,9344
204,73.0,9344
205,73.0,9344
206,73.0,9344
207,73.0,9344
208,73.0,9344
209,73.0,9344
210,73.0,9344
211,81.0,10368
212,81.0,10368
213,81.0,10368
214,81.0,10368
215,129.0,16512
216,81.0,10368
217,81.0,10368
218,81.0,10368
219,81.0,10368
220,81.0,10368
221,81.0,10368
222,73.0,9344
223,81.0,10368
224,81.0,10368
225,81.0,10368
226,81.0,10368
227,81.0,10368
228,81.0,10368
229,81.0,10368
230,81.0,10368
231,81.0,10368
232,81.0,10368
233,81.0,10368
234,81.0,10368
235,81.0,10368
236,81.0,10368
237,81.0,10368
238,73.0,9344
239,81.0,10368
240,73.0,9344
241,73.0,9344
242,73.0,9344
243,73.0,9344
244,81.0,10368
245,81.0,10368
246,73.0,9344
247,73.0,9344
248,73.0,9344
249,73.0,9344
250,73.0,9344
251,73.0,9344
252,73.0,9344
253,73.0,9344
254,73.0,9344
255,73.0,9344
256,73.0,9344
257,73.0,9344
258,73.0,9344
259,73.0,9344
260,73.0,9344
261,73.0,9344
262,73.0,9344
263,73.0,9344
264,73.0,9344
265,73.0,9344
266,73.0,9344
267,73.0,9344
268,73.0,9344
269,73.0,9344
270,73.0,9344
271,73.0,9344
272,73.0,9344
273,73.0,9344
274,73.0,9344
275,73.0,9344
276,73.0,9344
277,73.0,9344
278,73.0,9344
279,73.0,9344
280,73.0,9344
281,73.0,9344
282,73.0,9344
283,73.0,9344
284,73.0,9344
285,73.0,9344
286,73.0,9344
287,73.0,9344
288,73.0,9344
289,73.0,9344
290,73.0,9344
291,73.0,9344
292,73.0,9344
293,73.0,9344
294,73.0,9344
295,73.0,9344
296,73.0,9344
297,73.0,9344
298,73.0,9344
299,73.0,9344
300,73.0,9344
301,73.0,9344
302,73.0,9344
303,73.0,9344
304,73.0,9344
305,73.0,9344
306,73.0,9344
307,73.0,9344
308,73.0,9344
309,73.0,9344
310,73.0,9344
311,73.0,9344
312,73.0,9344
313,73.0,9344
314,73.0,9344
315,73.0,9344
316,73.0,9344
317,73.0,9344
318,73.0,9344
319,73.0,9344
320,73.0,9344
321,73.0,9344
322,73.0,9344
323,73.0,9344
324,73.0,9344
325,73.0,9344
326,73.0,9344
327,73.0,9344
328,73.0,9344
329,73.0,9344
330,73.0,9344
331,73.0,9344
332,73.0,9344
333,73.0,9344
334,73.0,9344
335,73.0,9344
336,73.0,9344
337,73.0,9344
338,73.0,9344
339,73.0,9344
340,73.0,9344
341,73.0,9344
342,73.0,9344
343,73.0,9344
344,73.0,9344
345,73.0,9344
346,73.0,9344
347,81.0,10368
348,81.0,10368
349,81.0,10368
350,81.0,10368
351,81.0,10368
352,81.0,10368
353,81.0,10368
354,81.0,10368
355,81.0,10368
356,81.0,10368
357,81.0,10368
358,73.0,9344
359,73.0,9344
360,81.0,10368
361,81.0,10368
362,81.0,10368
363,81.0,10368
364,81.0,10368
365,81.0,10368
366,81.0,10368
367,81.0,10368
368,81.0,10368
369,81.0,10368
370,81.0,10368
371,73.0,9344
372,73.0,9344
373,73.0,9344
374,73.0,9344
375,73.0,9344
376,73.0,9344
377,73.0,9344
378,73.0,9344
379,81.0,10368
380,73.0,9344
381,73.0,9344
382,73.0,9344
383,73.0,9344
384,81.0,10368
385,73.0,9344
386,73.0,9344
387,73.0,9344
388,73.0,9344
389,73.0,9344
390,73.0,9344
391,73.0,9344
392,73.0,9344
393,73.0,9344
394,73.0,9344
395,73.0,9344
396,73.0,9344
397,73.0,9344
398,73.0,9344
399,73.0,9344
400,73.0,9344
401,73.0,9344
402,73.0,9344
403,73.0,9344
404,73.0,9344
405,73.0,9344
406,73.0,9344
407,73.0,9344
408,73.0,9344
409,73.0,9344
410,73.0,9344
411,73.0,9344
412,73.0,9344
413,73.0,9344
414,73.0,9344
415,73.0,9344
416,73.0,9344
417,73.0,9344
418,73.0,9344
419,73.0,9344
420,73.0,9344
421,73.0,9344
422,73.0,9344
423,73.0,9344
424,73.0,9344
425,73.0,9344
426,73.0,9344
427,73.0,9344
428,73.0,9344
429,73.0,9344
430,73.0,9344
431,73.0,9344
432,73.0,9344
433,73.0,9344
434,73.0,9344
435,73.0,9344
436,73.0,9344
437,73.0,9344
438,73.0,9344
439,73.0,9344
440,73.0,9344
441,73.0,9344
442,73.0,9344
443,73.0,9344
444,73.0,9344
445,73.0,9344
446,73.0,9344
447,73.0,9344
448,73.0,9344
449,73.0,9344
450,73.0,9344
451,73.0,9344
452,73.0,9344
453,73.0,9344
454,73.0,9344
455,81.0,10368
456,81.0,10368
457,81.0,10368
458,81.0,10368
459,73.0,9344
460,73.0,9344
461,81.0,10368
462,73.0,9344
463,73.0,9344
464,73.0,9344
465,73.0,9344
466,73.0,9344
467,73.0,9344
468,73.0,9344
469,73.0,9344
470,81.0,10368
471,81.0,10368
472,81.0,10368
473,81.0,10368
474,81.0,10368
475,73.0,9344
476,73.0,9344
477,73.0,9344
478,81.0,10368
479,81.0,10368
480,73.0,9344
481,73.0,9344
482,73.0,9344
483,73.0,9344
484,73.0,9344
485,73.0,9344
486,73.0,9344
487,73.0,9344
488,73.0,9344
489,73.0,9344
490,73.0,9344
491,73.0,9344
492,73.0,9344
493,81.0,10368
494,81.0,10368
495,81.0,10368
496,81.0,10368
497,73.0,9344
498,81.0,10368
499,81.0,10368
500,81.0,10368
501,73.0,9344
502,81.0,10368
503,81.0,10368
504,81.0,10368
505,81.0,10368
506,81.0,10368
507,81.0,10368
508,81.0,10368
509,81.0,10368
510,81.0,10368
511,81.0,10368
512,73.0,9344
513,73.0,9344
514,73.0,9344
515,81.0,10368
516,73.0,9344
517,81.0,10368
518,81.0,10368
519,73.0,9344
520,73.0,9344
521,73.0,9344
522,73.0,9344
523,65.0,8320
524,65.0,8320
525,73.0,9344
526,65.0,8320
527,73.0,9344
528,73.0,9344
529,73.0,9344
530,73.0,9344
531,73.0,9344
532,73.0,9344
533,73.0,9344
534,65.0,8320
535,65.0,8320
536,73.0,9344
537,73.0,9344
538,73.0,9344
539,73.0,9344
540,73.0,9344
541,73.0,9344
542,73.0,9344
543,73.0,9344
544,73.0,9344
545,73.0,9344
546,73.0,9344
547,65.0,8320
548,73.0,9344
549,65.0,8320
550,73.0,9344
551,73.0,9344
552,73.0,9344
553,73.0,9344
554,73.0,9344
555,73.0,9344
556,73.0,9344
557,73.0,9344
558,73.0,9344
559,73.0,9344
560,73.0,9344
561,73.0,9344
562,73.0,9344
563,73.0,9344
564,73.0,9344
565,73.0,9344
566,73.0,9344
567,73.0,9344
568,73.0,9344
569,73.0,9344
570,73.0,9344
571,73.0,9344
572,73.0,9344
573,73.0,9344
574,73.0,9344
575,73.0,9344
576,73.0,9344
577,73.0,9344
578,73.0,9344
579,73.0,9344
580,73.0,9344
581,73.0,9344
582,73.0,9344
583,73.0,9344
584,73.0,9344
585,73.0,9344
586,73.0,9344
587,73.0,9344
588,73.0,9344
589,73.0,9344
590,73.0,9344
591,73.0,9344
592,73.0,9344
593,73.0,9344
594,73.0,9344
595,73.0,9344
596,73.0,9344
597,73.0,9344
598,73.0,9344
599,73.0,9344
600,73.0,9344
601,73.0,9344
602,73.0,9344
603,73.0,9344
604,73.0,9344
605,73.0,9344
606,73.0,9344
607,73.0,9344
608,73.0,9344
609,81.0,10368
610,73.0,9344
611,73.0,9344
612,81.0,10368
613,73.0,9344
614,73.0,9344
615,73.0,9344
616,81.0,10368
617,81.0,10368
618,81.0,10368
619,81.0,10368
620,81.0,10368
621,73.0,9344
622,73.0,9344
623,73.0,9344
624,73.0,9344
625,73.0,9344
626,73.0,9344
627,73.0,9344
628,73.0,9344
629,73.0,9344
630,73.0,9344
631,73.0,9344
632,73.0,9344
633,73.0,9344
634,73.0,9344
635,73.0,9344
636,73.0,9344
637,73.0,9344
638,73.0,9344
639,73.0,9344
640,73.0,9344
641,73.0,9344
642,73.0,9344
643,73.0,9344
644,73.0,9344
645,73.0,9344
646,73.0,9344
647,73.0,9344
648,73.0,9344
649,73.0,9344
650,73.0,9344
651,73.0,9344
652,73.0,9344
653,73.0,9344
654,73.0,9344
655,73.0,9344
656,73.0,9344
657,73.0,9344
658,73.0,9344
659,73.0,9344
660,73.0,9344
661,73.0,9344
662,73.0,9344
663,73.0,9344
664,73.0,9344
665,73.0,9344
666,73.0,9344
667,73.0,9344
668,73.0,9344
669,73.0,9344
670,73.0,9344
671,73.0,9344
672,73.0,9344
673,73.0,9344
674,73.0,9344
675,73.0,9344
676,73.0,9344
677,73.0,9344
678,73.0,9344
679,73.0,9344
680,73.0,9344
681,73.0,9344
682,73.0,9344
683,73.0,9344
684,73.0,9344
685,73.0,9344
686,73.0,9344
687,73.0,9344
688,73.0,9344
689,73.0,9344
690,73.0,9344
691,73.0,9344
692,73.0,9344
693,73.0,9344
694,73.0,9344
695,73.0,9344
696,73.0,9344
697,73.0,9344
698,73.0,9344
699,73.0,9344
700,73.0,9344
701,73.0,9344
702,73.0,9344
703,73.0,9344
704,73.0,9344
705,73.0,9344
706,73.0,9344
707,73.0,9344
708,73.0,9344
709,73.0,9344
710,73.0,9344
711,73.0,9344
712,73.0,9344
713,73.0,9344
714,73.0,9344
715,73.0,9344
716,73.0,9344
717,73.0,9344
718,73.0,9344
719,73.0,9344
720,73.0,9344
721,73.0,9344
722,73.0,9344
723,73.0,9344
724,73.0,9344
725,73.0,9344
726,73.0,9344
727,73.0,9344
728,73.0,9344
729,73.0,9344
730,73.0,9344
731,73.0,9344
732,73.0,9344
733,73.0,9344
734,73.0,9344
735,73.0,9344
736,73.0,9344
737,73.0,9344
738,73.0,9344
739,73.0,9344
740,73.0,9344
741,73.0,9344
742,73.0,9344
743,73.0,9344
744,73.0,9344
745,73.0,9344
746,73.0,9344
747,73.0,9344
748,73.0,9344
749,73.0,9344
750,73.0,9344
751,73.0,9344
752,73.0,9344
753,73.0,9344
754,73.0,9344
755,73.0,9344
756,73.0,9344
757,73.0,9344
758,73.0,9344
759,73.0,9344
760,73.0,9344
761,73.0,9344
762,73.0,9344
763,73.0,9344
764,73.0,9344
765,73.0,9344
766,73.0,9344
767,73.0,9344
768,73.0,9344
769,73.0,9344
770,73.0,9344
771,73.0,9344
772,73.0,9344
773,73.0,9344
774,73.0,9344
775,73.0,9344
776,73.0,9344
777,73.0,9344
778,73.0,9344
779,73.0,9344
780,73.0,9344
781,73.0,9344
782,73.0,9344
783,73.0,9344
784,73.0,9344
785,73.0,9344
786,73.0,9344
787,73.0,9344
788,73.0,9344
789,73.0,9344
790,73.0,9344
791,73.0,9344
792,73.0,9344
793,73.0,9344
794,73.0,9344
795,73.0,9344
796,73.0,9344
797,73.0,9344
798,73.0,9344
799,73.0,9344
800,73.0,9344
801,73.0,9344
802,73.0,9344
803,73.0,9344
804,73.0,9344
805,73.0,9344
806,73.0,9344
807,73.0,9344
808,73.0,9344
809,73.0,9344
810,73.0,9344
811,73.0,9344
812,73.0,9344
813,73.0,9344
814,73.0,9344
815,73.0,9344
816,73.0,9344
817,73.0,9344
818,73.0,9344
819,73.0,9344
820,73.0,9344
821,73.0,9344
822,73.0,9344
823,73.0,9344
824,73.0,9344
825,73.0,9344
826,73.0,9344
827,73.0,9344
828,73.0,9344
829,73.0,9344
830,73.0,9344
831,73.0,9344
832,73.0,9344
833,73.0,9344
834,73.0,9344
835,73.0,9344
836,73.0,9344
837,73.0,9344
838,73.0,9344
839,73.0,9344
840,73.0,9344
841,73.0,9344
842,73.0,9344
843,73.0,9344
844,73.0,9344
845,73.0,9344
846,73.0,9344
847,73.0,9344
848,73.0,9344
849,73.0,9344
850,73.0,9344
851,73.0,9344
852,73.0,9344
853,73.0,9344
854,73.0,9344
855,73.0,9344
856,73.0,9344
857,73.0,9344
858,73.0,9344
859,73.0,9344
860,73.0,9344
861,73.0,9344
862,73.0,9344
863,73.0,9344
864,73.0,9344
865,73.0,9344
866,73.0,9344
867,73.0,9344
868,73.0,9344
869,73.0,9344
870,73.0,9344
871,73.0,9344
872,73.0,9344
873,73.0,9344
874,73.0,9344
875,73.0,9344
876,73.0,9344
877,73.0,9344
878,73.0,9344
879,73.0,9344
880,73.0,9344
881,73.0,9344
882,73.0,9344
883,73.0,9344
884,73.0,9344
885,73.0,9344
886,73.0,9344
887,73.0,9344
888,73.0,9344
889,73.0,9344
890,73.0,9344
891,73.0,9344
892,73.0,9344
893,73.0,9344
894,73.0,9344
895,73.0,9344
896,73.0,9344
897,73.0,9344
898,73.0,9344
899,73.0,9344
900,73.0,9344
901,73.0,9344
902,73.0,9344
903,73.0,9344
904,73.0,9344
905,73.0,9344
906,73.0,9344
907,73.0,9344
908,73.0,9344
909,73.0,9344
910,73.0,9344
911,73.0,9344
912,73.0,9344
913,105.0,13440
914,73.0,9344
915,73.0,9344
916,73.0,9344
917,73.0,9344
918,73.0,9344
919,73.0,9344
920,73.0,9344
921,73.0,9344
922,73.0,9344
923,73.0,9344
924,73.0,9344
925,73.0,9344
926,73.0,9344
927,73.0,9344
928,73.0,9344
929,73.0,9344
930,73.0,9344
931,73.0,9344
932,73.0,9344
933,73.0,9344
934,73.0,9344
935,73.0,9344
936,73.0,9344
937,73.0,9344
938,73.0,9344
939,73.0,9344
940,73.0,9344
941,73.0,9344
942,73.0,9344
943,73.0,9344
944,73.0,9344
945,73.0,9344
946,73.0,9344
947,81.0,10368
948,73.0,9344
949,73.0,9344
950,73.0,9344
951,73.0,9344
952,73.0,9344
953,73.0,9344
954,73.0,9344
955,73.0,9344
956,73.0,9344
957,73.0,9344
958,73.0,9344
959,73.0,9344
960,73.0,9344
961,73.0,9344
962,73.0,9344
963,73.0,9344
964,73.0,9344
965,73.0,9344
966,73.0,9344
967,81.0,10368
968,73.0,9344
969,73.0,9344
970,73.0,9344
971,73.0,9344
972,73.0,9344
973,73.0,9344
974,73.0,9344
975,73.0,9344
976,73.0,9344
977,73.0,9344
978,73.0,9344
979,73.0,9344
980,73.0,9344
981,73.0,9344
982,73.0,9344
983,73.0,9344
984,73.0,9344
985,73.0,9344
986,73.0,9344
987,73.0,9344
988,73.0,9344
989,73.0,9344
990,81.0,10368
991,73.0,9344
992,73.0,9344
993,81.0,10368
994,73.0,9344
995,73.0,9344
996,73.0,9344
997,73.0,9344
998,73.0,9344
999,73.0,9344
1000,73.0,9344
1001,73.0,9344
1002,73.0,9344
1003,73.0,9344
1004,73.0,9344
1005,73.0,9344
1006,73.0,9344
1007,73.0,9344
1008,73.0,9344
1009,73.0,9344
1010,73.0,9344
1011,73.0,9344
1012,73.0,9344
1013,73.0,9344
1014,73.0,9344
1015,73.0,9344
1016,73.0,9344
1017,73.0,9344
1018,73.0,9344
1019,73.0,9344
1020,73.0,9344
1021,73.0,9344
1022,73.0,9344
1023,73.0,9344
1024,73.0,9344
1025,73.0,9344
1026,73.0,9344
1027,73.0,9344
1028,73.0,9344
1029,73.0,9344
1030,73.0,9344
1031,73.0,9344
1032,73.0,9344
1033,73.0,9344
1034,73.0,9344
1035,73.0,9344
1036,73.0,9344
1037,73.0,9344
1038,73.0,9344
1039,73.0,9344
1040,73.0,9344
1041,73.0,9344
1042,73.0,9344
1043,73.0,9344
1044,73.0,9344
1045,73.0,9344
1046,73.0,9344
1047,73.0,9344
1048,73.0,9344
1049,73.0,9344
1050,73.0,9344
1051,73.0,9344
1052,73.0,9344
1053,73.0,9344
1054,73.0,9344
1055,73.0,9344
1056,73.0,9344
1057,73.0,9344
1058,73.0,9344
1059,73.0,9344
1060,73.0,9344
1061,73.0,9344
1062,73.0,9344
1063,73.0,9344
1064,81.0,10368
1065,81.0,10368
1066,73.0,9344
1067,73.0,9344
1068,73.0,9344
1069,73.0,9344
1070,73.0,9344
1071,73.0,9344
1072,73.0,9344
1073,73.0,9344
1074,73.0,9344
1075,73.0,9344
1076,73.0,9344
1077,73.0,9344
1078,73.0,9344
1079,73.0,9344
1080,73.0,9344
1081,73.0,9344
1082,81.0,10368
1083,73.0,9344
1084,73.0,9344
1085,73.0,9344
1086,73.0,9344
1087,73.0,9344
1088,81.0,10368
1089,73.0,9344
1090,73.0,9344
1091,73.0,9344
1092,73.0,9344
1093,73.0,9344
1094,73.0,9344
1095,73.0,9344
1096,73.0,9344
1097,73.0,9344
1098,73.0,9344
1099,73.0,9344
1100,73.0,9344
1101,81.0,10368
1102,81.0,10368
1103,73.0,9344
1104,73.0,9344
1105,73.0,9344
1106,73.0,9344
1107,73.0,9344
1108,73.0,9344
1109,73.0,9344
1110,73.0,9344
1111,73.0,9344
1112,73.0,9344
1113,73.0,9344
1114,73.0,9344
1115,73.0,9344
1116,73.0,9344
1117,73.0,9344
1118,73.0,9344
1119,73.0,9344
1120,73.0,9344
1121,73.0,9344
1122,73.0,9344
1123,73.0,9344
1124,73.0,9344
1125,73.0,9344
1126,73.0,9344
1127,73.0,9344
1128,73.0,9344
1129,73.0,9344
1130,73.0,9344
1131,73.0,9344
1132,73.0,9344
1133,73.0,9344
1134,73.0,9344
1135,73.0,9344
1136,73.0,9344
1137,73.0,9344
1138,73.0,9344
1139,73.0,9344
1140,73.0,9344
1141,73.0,9344
1142,73.0,9344
1143,73.0,9344
1144,73.0,9344
1145,73.0,9344
1146,73.0,9344
1147,73.0,9344
1148,73.0,9344
1149,73.0,9344
1150,73.0,9344
1151,73.0,9344
1152,73.0,9344
1153,73.0,9344
1154,73.0,9344
1155,73.0,9344
1156,73.0,9344
1157,73.0,9344
1158,73.0,9344
1159,73.0,9344
1160,73.0,9344
1161,73.0,9344
1162,73.0,9344
1163,73.0,9344
1164,73.0,9344
1165,73.0,9344
1166,73.0,9344
1167,73.0,9344
1168,73.0,9344
1169,73.0,9344
1170,73.0,9344
1171,73.0,9344
1172,73.0,9344
1173,73.0,9344
1174,73.0,9344
1175,73.0,9344
1176,73.0,9344
1177,73.0,9344
1178,73.0,9344
1179,73.0,9344
1180,73.0,9344
1181,73.0,9344
1182,73.0,9344
1183,73.0,9344
1184,73.0,9344
1185,73.0,9344
1186,73.0,9344
1187,73.0,9344
1188,73.0,9344
1189,73.0,9344
1190,73.0,9344
1191,73.0,9344
1192,73.0,9344
1193,73.0,9344
1194,73.0,9344
1195,73.0,9344
1196,73.0,9344
1197,73.0,9344
1198,73.0,9344
1199,73.0,9344
1200,73.0,9344
1201,73.0,9344
1202,73.0,9344
1203,73.0,9344
1204,73.0,9344
1205,73.0,9344
1206,73.0,9344
1207,73.0,9344
1208,73.0,9344
1209,73.0,9344
1210,73.0,9344
1211,73.0,9344
1212,73.0,9344
1213,73.0,9344
1214,73.0,9344
1215,73.0,9344
1216,73.0,9344
1217,73.0,9344
1218,73.0,9344
1219,73.0,9344
1220,73.0,9344
1221,73.0,9344
1222,73.0,9344
1223,73.0,9344
1224,73.0,9344
1225,73.0,9344
1226,73.0,9344
1227,73.0,9344
1228,73.0,9344
1229,73.0,9344
1230,73.0,9344
1231,73.0,9344
1232,73.0,9344
1233,73.0,9344
1234,73.0,9344
1235,73.0,9344
1236,73.0,9344
1237,73.0,9344
1238,73.0,9344
1239,73.0,9344
1240,73.0,9344
1241,73.0,9344
1242,73.0,9344
1243,73.0,9344
1244,73.0,9344
1245,73.0,9344
1246,73.0,9344
1247,73.0,9344
1248,73.0,9344
1249,73.0,9344
1250,73.0,9344
1251,73.0,9344
1252,73.0,9344
1253,73.0,9344
1254,73.0,9344
1255,73.0,9344
1256,73.0,9344
1257,73.0,9344
1258,73.0,9344
1259,73.0,9344
1260,73.0,9344
1261,73.0,9344
1262,73.0,9344
1263,73.0,9344
1264,73.0,9344
1265,73.0,9344
1266,73.0,9344
1267,73.0,9344
1268,73.0,9344
1269,73.0,9344
1270,73.0,9344
1271,73.0,9344
1272,73.0,9344
1273,73.0,9344
1274,73.0,9344
1275,73.0,9344
1276,73.0,9344
1277,73.0,9344
1278,73.0,9344
1279,73.0,9344
1280,73.0,9344
1281,73.0,9344
1282,73.0,9344
1283,73.0,9344
1284,73.0,9344
1285,73.0,9344
1286,73.0,9344
1287,73.0,9344
1288,73.0,9344
1289,73.0,9344
1290,73.0,9344
1291,73.0,9344
1292,73.0,9344
1293,73.0,9344
1294,73.0,9344
1295,73.0,9344
1296,73.0,9344
1297,73.0,9344
1298,73.0,9344
1299,73.0,9344
1300,73.0,9344
1301,73.0,9344
1302,73.0,9344
1303,73.0,9344
1304,73.0,9344
1305,73.0,9344
1306,73.0,9344
1307,73.0,9344
1308,73.0,9344
1309,73.0,9344
1310,73.0,9344
1311,73.0,9344
1312,73.0,9344
1313,73.0,9344
1314,73.0,9344
1315,73.0,9344
1316,73.0,9344
1317,73.0,9344
1318,73.0,9344
1319,73.0,9344
1320,73.0,9344
1321,73.0,9344
1322,73.0,9344
1323,73.0,9344
1324,73.0,9344
1325,73.0,9344
1326,73.0,9344
1327,73.0,9344
1328,73.0,9344
1329,73.0,9344
1330,73.0,9344
1331,73.0,9344
1332,73.0,9344
1333,73.0,9344
1334,73.0,9344
1335,73.0,9344
1336,73.0,9344
1337,73.0,9344
1338,73.0,9344
1339,73.0,9344
1340,73.0,9344
1341,73.0,9344
1342,73.0,9344
1343,73.0,9344
1344,73.0,9344
1345,73.0,9344
1346,73.0,9344
1347,73.0,9344
1348,73.0,9344
1349,73.0,9344
1350,73.0,9344
1351,73.0,9344
1352,73.0,9344
1353,73.0,9344
1354,73.0,9344
1355,73.0,9344
1356,73.0,9344
1357,73.0,9344
1358,73.0,9344
1359,73.0,9344
1360,73.0,9344
1361,73.0,9344
1362,73.0,9344
1363,73.0,9344
1364,73.0,9344
1365,73.0,9344
1366,73.0,9344
1367,73.0,9344
1368,73.0,9344
1369,73.0,9344
1370,73.0,9344
1371,73.0,9344
1372,73.0,9344
1373,73.0,9344
1374,73.0,9344
1375,73.0,9344
1376,73.0,9344
1377,73.0,9344
1378,73.0,9344
1379,73.0,9344
1380,73.0,9344
1381,73.0,9344
1382,73.0,9344
1383,73.0,9344
1384,73.0,9344
1385,73.0,9344
1386,73.0,9344
1387,73.0,9344
1388,73.0,9344
1389,73.0,9344
1390,73.0,9344
1391,73.0,9344
1392,73.0,9344
1393,73.0,9344
1394,73.0,9344
1395,73.0,9344
1396,73.0,9344
1397,73.0,9344
1398,73.0,9344
1399,73.0,9344
1400,73.0,9344
1401,73.0,9344
1402,73.0,9344
1403,73.0,9344
1404,73.0,9344
1405,73.0,9344
1406,73.0,9344
1407,73.0,9344
1408,73.0,9344
1409,73.0,9344
1410,73.0,9344
1411,73.0,9344
1412,73.0,9344
1413,73.0,9344
1414,73.0,9344
1415,73.0,9344
1416,73.0,9344
1417,73.0,9344
1418,73.0,9344
1419,73.0,9344
1420,73.0,9344
1421,73.0,9344
1422,73.0,9344
1423,73.0,9344
1424,73.0,9344
1425,73.0,9344
1426,73.0,9344
1427,73.0,9344
1428,73.0,9344
1429,73.0,9344
1430,73.0,9344
1431,73.0,9344
1432,73.0,9344
1433,73.0,9344
1434,73.0,9344
1435,73.0,9344
1436,73.0,9344
1437,73.0,9344
1438,73.0,9344
1439,73.0,9344
1440,73.0,9344
1441,73.0,9344
1442,73.0,9344
1443,73.0,9344
1444,73.0,9344
1445,73.0,9344
1446,73.0,9344
1447,73.0,9344
1448,73.0,9344
1449,73.0,9344
1450,73.0,9344
1451,73.0,9344
1452,73.0,9344
1453,73.0,9344
1454,73.0,9344
1455,73.0,9344
1456,73.0,9344
1457,73.0,9344
1458,73.0,9344
1459,73.0,9344
1460,73.0,9344
1461,73.0,9344
1462,73.0,9344
1463,73.0,9344
1464,73.0,9344
1465,73.0,9344
1466,73.0,9344
1467,73.0,9344
1468,73.0,9344
1469,73.0,9344
1470,73.0,9344
1471,129.0,16512
1472,129.0,16512
1473,73.0,9344
1474,73.0,9344
1475,73.0,9344
1476,73.0,9344
1477,73.0,9344
1478,73.0,9344
1479,73.0,9344
1480,73.0,9344
1481,105.0,13440
1482,105.0,13440
1483,105.0,13440
1484,73.0,9344
1485,73.0,9344
1486,73.0,9344
1487,73.0,9344
1488,73.0,9344
1489,73.0,9344
1490,129.0,16512
1491,129.0,16512
1492,129.0,16512
1493,129.0,16512
1494,129.0,16512
1495,129.0,16512
1496,129.0,16512
1497,129.0,16512
1498,129.0,16512
1499,129.0,16512
1500,129.0,16512
1501,129.0,16512
1502,129.0,16512
1503,129.0,16512
1504,129.0,16512
1505,129.0,16512
1506,129.0,16512
1507,129.0,16512
1508,129.0,16512
1509,129.0,16512
1510,129.0,16512
1511,129.0,16512
1512,129.0,16512
1513,129.0,16512
1514,129.0,16512
1515,129.0,16512
1516,129.0,16512
1517,129.0,16512
1518,129.0,16512
1519,129.0,16512
1520,129.0,16512
1521,129.0,16512
1522,129.0,16512
1523,129.0,16512
1524,129.0,16512
1525,129.0,16512
1526,129.0,16512
1527,129.0,16512
1528,129.0,16512
1529,129.0,16512
1530,129.0,16512
1531,129.0,16512
1532,129.0,16512
1533,129.0,16512
1534,129.0,16512
1535,129.0,16512
1536,129.0,16512
1537,129.0,16512
1538,129.0,16512
1539,129.0,16512
1540,129.0,16512
1541,129.0,16512
1542,129.0,16512
1543,129.0,16512
1544,129.0,16512
1545,129.0,16512
1546,129.0,16512
1547,129.0,16512
1548,129.0,16512
1549,129.0,16512
1550,129.0,16512
1551,129.0,16512
1552,129.0,16512
1553,129.0,16512
1554,129.0,16512
1555,129.0,16512
1556,129.0,16512
1557,129.0,16512
1558,129.0,16512
1559,129.0,16512
1560,129.0,16512
1561,129.0,16512
1562,129.0,16512
1563,129.0,16512
1564,129.0,16512
1565,129.0,16512
1566,129.0,16512
1567,129.0,16512
1568,129.0,16512
1569,129.0,16512
1570,129.0,16512
1571,129.0,16512
1572,129.0,16512
1573,129.0,16512
1574,129.0,16512
1575,129.0,16512
1576,129.0,16512
1577,129.0,16512
1578,129.0,16512
1579,129.0,16512
1580,129.0,16512
1581,129.0,16512
1582,129.0,16512
1583,129.0,16512
1584,129.0,16512
1585,129.0,16512
1586,129.0,16512
1587,129.0,16512
1588,129.0,16512
1589,129.0,16512
1590,129.0,16512
1591,129.0,16512
1592,129.0,16512
1593,129.0,16512
1594,129.0,16512
1595,129.0,16512
1596,129.0,16512
1597,129.0,16512
1598,129.0,16512
1599,129.0,16512
1600,129.0,16512
1601,129.0,16512
1602,129.0,16512
1603,129.0,16512
1604,129.0,16512
1605,129.0,16512
1606,129.0,16512
1607,129.0,16512
1608,129.0,16512
1609,129.0,16512
1610,129.0,16512
1611,129.0,16512
1612,129.0,16512
1613,129.0,16512
1614,129.0,16512
1615,129.0,16512
1616,129.0,16512
1617,129.0,16512
1618,129.0,16512
1619,129.0,16512
1620,129.0,16512
1621,129.0,16512
1622,129.0,16512
1623,129.0,16512
1624,129.0,16512
1625,129.0,16512
1626,129.0,16512
1627,129.0,16512
1628,129.0,16512
1629,129.0,16512
1630,129.0,16512
1631,129.0,16512
1632,129.0,16512
1633,129.0,16512
1634,129.0,16512
1635,129.0,16512
1636,129.0,16512
1637,129.0,16512
1638,129.0,16512
1639,129.0,16512
1640,129.0,16512
1641,129.0,16512
1642,129.0,16512
1643,129.0,16512
1644,129.0,16512
1645,129.0,16512
1646,129.0,16512
1647,129.0,16512
1648,129.0,16512
1649,137.0,17536
1650,129.0,16512
1651,129.0,16512
1652,129.0,16512
1653,129.0,16512
1654,129.0,16512
1655,129.0,16512
1656,129.0,16512
1657,129.0,16512
1658,129.0,16512
1659,129.0,16512
1660,129.0,16512
1661,129.0,16512
1662,129.0,16512
1663,129.0,16512
1664,129.0,16512
1665,129.0,16512
1666,129.0,16512
1667,129.0,16512
1668,129.0,16512
1669,129.0,16512
1670,129.0,16512
1671,129.0,16512
1672,129.0,16512
1673,129.0,16512
1674,129.0,16512
1675,129.0,16512
1676,129.0,16512
1677,129.0,16512
1678,129.0,16512
1679,129.0,16512
1680,129.0,16512
1681,129.0,16512
1682,129.0,16512
1683,129.0,16512
1684,129.0,16512
1685,129.0,16512
1686,129.0,16512
1687,129.0,16512
1688,129.0,16512
1689,129.0,16512
1690,129.0,16512
1691,129.0,16512
1692,129.0,16512
1693,129.0,16512
1694,129.0,16512
1695,129.0,16512
1696,129.0,16512
1697,129.0,16512
1698,129.0,16512
1699,129.0,16512
1700,129.0,16512
1701,129.0,16512
1702,129.0,16512
1703,129.0,16512
1704,129.0,16512
1705,129.0,16512
1706,129.0,16512
1707,129.0,16512
1708,129.0,16512
1709,129.0,16512
1710,129.0,16512
1711,129.0,16512
1712,137.0,17536
1713,129.0,16512
1714,129.0,16512
1715,137.0,17536
1716,137.0,17536
1717,129.0,16512
1718,129.0,16512
1719,129.0,16512
1720,129.0,16512
1721,129.0,16512
1722,129.0,16512
1723,129.0,16512
1724,129.0,16512
1725,129.0,16512
1726,129.0,16512
1727,129.0,16512
1728,129.0,16512
1729,129.0,16512
1730,129.0,16512
1731,129.0,16512
1732,129.0,16512
1733,129.0,16512
1734,129.0,16512
1735,129.0,16512
1736,129.0,16512
1737,129.0,16512
1738,129.0,16512
1739,129.0,16512
1740,129.0,16512
1741,129.0,16512
1742,129.0,16512
1743,129.0,16512
1744,129.0,16512
1745,129.0,16512
1746,129.0,16512
1747,129.0,16512
1748,129.0,16512
1749,129.0,16512
1750,129.0,16512
1751,129.0,16512
1752,129.0,16512
1753,129.0,16512
1754,129.0,16512
1755,129.0,16512
1756,129.0,16512
1757,129.0,16512
1758,129.0,16512
1759,129.0,16512
1760,129.0,16512
1761,129.0,16512
1762,129.0,16512
1763,129.0,16512
1764,129.0,16512
1765,129.0,16512
1766,129.0,16512
1767,129.0,16512
1768,129.0,16512
1769,129.0,16512
1770,129.0,16512
1771,129.0,16512
1772,129.0,16512
1773,129.0,16512
1774,129.0,16512
1775,129.0,16512
1776,129.0,16512
1777,129.0,16512
1778,129.0,16512
1779,129.0,16512
1780,129.0,16512
1781,129.0,16512
1782,129.0,16512
1783,129.0,16512
1784,129.0,16512
1785,129.0,16512
1786,129.0,16512
1787,129.0,16512
1788,129.0,16512
1789,129.0,16512
1790,129.0,16512
1791,129.0,16512
1792,129.0,16512
1793,129.0,16512
1794,129.0,16512
1795,129.0,16512
1796,129.0,16512
1797,129.0,16512
1798,129.0,16512
1799,129.0,16512
1800,129.0,16512
1801,129.0,16512
1802,129.0,16512
1803,129.0,16512
1804,129.0,16512
1805,129.0,16512
1806,129.0,16512
1807,129.0,16512
1808,129.0,16512
1809,129.0,16512
1810,129.0,16512
1811,129.0,16512
1812,129.0,16512
1813,129.0,16512
1814,129.0,16512
1815,129.0,16512
1816,129.0,16512
1817,129.0,16512
1818,129.0,16512
1819,129.0,16512
1820,129.0,16512
1821,129.0,16512
1822,129.0,16512
1823,129.0,16512
1824,129.0,16512
1825,129.0,16512
1826,129.0,16512
1827,129.0,16512
1828,129.0,16512
1829,129.0,16512
1830,129.0,16512
1831,129.0,16512
1832,129.0,16512
1833,129.0,16512
1834,129.0,16512
1835,129.0,16512
1836,129.0,16512
1837,129.0,16512
1838,129.0,16512
1839,129.0,16512
1840,129.0,16512
1841,129.0,16512
1842,129.0,16512
1843,129.0,16512
1844,129.0,16512
1845,129.0,16512
1846,129.0,16512
1847,129.0,16512
1848,129.0,16512
1849,129.0,16512
1850,129.0,16512
1851,129.0,16512
1852,129.0,16512
1853,129.0,16512
1854,129.0,16512
1855,129.0,16512
1856,129.0,16512
1857,129.0,16512
1858,129.0,16512
1859,129.0,16512
1860,129.0,16512
1861,129.0,16512
1862,129.0,16512
1863,129.0,16512
1864,129.0,16512
1865,129.0,16512
1866,129.0,16512
1867,129.0,16512
1868,129.0,16512
1869,129.0,16512
1870,129.0,16512
1871,129.0,16512
1872,129.0,16512
1873,129.0,16512
1874,129.0,16512
1875,129.0,16512
1876,129.0,16512
1877,129.0,16512
1878,129.0,16512
1879,129.0,16512
1880,129.0,16512
1881,129.0,16512
1882,129.0,16512
1883,129.0,16512
1884,129.0,16512
1885,129.0,16512
1886,129.0,16512
1887,129.0,16512
1888,129.0,16512
1889,129.0,16512
1890,129.0,16512
1891,129.0,16512
1892,129.0,16512
1893,129.0,16512
1894,129.0,16512
1895,129.0,16512
1896,129.0,16512
1897,129.0,16512
1898,129.0,16512
1899,129.0,16512
1900,129.0,16512
1901,129.0,16512
1902,129.0,16512
1903,129.0,16512
1904,129.0,16512
1905,129.0,16512
1906,129.0,16512
1907,129.0,16512
1908,129.0,16512
1909,129.0,16512
1910,129.0,16512
1911,129.0,16512
1912,129.0,16512
1913,129.0,16512
1914,129.0,16512
1915,129.0,16512
1916,129.0,16512
1917,129.0,16512
1918,129.0,16512
1919,129.0,16512
1920,129.0,16512
1921,129.0,16512
1922,129.0,16512
1923,129.0,16512
1924,129.0,16512
1925,129.0,16512
1926,129.0,16512
1927,129.0,16512
1928,129.0,16512
1929,129.0,16512
1930,129.0,16512
1931,129.0,16512
1932,129.0,16512
1933,129.0,16512
1934,129.0,16512
1935,129.0,16512
1936,129.0,16512
1937,129.0,16512
1938,129.0,16512
1939,129.0,16512
1940,137.0,17536
1941,129.0,16512
1942,129.0,16512
1943,129.0,16512
1944,129.0,16512
1945,129.0,16512
1946,129.0,16512
1947,129.0,16512
1948,129.0,16512
1949,129.0,16512
1950,129.0,16512
1951,129.0,16512
1952,129.0,16512
1953,129.0,16512
1954,129.0,16512
1955,129.0,16512
1956,129.0,16512
1957,129.0,16512
1958,129.0,16512
1959,129.0,16512
1960,129.0,16512
1961,129.0,16512
1962,129.0,16512
1963,129.0,16512
1964,129.0,16512
1965,129.0,16512
1966,129.0,16512
1967,129.0,16512
1968,129.0,16512
1969,129.0,16512
1970,129.0,16512
1971,129.0,16512
1972,129.0,16512
1973,129.0,16512
1974,129.0,16512
1975,129.0,16512
1976,129.0,16512
1977,129.0,16512
1978,129.0,16512
1979,129.0,16512
1980,129.0,16512
1981,129.0,16512
1982,129.0,16512
1983,129.0,16512
1984,129.0,16512
1985,129.0,16512
1986,129.0,16512
1987,129.0,16512
1988,129.0,16512
1989,129.0,16512
1990,129.0,16512
1991,129.0,16512
1992,129.0,16512
1993,129.0,16512
1994,129.0,16512
1995,129.0,16512
1996,129.0,16512
1997,129.0,16512
1998,129.0,16512
1999,129.0,16512
2000,129.0,16512
