RandomSeed,95428,Population size:128,Bit Length:64,Crossover Rate:0,Mutation Rate:0.005
gen,BestFitness,FitnessEval
1,43,5504
2,44,5632
3,44,5632
4,43,5504
5,43,5504
6,41,5248
7,41,5248
8,41,5248
9,41,5248
10,41,5248
11,42,5376
12,41,5248
13,41,5248
14,41,5248
15,41,5248
16,41,5248
17,41,5248
18,40,5120
19,41,5248
20,41,5248
21,41,5248
22,41,5248
23,41,5248
24,41,5248
25,41,5248
26,41,5248
27,42,5376
28,41,5248
29,41,5248
30,41,5248
31,41,5248
32,41,5248
33,42,5376
34,42,5376
35,43,5504
36,43,5504
37,42,5376
38,42,5376
39,40,5120
40,40,5120
41,41,5248
42,42,5376
43,42,5376
44,43,5504
45,43,5504
46,42,5376
47,42,5376
48,42,5376
49,41,5248
50,42,5376
51,42,5376
52,42,5376
53,42,5376
54,43,5504
55,43,5504
56,44,5632
57,44,5632
58,44,5632
59,43,5504
60,43,5504
61,43,5504
62,43,5504
63,43,5504
64,43,5504
65,44,5632
66,44,5632
67,44,5632
68,44,5632
69,44,5632
70,44,5632
71,44,5632
72,44,5632
73,43,5504
74,44,5632
75,45,5760
76,45,5760
77,45,5760
78,45,5760
79,45,5760
80,45,5760
81,45,5760
82,43,5504
83,44,5632
84,45,5760
85,43,5504
86,43,5504
87,42,5376
88,43,5504
89,43,5504
90,43,5504
91,42,5376
92,43,5504
93,44,5632
94,44,5632
95,44,5632
96,44,5632
97,43,5504
98,44,5632
99,44,5632
100,43,5504
101,43,5504
102,43,5504
103,43,5504
104,43,5504
105,43,5504
106,43,5504
107,43,5504
108,42,5376
109,42,5376
110,42,5376
111,42,5376
112,43,5504
113,42,5376
114,42,5376
115,44,5632
116,42,5376
117,43,5504
118,42,5376
119,42,5376
120,43,5504
121,43,5504
122,43,5504
123,44,5632
124,44,5632
125,44,5632
126,46,5888
127,46,5888
128,45,5760
129,46,5888
130,46,5888
131,46,5888
132,46,5888
133,47,6016
134,47,6016
135,47,6016
136,47,6016
137,48,6144
138,48,6144
139,48,6144
140,48,6144
141,48,6144
142,48,6144
143,48,6144
144,48,6144
145,48,6144
146,49,6272
147,47,6016
148,46,5888
149,46,5888
150,46,5888
151,45,5760
152,45,5760
153,45,5760
154,45,5760
155,45,5760
156,45,5760
157,45,5760
158,45,5760
159,46,5888
160,45,5760
161,45,5760
162,44,5632
163,44,5632
164,44,5632
165,44,5632
166,43,5504
167,43,5504
168,43,5504
169,42,5376
170,43,5504
171,43,5504
172,43,5504
173,43,5504
174,43,5504
175,44,5632
176,44,5632
177,45,5760
178,46,5888
179,46,5888
180,45,5760
181,46,5888
182,46,5888
183,46,5888
184,46,5888
185,45,5760
186,45,5760
187,47,6016
188,44,5632
189,44,5632
190,44,5632
191,45,5760
192,45,5760
193,45,5760
194,45,5760
195,45,5760
196,46,5888
197,46,5888
198,46,5888
199,46,5888
200,46,5888
201,47,6016
202,46,5888
203,46,5888
204,47,6016
205,44,5632
206,45,5760
207,44,5632
208,45,5760
209,45,5760
210,46,5888
211,45,5760
212,45,5760
213,45,5760
214,46,5888
215,46,5888
216,45,5760
217,46,5888
218,48,6144
219,46,5888
220,46,5888
221,46,5888
222,46,5888
223,45,5760
224,46,5888
225,46,5888
226,45,5760
227,45,5760
228,46,5888
229,46,5888
230,46,5888
231,46,5888
232,47,6016
233,47,6016
234,47,6016
235,47,6016
236,46,5888
237,46,5888
238,46,5888
239,46,5888
240,46,5888
241,46,5888
242,47,6016
243,48,6144
244,48,6144
245,48,6144
246,48,6144
247,48,6144
248,48,6144
249,47,6016
250,47,6016
251,47,6016
252,47,6016
253,47,6016
254,47,6016
255,46,5888
256,46,5888
257,47,6016
258,45,5760
259,46,5888
260,46,5888
261,46,5888
262,46,5888
263,45,5760
264,44,5632
265,44,5632
266,44,5632
267,44,5632
268,44,5632
269,44,5632
270,44,5632
271,44,5632
272,45,5760
273,45,5760
274,45,5760
275,45,5760
276,44,5632
277,44,5632
278,45,5760
279,45,5760
280,45,5760
281,45,5760
282,44,5632
283,44,5632
284,44,5632
285,44,5632
286,44,5632
287,44,5632
288,45,5760
289,45,5760
290,45,5760
291,45,5760
292,45,5760
293,45,5760
294,45,5760
295,45,5760
296,45,5760
297,46,5888
298,45,5760
299,46,5888
300,46,5888
301,47,6016
302,47,6016
303,47,6016
304,47,6016
305,47,6016
306,48,6144
307,48,6144
308,48,6144
309,48,6144
310,48,6144
311,48,6144
312,47,6016
313,48,6144
314,47,6016
315,49,6272
316,48,6144
317,48,6144
318,48,6144
319,49,6272
320,49,6272
321,49,6272
322,49,6272
323,49,6272
324,49,6272
325,49,6272
326,49,6272
327,50,6400
328,49,6272
329,49,6272
330,50,6400
331,50,6400
332,51,6528
333,52,6656
334,53,6784
335,53,6784
336,49,6272
337,48,6144
338,48,6144
339,48,6144
340,48,6144
341,48,6144
342,48,6144
343,48,6144
344,49,6272
345,49,6272
346,50,6400
347,50,6400
348,50,6400
349,49,6272
350,50,6400
351,48,6144
352,48,6144
353,49,6272
354,49,6272
355,49,6272
356,49,6272
357,49,6272
358,49,6272
359,49,6272
360,48,6144
361,48,6144
362,48,6144
363,48,6144
364,48,6144
365,48,6144
366,48,6144
367,49,6272
368,49,6272
369,49,6272
370,49,6272
371,50,6400
372,50,6400
373,49,6272
374,49,6272
375,50,6400
376,50,6400
377,50,6400
378,50,6400
379,50,6400
380,50,6400
381,50,6400
382,50,6400
383,50,6400
384,51,6528
385,50,6400
386,50,6400
387,49,6272
388,49,6272
389,49,6272
390,49,6272
391,49,6272
392,49,6272
393,49,6272
394,49,6272
395,49,6272
396,49,6272
397,49,6272
398,49,6272
399,48,6144
400,48,6144
401,48,6144
402,48,6144
403,48,6144
404,47,6016
405,46,5888
406,47,6016
407,47,6016
408,47,6016
409,47,6016
410,48,6144
411,48,6144
412,48,6144
413,48,6144
414,48,6144
415,48,6144
416,46,5888
417,46,5888
418,46,5888
419,46,5888
420,46,5888
421,46,5888
422,47,6016
423,47,6016
424,47,6016
425,46,5888
426,46,5888
427,46,5888
428,46,5888
429,46,5888
430,47,6016
431,48,6144
432,47,6016
433,47,6016
434,46,5888
435,46,5888
436,46,5888
437,47,6016
438,47,6016
439,47,6016
440,47,6016
441,47,6016
442,47,6016
443,47,6016
444,47,6016
445,47,6016
446,47,6016
447,48,6144
448,48,6144
449,47,6016
450,46,5888
451,48,6144
452,47,6016
453,49,6272
454,46,5888
455,46,5888
456,46,5888
457,46,5888
458,46,5888
459,45,5760
460,45,5760
461,46,5888
462,46,5888
463,47,6016
464,47,6016
465,47,6016
466,47,6016
467,47,6016
468,47,6016
469,47,6016
470,48,6144
471,48,6144
472,48,6144
473,48,6144
474,48,6144
475,48,6144
476,48,6144
477,48,6144
478,48,6144
479,48,6144
480,48,6144
481,48,6144
482,49,6272
483,49,6272
484,48,6144
485,48,6144
486,48,6144
487,48,6144
488,49,6272
489,48,6144
490,48,6144
491,48,6144
492,49,6272
493,49,6272
494,49,6272
495,49,6272
496,49,6272
497,49,6272
498,49,6272
499,49,6272
500,49,6272
501,50,6400
502,49,6272
503,49,6272
504,51,6528
505,51,6528
506,51,6528
507,51,6528
508,52,6656
509,50,6400
510,49,6272
511,50,6400
512,50,6400
513,50,6400
514,50,6400
515,50,6400
516,50,6400
517,51,6528
518,51,6528
519,51,6528
520,50,6400
521,51,6528
522,51,6528
523,51,6528
524,49,6272
525,49,6272
526,49,6272
527,50,6400
528,49,6272
529,49,6272
530,49,6272
531,49,6272
532,49,6272
533,49,6272
534,49,6272
535,49,6272
536,50,6400
537,50,6400
538,51,6528
539,52,6656
540,52,6656
541,52,6656
542,52,6656
543,52,6656
544,52,6656
545,52,6656
546,52,6656
547,52,6656
548,52,6656
549,52,6656
550,53,6784
551,52,6656
552,52,6656
553,52,6656
554,52,6656
555,52,6656
556,52,6656
557,53,6784
558,53,6784
559,54,6912
560,54,6912
561,53,6784
562,53,6784
563,53,6784
564,53,6784
565,53,6784
566,53,6784
567,52,6656
568,53,6784
569,53,6784
570,54,6912
571,54,6912
572,55,7040
573,55,7040
574,52,6656
575,52,6656
576,52,6656
577,52,6656
578,51,6528
579,51,6528
580,50,6400
581,49,6272
582,50,6400
583,50,6400
584,50,6400
585,50,6400
586,50,6400
587,50,6400
588,50,6400
589,50,6400
590,50,6400
591,50,6400
592,50,6400
593,49,6272
594,48,6144
595,49,6272
596,48,6144
597,49,6272
598,49,6272
599,49,6272
600,49,6272
601,50,6400
602,50,6400
603,50,6400
604,49,6272
605,49,6272
606,50,6400
607,50,6400
608,49,6272
609,49,6272
610,50,6400
611,50,6400
612,50,6400
613,50,6400
614,50,6400
615,50,6400
616,51,6528
617,50,6400
618,50,6400
619,50,6400
620,50,6400
621,51,6528
622,51,6528
623,51,6528
624,52,6656
625,52,6656
626,52,6656
627,53,6784
628,52,6656
629,52,6656
630,52,6656
631,52,6656
632,52,6656
633,51,6528
634,51,6528
635,51,6528
636,51,6528
637,51,6528
638,52,6656
639,51,6528
640,52,6656
641,52,6656
642,52,6656
643,53,6784
644,53,6784
645,54,6912
646,53,6784
647,53,6784
648,54,6912
649,54,6912
650,54,6912
651,54,6912
652,54,6912
653,54,6912
654,54,6912
655,53,6784
656,53,6784
657,53,6784
658,52,6656
659,52,6656
660,52,6656
661,52,6656
662,52,6656
663,49,6272
664,49,6272
665,50,6400
666,50,6400
667,50,6400
668,50,6400
669,50,6400
670,50,6400
671,49,6272
672,48,6144
673,49,6272
674,48,6144
675,48,6144
676,48,6144
677,48,6144
678,48,6144
679,48,6144
680,48,6144
681,48,6144
682,48,6144
683,48,6144
684,49,6272
685,49,6272
686,48,6144
687,48,6144
688,48,6144
689,48,6144
690,48,6144
691,48,6144
692,47,6016
693,47,6016
694,46,5888
695,46,5888
696,46,5888
697,47,6016
698,46,5888
699,47,6016
700,48,6144
701,48,6144
702,48,6144
703,48,6144
704,47,6016
705,47,6016
706,48,6144
707,47,6016
708,48,6144
709,47,6016
710,47,6016
711,47,6016
712,48,6144
713,48,6144
714,48,6144
715,48,6144
716,48,6144
717,48,6144
718,48,6144
719,49,6272
720,49,6272
721,49,6272
722,49,6272
723,49,6272
724,49,6272
725,49,6272
726,48,6144
727,49,6272
728,49,6272
729,49,6272
730,49,6272
731,49,6272
732,49,6272
733,50,6400
734,50,6400
735,50,6400
736,48,6144
737,48,6144
738,48,6144
739,48,6144
740,49,6272
741,49,6272
742,49,6272
743,49,6272
744,49,6272
745,49,6272
746,48,6144
747,48,6144
748,48,6144
749,49,6272
750,49,6272
751,48,6144
752,48,6144
753,48,6144
754,48,6144
755,48,6144
756,48,6144
757,48,6144
758,48,6144
759,48,6144
760,48,6144
761,48,6144
762,48,6144
763,47,6016
764,48,6144
765,48,6144
766,48,6144
767,47,6016
768,48,6144
769,47,6016
770,47,6016
771,47,6016
772,47,6016
773,47,6016
774,47,6016
775,47,6016
776,47,6016
777,47,6016
778,47,6016
779,47,6016
780,47,6016
781,47,6016
782,47,6016
783,47,6016
784,47,6016
785,47,6016
786,48,6144
787,48,6144
788,48,6144
789,49,6272
790,49,6272
791,49,6272
792,49,6272
793,50,6400
794,50,6400
795,51,6528
796,50,6400
797,49,6272
798,49,6272
799,50,6400
800,49,6272
801,49,6272
802,49,6272
803,48,6144
804,48,6144
805,48,6144
806,48,6144
807,49,6272
808,49,6272
809,49,6272
810,49,6272
811,50,6400
812,50,6400
813,50,6400
814,50,6400
815,50,6400
816,50,6400
817,51,6528
818,49,6272
819,50,6400
820,49,6272
821,50,6400
822,50,6400
823,49,6272
824,49,6272
825,49,6272
826,49,6272
827,49,6272
828,49,6272
829,49,6272
830,50,6400
831,50,6400
832,50,6400
833,50,6400
834,50,6400
835,50,6400
836,50,6400
837,50,6400
838,50,6400
839,50,6400
840,50,6400
841,50,6400
842,50,6400
843,50,6400
844,50,6400
845,50,6400
846,49,6272
847,50,6400
848,51,6528
849,50,6400
850,50,6400
851,50,6400
852,51,6528
853,50,6400
854,49,6272
855,49,6272
856,48,6144
857,49,6272
858,49,6272
859,49,6272
860,49,6272
861,49,6272
862,49,6272
863,49,6272
864,49,6272
865,49,6272
866,49,6272
867,49,6272
868,49,6272
869,50,6400
870,50,6400
871,51,6528
872,51,6528
873,50,6400
874,50,6400
875,49,6272
876,49,6272
877,49,6272
878,50,6400
879,50,6400
880,50,6400
881,50,6400
882,49,6272
883,49,6272
884,49,6272
885,48,6144
886,48,6144
887,48,6144
888,48,6144
889,48,6144
890,48,6144
891,48,6144
892,48,6144
893,47,6016
894,48,6144
895,48,6144
896,48,6144
897,48,6144
898,49,6272
899,49,6272
900,49,6272
901,47,6016
902,47,6016
903,47,6016
904,48,6144
905,46,5888
906,48,6144
907,47,6016
908,47,6016
909,49,6272
910,48,6144
911,48,6144
912,48,6144
913,48,6144
914,48,6144
915,48,6144
916,48,6144
917,48,6144
918,48,6144
919,48,6144
920,48,6144
921,48,6144
922,48,6144
923,49,6272
924,50,6400
925,48,6144
926,48,6144
927,48,6144
928,49,6272
929,48,6144
930,49,6272
931,49,6272
932,49,6272
933,49,6272
934,48,6144
935,48,6144
936,48,6144
937,48,6144
938,48,6144
939,48,6144
940,48,6144
941,48,6144
942,47,6016
943,47,6016
944,47,6016
945,47,6016
946,48,6144
947,47,6016
948,47,6016
949,47,6016
950,48,6144
951,49,6272
952,49,6272
953,48,6144
954,48,6144
955,49,6272
956,50,6400
957,50,6400
958,50,6400
959,50,6400
960,50,6400
961,50,6400
962,51,6528
963,50,6400
964,50,6400
965,49,6272
966,50,6400
967,50,6400
968,51,6528
969,51,6528
970,52,6656
971,52,6656
972,52,6656
973,52,6656
974,52,6656
975,52,6656
976,52,6656
977,52,6656
978,51,6528
979,52,6656
980,52,6656
981,52,6656
982,50,6400
983,50,6400
984,50,6400
985,51,6528
986,51,6528
987,51,6528
988,51,6528
989,50,6400
990,51,6528
991,51,6528
992,52,6656
993,52,6656
994,51,6528
995,51,6528
996,52,6656
997,50,6400
998,50,6400
999,51,6528
1000,50,6400
1001,50,6400
1002,51,6528
1003,51,6528
1004,52,6656
1005,51,6528
1006,50,6400
1007,50,6400
1008,51,6528
1009,51,6528
1010,50,6400
1011,50,6400
1012,50,6400
1013,49,6272
1014,50,6400
1015,50,6400
1016,50,6400
1017,49,6272
1018,49,6272
1019,50,6400
1020,50,6400
1021,49,6272
1022,49,6272
1023,49,6272
1024,50,6400
1025,49,6272
1026,50,6400
1027,49,6272
1028,49,6272
1029,49,6272
1030,49,6272
1031,50,6400
1032,50,6400
1033,50,6400
1034,50,6400
1035,50,6400
1036,50,6400
1037,50,6400
1038,50,6400
1039,50,6400
1040,49,6272
1041,49,6272
1042,49,6272
1043,50,6400
1044,50,6400
1045,49,6272
1046,49,6272
1047,49,6272
1048,49,6272
1049,49,6272
1050,49,6272
1051,49,6272
1052,49,6272
1053,49,6272
1054,49,6272
1055,49,6272
1056,49,6272
1057,49,6272
1058,49,6272
1059,49,6272
1060,48,6144
1061,48,6144
1062,48,6144
1063,48,6144
1064,48,6144
1065,48,6144
1066,48,6144
1067,49,6272
1068,49,6272
1069,49,6272
1070,49,6272
1071,49,6272
1072,49,6272
1073,49,6272
1074,49,6272
1075,49,6272
1076,49,6272
1077,49,6272
1078,49,6272
1079,49,6272
1080,49,6272
1081,50,6400
1082,49,6272
1083,49,6272
1084,49,6272
1085,49,6272
1086,47,6016
1087,48,6144
1088,48,6144
1089,48,6144
1090,48,6144
1091,48,6144
1092,48,6144
1093,48,6144
1094,48,6144
1095,48,6144
1096,48,6144
1097,48,6144
1098,49,6272
1099,48,6144
1100,47,6016
1101,47,6016
1102,47,6016
1103,48,6144
1104,48,6144
1105,48,6144
1106,48,6144
1107,48,6144
1108,48,6144
1109,47,6016
1110,45,5760
1111,45,5760
1112,45,5760
1113,46,5888
1114,45,5760
1115,45,5760
1116,45,5760
1117,45,5760
1118,45,5760
1119,45,5760
1120,45,5760
1121,45,5760
1122,44,5632
1123,45,5760
1124,45,5760
1125,45,5760
1126,45,5760
1127,45,5760
1128,46,5888
1129,46,5888
1130,44,5632
1131,46,5888
1132,45,5760
1133,44,5632
1134,45,5760
1135,45,5760
1136,44,5632
1137,45,5760
1138,44,5632
1139,44,5632
1140,45,5760
1141,44,5632
1142,45,5760
1143,44,5632
1144,44,5632
1145,46,5888
1146,44,5632
1147,44,5632
1148,44,5632
1149,44,5632
1150,44,5632
1151,44,5632
1152,44,5632
1153,44,5632
1154,44,5632
1155,43,5504
1156,44,5632
1157,44,5632
1158,44,5632
1159,44,5632
1160,44,5632
1161,44,5632
1162,44,5632
1163,43,5504
1164,44,5632
1165,43,5504
1166,43,5504
1167,43,5504
1168,43,5504
1169,42,5376
1170,43,5504
1171,43,5504
1172,43,5504
1173,44,5632
1174,44,5632
1175,44,5632
1176,45,5760
1177,45,5760
1178,44,5632
1179,44,5632
1180,44,5632
1181,46,5888
1182,46,5888
1183,46,5888
1184,46,5888
1185,45,5760
1186,46,5888
1187,47,6016
1188,47,6016
1189,48,6144
1190,48,6144
1191,47,6016
1192,47,6016
1193,47,6016
1194,47,6016
1195,47,6016
1196,46,5888
1197,45,5760
1198,44,5632
1199,45,5760
1200,45,5760
1201,46,5888
1202,46,5888
1203,47,6016
1204,47,6016
1205,48,6144
1206,48,6144
1207,48,6144
1208,48,6144
1209,48,6144
1210,48,6144
1211,48,6144
1212,49,6272
1213,49,6272
1214,49,6272
1215,49,6272
1216,49,6272
1217,49,6272
1218,49,6272
1219,49,6272
1220,49,6272
1221,49,6272
1222,50,6400
1223,50,6400
1224,50,6400
1225,48,6144
1226,48,6144
1227,48,6144
1228,47,6016
1229,47,6016
1230,47,6016
1231,47,6016
1232,47,6016
1233,47,6016
1234,47,6016
1235,47,6016
1236,47,6016
1237,47,6016
1238,48,6144
1239,47,6016
1240,46,5888
1241,46,5888
1242,46,5888
1243,46,5888
1244,47,6016
1245,48,6144
1246,47,6016
1247,47,6016
1248,47,6016
1249,47,6016
1250,48,6144
1251,47,6016
1252,47,6016
1253,48,6144
1254,47,6016
1255,47,6016
1256,47,6016
1257,47,6016
1258,48,6144
1259,46,5888
1260,46,5888
1261,46,5888
1262,47,6016
1263,47,6016
1264,47,6016
1265,48,6144
1266,48,6144
1267,48,6144
1268,49,6272
1269,48,6144
1270,48,6144
1271,49,6272
1272,49,6272
1273,49,6272
1274,49,6272
1275,48,6144
1276,48,6144
1277,49,6272
1278,49,6272
1279,50,6400
1280,49,6272
1281,49,6272
1282,49,6272
1283,50,6400
1284,50,6400
1285,51,6528
1286,51,6528
1287,51,6528
1288,52,6656
1289,51,6528
1290,51,6528
1291,50,6400
1292,50,6400
1293,50,6400
1294,50,6400
1295,50,6400
1296,51,6528
1297,50,6400
1298,50,6400
1299,50,6400
1300,50,6400
1301,50,6400
1302,50,6400
1303,50,6400
1304,51,6528
1305,51,6528
1306,50,6400
1307,50,6400
1308,50,6400
1309,50,6400
1310,50,6400
1311,50,6400
1312,48,6144
1313,49,6272
1314,48,6144
1315,49,6272
1316,49,6272
1317,49,6272
1318,48,6144
1319,49,6272
1320,49,6272
1321,48,6144
1322,48,6144
1323,48,6144
1324,48,6144
1325,49,6272
1326,49,6272
1327,49,6272
1328,50,6400
1329,50,6400
1330,50,6400
1331,50,6400
1332,50,6400
1333,50,6400
1334,50,6400
1335,50,6400
1336,51,6528
1337,51,6528
1338,51,6528
1339,51,6528
1340,51,6528
1341,51,6528
1342,51,6528
1343,51,6528
1344,51,6528
1345,52,6656
1346,51,6528
1347,51,6528
1348,51,6528
1349,51,6528
1350,51,6528
1351,51,6528
1352,51,6528
1353,51,6528
1354,51,6528
1355,51,6528
1356,51,6528
1357,51,6528
1358,51,6528
1359,51,6528
1360,52,6656
1361,52,6656
1362,52,6656
1363,52,6656
1364,52,6656
1365,51,6528
1366,51,6528
1367,51,6528
1368,51,6528
1369,52,6656
1370,51,6528
1371,52,6656
1372,52,6656
1373,52,6656
1374,52,6656
1375,52,6656
1376,52,6656
1377,52,6656
1378,52,6656
1379,52,6656
1380,53,6784
1381,53,6784
1382,53,6784
1383,53,6784
1384,53,6784
1385,53,6784
1386,54,6912
1387,54,6912
1388,55,7040
1389,55,7040
1390,55,7040
1391,55,7040
1392,55,7040
1393,55,7040
1394,55,7040
1395,56,7168
1396,56,7168
1397,56,7168
1398,56,7168
1399,56,7168
1400,56,7168
1401,56,7168
1402,57,7296
1403,57,7296
1404,57,7296
1405,57,7296
1406,57,7296
1407,57,7296
1408,57,7296
1409,57,7296
1410,56,7168
1411,56,7168
1412,57,7296
1413,56,7168
1414,56,7168
1415,57,7296
1416,56,7168
1417,56,7168
1418,56,7168
1419,56,7168
1420,56,7168
1421,56,7168
1422,56,7168
1423,56,7168
1424,56,7168
1425,56,7168
1426,56,7168
1427,56,7168
1428,56,7168
1429,54,6912
1430,54,6912
1431,54,6912
1432,54,6912
1433,54,6912
1434,54,6912
1435,54,6912
1436,54,6912
1437,54,6912
1438,54,6912
1439,54,6912
1440,54,6912
1441,54,6912
1442,54,6912
1443,54,6912
1444,54,6912
1445,54,6912
1446,54,6912
1447,54,6912
1448,54,6912
1449,54,6912
1450,54,6912
1451,54,6912
1452,54,6912
1453,54,6912
1454,54,6912
1455,54,6912
1456,53,6784
1457,53,6784
1458,53,6784
1459,53,6784
1460,53,6784
1461,52,6656
1462,52,6656
1463,52,6656
1464,52,6656
1465,52,6656
1466,52,6656
1467,52,6656
1468,51,6528
1469,51,6528
1470,52,6656
1471,52,6656
1472,52,6656
1473,52,6656
1474,51,6528
1475,51,6528
1476,52,6656
1477,53,6784
1478,53,6784
1479,53,6784
1480,53,6784
1481,51,6528
1482,51,6528
1483,52,6656
1484,51,6528
1485,52,6656
1486,52,6656
1487,52,6656
1488,51,6528
1489,52,6656
1490,52,6656
1491,53,6784
1492,53,6784
1493,51,6528
1494,51,6528
1495,51,6528
1496,51,6528
1497,53,6784
1498,53,6784
1499,53,6784
1500,53,6784
1501,54,6912
1502,53,6784
1503,51,6528
1504,51,6528
1505,52,6656
1506,53,6784
1507,53,6784
1508,53,6784
1509,52,6656
1510,52,6656
1511,52,6656
1512,52,6656
1513,52,6656
1514,51,6528
1515,51,6528
1516,51,6528
1517,51,6528
1518,50,6400
1519,50,6400
1520,50,6400
1521,50,6400
1522,50,6400
1523,50,6400
1524,50,6400
1525,49,6272
1526,49,6272
1527,49,6272
1528,50,6400
1529,49,6272
1530,50,6400
1531,50,6400
1532,51,6528
1533,51,6528
1534,51,6528
1535,50,6400
1536,50,6400
1537,50,6400
1538,50,6400
1539,51,6528
1540,50,6400
1541,51,6528
1542,51,6528
1543,51,6528
1544,51,6528
1545,52,6656
1546,52,6656
1547,51,6528
1548,51,6528
1549,52,6656
1550,52,6656
1551,51,6528
1552,51,6528
1553,51,6528
1554,51,6528
1555,51,6528
1556,51,6528
1557,51,6528
1558,51,6528
1559,51,6528
1560,51,6528
1561,51,6528
1562,51,6528
1563,51,6528
1564,51,6528
1565,51,6528
1566,50,6400
1567,50,6400
1568,50,6400
1569,50,6400
1570,50,6400
1571,51,6528
1572,50,6400
1573,51,6528
1574,51,6528
1575,51,6528
1576,51,6528
1577,51,6528
1578,52,6656
1579,52,6656
1580,52,6656
1581,52,6656
1582,51,6528
1583,52,6656
1584,52,6656
1585,52,6656
1586,52,6656
1587,53,6784
1588,53,6784
1589,53,6784
1590,52,6656
1591,52,6656
1592,52,6656
1593,52,6656
1594,52,6656
1595,52,6656
1596,52,6656
1597,52,6656
1598,52,6656
1599,51,6528
1600,51,6528
1601,51,6528
1602,50,6400
1603,50,6400
1604,50,6400
1605,51,6528
1606,50,6400
1607,50,6400
1608,50,6400
1609,51,6528
1610,49,6272
1611,49,6272
1612,49,6272
1613,50,6400
1614,50,6400
1615,50,6400
1616,50,6400
1617,48,6144
1618,48,6144
1619,48,6144
1620,48,6144
1621,48,6144
1622,48,6144
1623,48,6144
1624,48,6144
1625,48,6144
1626,48,6144
1627,48,6144
1628,48,6144
1629,49,6272
1630,49,6272
1631,49,6272
1632,49,6272
1633,49,6272
1634,50,6400
1635,49,6272
1636,49,6272
1637,50,6400
1638,49,6272
1639,49,6272
1640,49,6272
1641,50,6400
1642,50,6400
1643,50,6400
1644,49,6272
1645,50,6400
1646,50,6400
1647,50,6400
1648,50,6400
1649,50,6400
1650,49,6272
1651,50,6400
1652,49,6272
1653,48,6144
1654,48,6144
1655,49,6272
1656,49,6272
1657,48,6144
1658,48,6144
1659,48,6144
1660,49,6272
1661,49,6272
1662,49,6272
1663,47,6016
1664,47,6016
1665,47,6016
1666,47,6016
1667,46,5888
1668,47,6016
1669,46,5888
1670,46,5888
1671,47,6016
1672,48,6144
1673,47,6016
1674,47,6016
1675,47,6016
1676,47,6016
1677,48,6144
1678,49,6272
1679,49,6272
1680,48,6144
1681,49,6272
1682,49,6272
1683,50,6400
1684,50,6400
1685,50,6400
1686,50,6400
1687,50,6400
1688,48,6144
1689,48,6144
1690,49,6272
1691,49,6272
1692,50,6400
1693,50,6400
1694,50,6400
1695,50,6400
1696,50,6400
1697,50,6400
1698,49,6272
1699,49,6272
1700,49,6272
1701,49,6272
1702,50,6400
1703,49,6272
1704,50,6400
1705,49,6272
1706,49,6272
1707,49,6272
1708,49,6272
1709,49,6272
1710,49,6272
1711,49,6272
1712,49,6272
1713,49,6272
1714,49,6272
1715,48,6144
1716,49,6272
1717,49,6272
1718,49,6272
1719,49,6272
1720,49,6272
1721,49,6272
1722,50,6400
1723,50,6400
1724,50,6400
1725,50,6400
1726,51,6528
1727,50,6400
1728,51,6528
1729,51,6528
1730,51,6528
1731,49,6272
1732,49,6272
1733,50,6400
1734,50,6400
1735,51,6528
1736,50,6400
1737,50,6400
1738,50,6400
1739,50,6400
1740,51,6528
1741,51,6528
1742,52,6656
1743,52,6656
1744,52,6656
1745,52,6656
1746,52,6656
1747,52,6656
1748,51,6528
1749,51,6528
1750,51,6528
1751,51,6528
1752,51,6528
1753,50,6400
1754,50,6400
1755,50,6400
1756,51,6528
1757,51,6528
1758,51,6528
1759,51,6528
1760,51,6528
1761,53,6784
1762,49,6272
1763,50,6400
1764,50,6400
1765,50,6400
1766,49,6272
1767,49,6272
1768,50,6400
1769,50,6400
1770,50,6400
1771,50,6400
1772,50,6400
1773,51,6528
1774,50,6400
1775,50,6400
1776,50,6400
1777,50,6400
1778,50,6400
1779,50,6400
1780,50,6400
1781,47,6016
1782,47,6016
1783,47,6016
1784,48,6144
1785,48,6144
1786,48,6144
1787,48,6144
1788,47,6016
1789,47,6016
1790,47,6016
1791,48,6144
1792,48,6144
1793,48,6144
1794,48,6144
1795,48,6144
1796,48,6144
1797,48,6144
1798,48,6144
1799,48,6144
1800,48,6144
1801,48,6144
1802,48,6144
1803,48,6144
1804,48,6144
1805,48,6144
1806,48,6144
1807,48,6144
1808,49,6272
1809,49,6272
1810,49,6272
1811,49,6272
1812,49,6272
1813,50,6400
1814,50,6400
1815,50,6400
1816,50,6400
1817,50,6400
1818,50,6400
1819,50,6400
1820,50,6400
1821,49,6272
1822,49,6272
1823,49,6272
1824,48,6144
1825,49,6272
1826,49,6272
1827,50,6400
1828,50,6400
1829,50,6400
1830,49,6272
1831,51,6528
1832,51,6528
1833,50,6400
1834,49,6272
1835,50,6400
1836,50,6400
1837,50,6400
1838,50,6400
1839,50,6400
1840,49,6272
1841,49,6272
1842,48,6144
1843,48,6144
1844,49,6272
1845,49,6272
1846,48,6144
1847,48,6144
1848,48,6144
1849,48,6144
1850,48,6144
1851,49,6272
1852,49,6272
1853,49,6272
1854,49,6272
1855,49,6272
1856,49,6272
1857,48,6144
1858,48,6144
1859,48,6144
1860,48,6144
1861,48,6144
1862,48,6144
1863,48,6144
1864,49,6272
1865,49,6272
1866,49,6272
1867,48,6144
1868,49,6272
1869,49,6272
1870,49,6272
1871,47,6016
1872,47,6016
1873,48,6144
1874,48,6144
1875,48,6144
1876,48,6144
1877,48,6144
1878,48,6144
1879,48,6144
1880,48,6144
1881,48,6144
1882,48,6144
1883,49,6272
1884,47,6016
1885,46,5888
1886,46,5888
1887,46,5888
1888,47,6016
1889,47,6016
1890,46,5888
1891,46,5888
1892,46,5888
1893,46,5888
1894,46,5888
1895,46,5888
1896,46,5888
1897,47,6016
1898,47,6016
1899,48,6144
1900,47,6016
1901,46,5888
1902,46,5888
1903,46,5888
1904,46,5888
1905,46,5888
1906,47,6016
1907,47,6016
1908,47,6016
1909,47,6016
1910,47,6016
1911,47,6016
1912,47,6016
1913,47,6016
1914,47,6016
1915,48,6144
1916,48,6144
1917,48,6144
1918,47,6016
1919,48,6144
1920,47,6016
1921,47,6016
1922,47,6016
1923,48,6144
1924,48,6144
1925,48,6144
1926,48,6144
1927,48,6144
1928,48,6144
1929,47,6016
1930,46,5888
1931,46,5888
1932,46,5888
1933,45,5760
1934,46,5888
1935,46,5888
1936,46,5888
1937,47,6016
1938,47,6016
1939,47,6016
1940,47,6016
1941,47,6016
1942,47,6016
1943,47,6016
1944,48,6144
1945,49,6272
1946,49,6272
1947,49,6272
1948,49,6272
1949,47,6016
1950,47,6016
1951,47,6016
1952,48,6144
1953,47,6016
1954,47,6016
1955,47,6016
1956,47,6016
1957,47,6016
1958,47,6016
1959,47,6016
1960,47,6016
1961,47,6016
1962,48,6144
1963,48,6144
1964,48,6144
1965,48,6144
1966,48,6144
1967,48,6144
1968,48,6144
1969,48,6144
1970,46,5888
1971,46,5888
1972,46,5888
1973,47,6016
1974,46,5888
1975,47,6016
1976,47,6016
1977,47,6016
1978,47,6016
1979,47,6016
1980,48,6144
1981,48,6144
1982,48,6144
1983,48,6144
1984,48,6144
1985,48,6144
1986,48,6144
1987,48,6144
1988,48,6144
1989,48,6144
1990,48,6144
1991,49,6272
1992,49,6272
1993,49,6272
1994,50,6400
1995,49,6272
1996,48,6144
1997,48,6144
1998,48,6144
1999,48,6144
2000,48,6144
