RandomSeed,76944,Population size:128,Bit Length:64,Crossover Rate:0,Mutation Rate:0.005
gen,BestFitness,FitnessEval
1,40,5120
2,38,4864
3,39,4992
4,38,4864
5,39,4992
6,39,4992
7,39,4992
8,40,5120
9,41,5248
10,40,5120
11,40,5120
12,42,5376
13,40,5120
14,39,4992
15,39,4992
16,39,4992
17,40,5120
18,40,5120
19,40,5120
20,40,5120
21,40,5120
22,40,5120
23,40,5120
24,40,5120
25,40,5120
26,40,5120
27,40,5120
28,40,5120
29,40,5120
30,41,5248
31,41,5248
32,41,5248
33,41,5248
34,42,5376
35,42,5376
36,41,5248
37,42,5376
38,42,5376
39,43,5504
40,42,5376
41,42,5376
42,42,5376
43,42,5376
44,41,5248
45,41,5248
46,40,5120
47,40,5120
48,41,5248
49,41,5248
50,41,5248
51,40,5120
52,40,5120
53,40,5120
54,40,5120
55,40,5120
56,40,5120
57,40,5120
58,40,5120
59,40,5120
60,40,5120
61,40,5120
62,40,5120
63,40,5120
64,41,5248
65,42,5376
66,41,5248
67,41,5248
68,41,5248
69,41,5248
70,40,5120
71,41,5248
72,41,5248
73,41,5248
74,41,5248
75,41,5248
76,41,5248
77,42,5376
78,42,5376
79,42,5376
80,42,5376
81,43,5504
82,41,5248
83,41,5248
84,41,5248
85,41,5248
86,42,5376
87,42,5376
88,42,5376
89,42,5376
90,42,5376
91,44,5632
92,44,5632
93,44,5632
94,44,5632
95,44,5632
96,44,5632
97,44,5632
98,45,5760
99,45,5760
100,46,5888
101,44,5632
102,45,5760
103,45,5760
104,46,5888
105,44,5632
106,44,5632
107,45,5760
108,46,5888
109,46,5888
110,46,5888
111,46,5888
112,46,5888
113,46,5888
114,46,5888
115,46,5888
116,47,6016
117,46,5888
118,46,5888
119,46,5888
120,47,6016
121,47,6016
122,47,6016
123,47,6016
124,48,6144
125,47,6016
126,47,6016
127,46,5888
128,46,5888
129,47,6016
130,45,5760
131,46,5888
132,46,5888
133,45,5760
134,45,5760
135,45,5760
136,46,5888
137,45,5760
138,46,5888
139,46,5888
140,46,5888
141,46,5888
142,46,5888
143,47,6016
144,47,6016
145,47,6016
146,47,6016
147,47,6016
148,48,6144
149,48,6144
150,48,6144
151,45,5760
152,45,5760
153,45,5760
154,46,5888
155,45,5760
156,45,5760
157,46,5888
158,46,5888
159,46,5888
160,46,5888
161,46,5888
162,47,6016
163,47,6016
164,45,5760
165,45,5760
166,44,5632
167,45,5760
168,46,5888
169,46,5888
170,45,5760
171,45,5760
172,45,5760
173,45,5760
174,45,5760
175,46,5888
176,47,6016
177,47,6016
178,47,6016
179,47,6016
180,48,6144
181,48,6144
182,48,6144
183,48,6144
184,48,6144
185,48,6144
186,48,6144
187,48,6144
188,48,6144
189,46,5888
190,47,6016
191,47,6016
192,47,6016
193,47,6016
194,47,6016
195,46,5888
196,46,5888
197,45,5760
198,45,5760
199,46,5888
200,46,5888
201,45,5760
202,45,5760
203,45,5760
204,46,5888
205,46,5888
206,46,5888
207,46,5888
208,46,5888
209,46,5888
210,46,5888
211,46,5888
212,46,5888
213,46,5888
214,47,6016
215,47,6016
216,47,6016
217,48,6144
218,48,6144
219,48,6144
220,48,6144
221,48,6144
222,48,6144
223,48,6144
224,48,6144
225,48,6144
226,49,6272
227,49,6272
228,49,6272
229,48,6144
230,48,6144
231,48,6144
232,48,6144
233,48,6144
234,49,6272
235,49,6272
236,49,6272
237,49,6272
238,49,6272
239,49,6272
240,50,6400
241,50,6400
242,50,6400
243,49,6272
244,49,6272
245,49,6272
246,49,6272
247,49,6272
248,50,6400
249,49,6272
250,49,6272
251,49,6272
252,49,6272
253,49,6272
254,50,6400
255,50,6400
256,50,6400
257,51,6528
258,51,6528
259,50,6400
260,49,6272
261,49,6272
262,49,6272
263,49,6272
264,49,6272
265,49,6272
266,49,6272
267,49,6272
268,48,6144
269,48,6144
270,48,6144
271,48,6144
272,48,6144
273,48,6144
274,47,6016
275,48,6144
276,48,6144
277,48,6144
278,47,6016
279,48,6144
280,48,6144
281,48,6144
282,47,6016
283,48,6144
284,48,6144
285,48,6144
286,49,6272
287,49,6272
288,48,6144
289,48,6144
290,48,6144
291,48,6144
292,49,6272
293,49,6272
294,49,6272
295,49,6272
296,49,6272
297,49,6272
298,48,6144
299,48,6144
300,48,6144
301,48,6144
302,48,6144
303,49,6272
304,49,6272
305,49,6272
306,49,6272
307,50,6400
308,50,6400
309,50,6400
310,50,6400
311,49,6272
312,49,6272
313,49,6272
314,49,6272
315,49,6272
316,48,6144
317,48,6144
318,48,6144
319,48,6144
320,48,6144
321,48,6144
322,48,6144
323,48,6144
324,48,6144
325,49,6272
326,49,6272
327,47,6016
328,47,6016
329,47,6016
330,47,6016
331,47,6016
332,47,6016
333,48,6144
334,48,6144
335,48,6144
336,46,5888
337,46,5888
338,46,5888
339,46,5888
340,47,6016
341,46,5888
342,46,5888
343,46,5888
344,46,5888
345,47,6016
346,47,6016
347,47,6016
348,48,6144
349,49,6272
350,46,5888
351,47,6016
352,46,5888
353,46,5888
354,46,5888
355,46,5888
356,47,6016
357,47,6016
358,47,6016
359,46,5888
360,46,5888
361,46,5888
362,46,5888
363,46,5888
364,46,5888
365,46,5888
366,46,5888
367,46,5888
368,46,5888
369,47,6016
370,46,5888
371,46,5888
372,46,5888
373,46,5888
374,46,5888
375,45,5760
376,46,5888
377,45,5760
378,45,5760
379,45,5760
380,46,5888
381,46,5888
382,46,5888
383,45,5760
384,45,5760
385,45,5760
386,45,5760
387,45,5760
388,46,5888
389,46,5888
390,46,5888
391,47,6016
392,46,5888
393,46,5888
394,46,5888
395,46,5888
396,44,5632
397,44,5632
398,44,5632
399,44,5632
400,44,5632
401,44,5632
402,44,5632
403,44,5632
404,45,5760
405,46,5888
406,45,5760
407,45,5760
408,46,5888
409,46,5888
410,46,5888
411,46,5888
412,46,5888
413,45,5760
414,46,5888
415,47,6016
416,46,5888
417,46,5888
418,46,5888
419,46,5888
420,46,5888
421,46,5888
422,46,5888
423,46,5888
424,45,5760
425,45,5760
426,45,5760
427,46,5888
428,46,5888
429,47,6016
430,47,6016
431,47,6016
432,47,6016
433,47,6016
434,47,6016
435,47,6016
436,47,6016
437,47,6016
438,47,6016
439,48,6144
440,48,6144
441,48,6144
442,48,6144
443,48,6144
444,48,6144
445,48,6144
446,48,6144
447,48,6144
448,47,6016
449,47,6016
450,48,6144
451,47,6016
452,46,5888
453,47,6016
454,46,5888
455,46,5888
456,47,6016
457,47,6016
458,47,6016
459,47,6016
460,47,6016
461,47,6016
462,47,6016
463,47,6016
464,48,6144
465,47,6016
466,48,6144
467,47,6016
468,47,6016
469,48,6144
470,47,6016
471,47,6016
472,48,6144
473,49,6272
474,50,6400
475,50,6400
476,50,6400
477,49,6272
478,49,6272
479,49,6272
480,48,6144
481,48,6144
482,49,6272
483,50,6400
484,50,6400
485,51,6528
486,50,6400
487,50,6400
488,51,6528
489,51,6528
490,51,6528
491,51,6528
492,51,6528
493,51,6528
494,52,6656
495,52,6656
496,52,6656
497,52,6656
498,51,6528
499,51,6528
500,51,6528
501,51,6528
502,50,6400
503,51,6528
504,52,6656
505,51,6528
506,51,6528
507,51,6528
508,52,6656
509,52,6656
510,51,6528
511,51,6528
512,52,6656
513,52,6656
514,52,6656
515,51,6528
516,51,6528
517,51,6528
518,51,6528
519,51,6528
520,51,6528
521,51,6528
522,52,6656
523,51,6528
524,52,6656
525,50,6400
526,50,6400
527,49,6272
528,48,6144
529,48,6144
530,49,6272
531,49,6272
532,48,6144
533,48,6144
534,48,6144
535,47,6016
536,46,5888
537,46,5888
538,46,5888
539,46,5888
540,47,6016
541,46,5888
542,47,6016
543,47,6016
544,48,6144
545,47,6016
546,48,6144
547,47,6016
548,47,6016
549,47,6016
550,47,6016
551,47,6016
552,46,5888
553,45,5760
554,45,5760
555,46,5888
556,46,5888
557,46,5888
558,46,5888
559,46,5888
560,47,6016
561,46,5888
562,46,5888
563,46,5888
564,46,5888
565,47,6016
566,48,6144
567,49,6272
568,47,6016
569,47,6016
570,47,6016
571,47,6016
572,47,6016
573,47,6016
574,47,6016
575,47,6016
576,48,6144
577,48,6144
578,47,6016
579,47,6016
580,47,6016
581,47,6016
582,46,5888
583,46,5888
584,46,5888
585,46,5888
586,46,5888
587,46,5888
588,46,5888
589,47,6016
590,46,5888
591,48,6144
592,46,5888
593,46,5888
594,46,5888
595,46,5888
596,46,5888
597,45,5760
598,45,5760
599,45,5760
600,44,5632
601,45,5760
602,45,5760
603,45,5760
604,45,5760
605,45,5760
606,45,5760
607,46,5888
608,45,5760
609,45,5760
610,45,5760
611,45,5760
612,44,5632
613,44,5632
614,44,5632
615,44,5632
616,44,5632
617,44,5632
618,44,5632
619,43,5504
620,43,5504
621,42,5376
622,43,5504
623,43,5504
624,42,5376
625,42,5376
626,42,5376
627,43,5504
628,42,5376
629,42,5376
630,41,5248
631,42,5376
632,41,5248
633,42,5376
634,42,5376
635,42,5376
636,43,5504
637,43,5504
638,44,5632
639,43,5504
640,44,5632
641,44,5632
642,44,5632
643,45,5760
644,45,5760
645,45,5760
646,45,5760
647,45,5760
648,44,5632
649,45,5760
650,45,5760
651,46,5888
652,46,5888
653,46,5888
654,47,6016
655,47,6016
656,47,6016
657,47,6016
658,47,6016
659,47,6016
660,48,6144
661,48,6144
662,48,6144
663,48,6144
664,49,6272
665,49,6272
666,48,6144
667,47,6016
668,47,6016
669,48,6144
670,48,6144
671,48,6144
672,48,6144
673,47,6016
674,48,6144
675,47,6016
676,47,6016
677,47,6016
678,48,6144
679,48,6144
680,48,6144
681,48,6144
682,48,6144
683,48,6144
684,48,6144
685,48,6144
686,48,6144
687,48,6144
688,48,6144
689,48,6144
690,48,6144
691,48,6144
692,48,6144
693,48,6144
694,48,6144
695,48,6144
696,48,6144
697,48,6144
698,47,6016
699,47,6016
700,47,6016
701,47,6016
702,47,6016
703,47,6016
704,47,6016
705,48,6144
706,48,6144
707,48,6144
708,48,6144
709,48,6144
710,47,6016
711,47,6016
712,47,6016
713,46,5888
714,46,5888
715,45,5760
716,45,5760
717,46,5888
718,45,5760
719,45,5760
720,44,5632
721,43,5504
722,44,5632
723,43,5504
724,44,5632
725,44,5632
726,43,5504
727,44,5632
728,43,5504
729,44,5632
730,44,5632
731,44,5632
732,44,5632
733,44,5632
734,44,5632
735,44,5632
736,44,5632
737,44,5632
738,44,5632
739,44,5632
740,44,5632
741,44,5632
742,44,5632
743,44,5632
744,44,5632
745,45,5760
746,44,5632
747,44,5632
748,44,5632
749,45,5760
750,46,5888
751,46,5888
752,46,5888
753,46,5888
754,46,5888
755,45,5760
756,45,5760
757,44,5632
758,45,5760
759,45,5760
760,44,5632
761,44,5632
762,45,5760
763,45,5760
764,44,5632
765,44,5632
766,44,5632
767,44,5632
768,45,5760
769,45,5760
770,45,5760
771,45,5760
772,45,5760
773,44,5632
774,44,5632
775,45,5760
776,45,5760
777,44,5632
778,45,5760
779,45,5760
780,45,5760
781,45,5760
782,45,5760
783,46,5888
784,47,6016
785,47,6016
786,46,5888
787,46,5888
788,46,5888
789,46,5888
790,46,5888
791,46,5888
792,46,5888
793,47,6016
794,46,5888
795,47,6016
796,48,6144
797,49,6272
798,50,6400
799,47,6016
800,48,6144
801,48,6144
802,48,6144
803,49,6272
804,49,6272
805,49,6272
806,49,6272
807,47,6016
808,46,5888
809,46,5888
810,47,6016
811,46,5888
812,46,5888
813,46,5888
814,46,5888
815,47,6016
816,47,6016
817,47,6016
818,47,6016
819,47,6016
820,47,6016
821,47,6016
822,47,6016
823,48,6144
824,47,6016
825,47,6016
826,48,6144
827,48,6144
828,48,6144
829,48,6144
830,48,6144
831,47,6016
832,47,6016
833,48,6144
834,49,6272
835,49,6272
836,49,6272
837,47,6016
838,47,6016
839,47,6016
840,48,6144
841,47,6016
842,47,6016
843,47,6016
844,47,6016
845,46,5888
846,47,6016
847,47,6016
848,46,5888
849,47,6016
850,47,6016
851,46,5888
852,46,5888
853,46,5888
854,47,6016
855,47,6016
856,46,5888
857,47,6016
858,47,6016
859,47,6016
860,47,6016
861,47,6016
862,47,6016
863,47,6016
864,48,6144
865,47,6016
866,47,6016
867,47,6016
868,46,5888
869,46,5888
870,46,5888
871,47,6016
872,47,6016
873,47,6016
874,47,6016
875,46,5888
876,46,5888
877,46,5888
878,46,5888
879,47,6016
880,47,6016
881,46,5888
882,47,6016
883,47,6016
884,47,6016
885,47,6016
886,47,6016
887,47,6016
888,47,6016
889,47,6016
890,47,6016
891,47,6016
892,47,6016
893,46,5888
894,46,5888
895,46,5888
896,47,6016
897,47,6016
898,46,5888
899,47,6016
900,46,5888
901,47,6016
902,47,6016
903,47,6016
904,47,6016
905,47,6016
906,47,6016
907,47,6016
908,47,6016
909,48,6144
910,48,6144
911,48,6144
912,48,6144
913,47,6016
914,47,6016
915,47,6016
916,47,6016
917,47,6016
918,47,6016
919,48,6144
920,49,6272
921,49,6272
922,48,6144
923,48,6144
924,48,6144
925,48,6144
926,48,6144
927,46,5888
928,46,5888
929,46,5888
930,46,5888
931,46,5888
932,47,6016
933,47,6016
934,46,5888
935,46,5888
936,46,5888
937,46,5888
938,46,5888
939,47,6016
940,46,5888
941,45,5760
942,46,5888
943,45,5760
944,46,5888
945,46,5888
946,45,5760
947,46,5888
948,46,5888
949,46,5888
950,46,5888
951,46,5888
952,46,5888
953,47,6016
954,46,5888
955,46,5888
956,46,5888
957,45,5760
958,45,5760
959,45,5760
960,46,5888
961,47,6016
962,47,6016
963,46,5888
964,46,5888
965,47,6016
966,47,6016
967,45,5760
968,45,5760
969,45,5760
970,45,5760
971,46,5888
972,46,5888
973,46,5888
974,47,6016
975,46,5888
976,46,5888
977,46,5888
978,47,6016
979,47,6016
980,47,6016
981,47,6016
982,47,6016
983,47,6016
984,47,6016
985,47,6016
986,46,5888
987,46,5888
988,48,6144
989,48,6144
990,44,5632
991,45,5760
992,44,5632
993,44,5632
994,45,5760
995,45,5760
996,46,5888
997,46,5888
998,47,6016
999,47,6016
1000,47,6016
1001,47,6016
1002,47,6016
1003,47,6016
1004,48,6144
1005,48,6144
1006,48,6144
1007,48,6144
1008,49,6272
1009,49,6272
1010,50,6400
1011,48,6144
1012,47,6016
1013,48,6144
1014,47,6016
1015,47,6016
1016,47,6016
1017,47,6016
1018,48,6144
1019,48,6144
1020,48,6144
1021,48,6144
1022,48,6144
1023,48,6144
1024,48,6144
1025,46,5888
1026,46,5888
1027,46,5888
1028,46,5888
1029,46,5888
1030,46,5888
1031,46,5888
1032,46,5888
1033,47,6016
1034,47,6016
1035,47,6016
1036,47,6016
1037,47,6016
1038,47,6016
1039,47,6016
1040,47,6016
1041,47,6016
1042,47,6016
1043,47,6016
1044,48,6144
1045,48,6144
1046,48,6144
1047,48,6144
1048,48,6144
1049,47,6016
1050,47,6016
1051,48,6144
1052,46,5888
1053,45,5760
1054,45,5760
1055,46,5888
1056,46,5888
1057,45,5760
1058,45,5760
1059,45,5760
1060,44,5632
1061,44,5632
1062,44,5632
1063,44,5632
1064,45,5760
1065,45,5760
1066,44,5632
1067,44,5632
1068,44,5632
1069,44,5632
1070,44,5632
1071,46,5888
1072,44,5632
1073,45,5760
1074,45,5760
1075,45,5760
1076,45,5760
1077,44,5632
1078,44,5632
1079,45,5760
1080,45,5760
1081,44,5632
1082,44,5632
1083,45,5760
1084,45,5760
1085,45,5760
1086,46,5888
1087,46,5888
1088,46,5888
1089,45,5760
1090,45,5760
1091,46,5888
1092,46,5888
1093,46,5888
1094,46,5888
1095,46,5888
1096,46,5888
1097,46,5888
1098,46,5888
1099,47,6016
1100,47,6016
1101,46,5888
1102,47,6016
1103,46,5888
1104,47,6016
1105,48,6144
1106,47,6016
1107,47,6016
1108,48,6144
1109,47,6016
1110,48,6144
1111,48,6144
1112,48,6144
1113,47,6016
1114,46,5888
1115,47,6016
1116,47,6016
1117,47,6016
1118,47,6016
1119,46,5888
1120,47,6016
1121,47,6016
1122,47,6016
1123,47,6016
1124,47,6016
1125,47,6016
1126,47,6016
1127,47,6016
1128,48,6144
1129,47,6016
1130,48,6144
1131,48,6144
1132,48,6144
1133,47,6016
1134,48,6144
1135,48,6144
1136,48,6144
1137,48,6144
1138,48,6144
1139,48,6144
1140,49,6272
1141,47,6016
1142,47,6016
1143,48,6144
1144,49,6272
1145,50,6400
1146,50,6400
1147,50,6400
1148,50,6400
1149,49,6272
1150,49,6272
1151,49,6272
1152,49,6272
1153,49,6272
1154,48,6144
1155,48,6144
1156,48,6144
1157,49,6272
1158,50,6400
1159,50,6400
1160,50,6400
1161,50,6400
1162,50,6400
1163,50,6400
1164,50,6400
1165,50,6400
1166,50,6400
1167,50,6400
1168,50,6400
1169,50,6400
1170,50,6400
1171,49,6272
1172,46,5888
1173,47,6016
1174,47,6016
1175,47,6016
1176,47,6016
1177,45,5760
1178,46,5888
1179,45,5760
1180,45,5760
1181,45,5760
1182,46,5888
1183,46,5888
1184,45,5760
1185,45,5760
1186,45,5760
1187,45,5760
1188,45,5760
1189,45,5760
1190,44,5632
1191,45,5760
1192,45,5760
1193,45,5760
1194,45,5760
1195,45,5760
1196,45,5760
1197,46,5888
1198,46,5888
1199,46,5888
1200,45,5760
1201,46,5888
1202,47,6016
1203,44,5632
1204,45,5760
1205,45,5760
1206,45,5760
1207,45,5760
1208,45,5760
1209,45,5760
1210,46,5888
1211,46,5888
1212,47,6016
1213,48,6144
1214,47,6016
1215,47,6016
1216,47,6016
1217,47,6016
1218,46,5888
1219,46,5888
1220,46,5888
1221,46,5888
1222,46,5888
1223,46,5888
1224,47,6016
1225,48,6144
1226,48,6144
1227,48,6144
1228,48,6144
1229,49,6272
1230,49,6272
1231,50,6400
1232,50,6400
1233,48,6144
1234,49,6272
1235,49,6272
1236,49,6272
1237,47,6016
1238,47,6016
1239,48,6144
1240,47,6016
1241,48,6144
1242,48,6144
1243,49,6272
1244,49,6272
1245,48,6144
1246,48,6144
1247,48,6144
1248,48,6144
1249,48,6144
1250,48,6144
1251,48,6144
1252,48,6144
1253,48,6144
1254,48,6144
1255,48,6144
1256,48,6144
1257,48,6144
1258,48,6144
1259,48,6144
1260,47,6016
1261,47,6016
1262,47,6016
1263,47,6016
1264,47,6016
1265,47,6016
1266,47,6016
1267,46,5888
1268,47,6016
1269,47,6016
1270,47,6016
1271,46,5888
1272,46,5888
1273,47,6016
1274,46,5888
1275,46,5888
1276,46,5888
1277,46,5888
1278,46,5888
1279,46,5888
1280,47,6016
1281,46,5888
1282,47,6016
1283,46,5888
1284,46,5888
1285,46,5888
1286,46,5888
1287,46,5888
1288,46,5888
1289,47,6016
1290,47,6016
1291,46,5888
1292,44,5632
1293,44,5632
1294,44,5632
1295,44,5632
1296,43,5504
1297,43,5504
1298,44,5632
1299,44,5632
1300,44,5632
1301,44,5632
1302,44,5632
1303,44,5632
1304,44,5632
1305,44,5632
1306,44,5632
1307,44,5632
1308,44,5632
1309,43,5504
1310,44,5632
1311,43,5504
1312,43,5504
1313,43,5504
1314,44,5632
1315,44,5632
1316,44,5632
1317,44,5632
1318,44,5632
1319,45,5760
1320,45,5760
1321,45,5760
1322,46,5888
1323,46,5888
1324,47,6016
1325,47,6016
1326,47,6016
1327,47,6016
1328,48,6144
1329,49,6272
1330,49,6272
1331,46,5888
1332,46,5888
1333,46,5888
1334,46,5888
1335,46,5888
1336,46,5888
1337,46,5888
1338,47,6016
1339,47,6016
1340,46,5888
1341,47,6016
1342,48,6144
1343,48,6144
1344,48,6144
1345,48,6144
1346,49,6272
1347,50,6400
1348,49,6272
1349,49,6272
1350,49,6272
1351,49,6272
1352,50,6400
1353,50,6400
1354,50,6400
1355,51,6528
1356,51,6528
1357,51,6528
1358,50,6400
1359,50,6400
1360,49,6272
1361,49,6272
1362,49,6272
1363,49,6272
1364,50,6400
1365,50,6400
1366,50,6400
1367,50,6400
1368,50,6400
1369,50,6400
1370,50,6400
1371,50,6400
1372,50,6400
1373,50,6400
1374,51,6528
1375,51,6528
1376,51,6528
1377,51,6528
1378,51,6528
1379,51,6528
1380,51,6528
1381,52,6656
1382,52,6656
1383,52,6656
1384,52,6656
1385,53,6784
1386,52,6656
1387,52,6656
1388,52,6656
1389,52,6656
1390,53,6784
1391,52,6656
1392,53,6784
1393,53,6784
1394,52,6656
1395,52,6656
1396,52,6656
1397,52,6656
1398,52,6656
1399,52,6656
1400,53,6784
1401,53,6784
1402,52,6656
1403,52,6656
1404,52,6656
1405,52,6656
1406,50,6400
1407,50,6400
1408,50,6400
1409,50,6400
1410,50,6400
1411,50,6400
1412,51,6528
1413,51,6528
1414,51,6528
1415,51,6528
1416,51,6528
1417,51,6528
1418,52,6656
1419,52,6656
1420,52,6656
1421,52,6656
1422,52,6656
1423,52,6656
1424,52,6656
1425,52,6656
1426,52,6656
1427,51,6528
1428,51,6528
1429,52,6656
1430,51,6528
1431,51,6528
1432,51,6528
1433,51,6528
1434,52,6656
1435,52,6656
1436,51,6528
1437,50,6400
1438,50,6400
1439,51,6528
1440,52,6656
1441,52,6656
1442,52,6656
1443,52,6656
1444,52,6656
1445,52,6656
1446,52,6656
1447,52,6656
1448,52,6656
1449,52,6656
1450,52,6656
1451,52,6656
1452,52,6656
1453,52,6656
1454,52,6656
1455,52,6656
1456,53,6784
1457,53,6784
1458,53,6784
1459,52,6656
1460,52,6656
1461,52,6656
1462,52,6656
1463,52,6656
1464,52,6656
1465,53,6784
1466,53,6784
1467,52,6656
1468,52,6656
1469,52,6656
1470,52,6656
1471,51,6528
1472,51,6528
1473,51,6528
1474,51,6528
1475,51,6528
1476,52,6656
1477,52,6656
1478,52,6656
1479,52,6656
1480,52,6656
1481,51,6528
1482,51,6528
1483,50,6400
1484,51,6528
1485,51,6528
1486,50,6400
1487,51,6528
1488,51,6528
1489,51,6528
1490,51,6528
1491,50,6400
1492,50,6400
1493,50,6400
1494,50,6400
1495,49,6272
1496,50,6400
1497,50,6400
1498,50,6400
1499,50,6400
1500,50,6400
1501,51,6528
1502,50,6400
1503,50,6400
1504,50,6400
1505,49,6272
1506,50,6400
1507,50,6400
1508,49,6272
1509,49,6272
1510,49,6272
1511,49,6272
1512,49,6272
1513,49,6272
1514,50,6400
1515,50,6400
1516,50,6400
1517,50,6400
1518,50,6400
1519,50,6400
1520,50,6400
1521,49,6272
1522,49,6272
1523,50,6400
1524,49,6272
1525,49,6272
1526,49,6272
1527,49,6272
1528,50,6400
1529,49,6272
1530,49,6272
1531,49,6272
1532,50,6400
1533,50,6400
1534,50,6400
1535,49,6272
1536,49,6272
1537,49,6272
1538,50,6400
1539,49,6272
1540,49,6272
1541,49,6272
1542,49,6272
1543,49,6272
1544,49,6272
1545,49,6272
1546,49,6272
1547,49,6272
1548,49,6272
1549,50,6400
1550,51,6528
1551,50,6400
1552,51,6528
1553,51,6528
1554,50,6400
1555,50,6400
1556,50,6400
1557,51,6528
1558,50,6400
1559,50,6400
1560,50,6400
1561,50,6400
1562,50,6400
1563,50,6400
1564,49,6272
1565,50,6400
1566,50,6400
1567,50,6400
1568,50,6400
1569,50,6400
1570,50,6400
1571,50,6400
1572,51,6528
1573,50,6400
1574,50,6400
1575,49,6272
1576,50,6400
1577,50,6400
1578,50,6400
1579,50,6400
1580,51,6528
1581,50,6400
1582,50,6400
1583,50,6400
1584,51,6528
1585,50,6400
1586,51,6528
1587,51,6528
1588,51,6528
1589,52,6656
1590,50,6400
1591,48,6144
1592,47,6016
1593,48,6144
1594,47,6016
1595,48,6144
1596,48,6144
1597,48,6144
1598,49,6272
1599,49,6272
1600,49,6272
1601,49,6272
1602,49,6272
1603,48,6144
1604,48,6144
1605,47,6016
1606,47,6016
1607,47,6016
1608,47,6016
1609,47,6016
1610,47,6016
1611,47,6016
1612,47,6016
1613,46,5888
1614,46,5888
1615,46,5888
1616,46,5888
1617,46,5888
1618,46,5888
1619,47,6016
1620,48,6144
1621,48,6144
1622,48,6144
1623,48,6144
1624,48,6144
1625,48,6144
1626,48,6144
1627,48,6144
1628,48,6144
1629,48,6144
1630,48,6144
1631,48,6144
1632,47,6016
1633,47,6016
1634,47,6016
1635,48,6144
1636,47,6016
1637,47,6016
1638,48,6144
1639,47,6016
1640,48,6144
1641,47,6016
1642,47,6016
1643,47,6016
1644,47,6016
1645,47,6016
1646,47,6016
1647,47,6016
1648,47,6016
1649,47,6016
1650,47,6016
1651,47,6016
1652,49,6272
1653,48,6144
1654,48,6144
1655,46,5888
1656,47,6016
1657,47,6016
1658,47,6016
1659,47,6016
1660,48,6144
1661,48,6144
1662,48,6144
1663,49,6272
1664,49,6272
1665,49,6272
1666,47,6016
1667,47,6016
1668,48,6144
1669,48,6144
1670,48,6144
1671,47,6016
1672,47,6016
1673,47,6016
1674,47,6016
1675,47,6016
1676,47,6016
1677,47,6016
1678,48,6144
1679,48,6144
1680,49,6272
1681,49,6272
1682,49,6272
1683,49,6272
1684,49,6272
1685,49,6272
1686,49,6272
1687,49,6272
1688,49,6272
1689,49,6272
1690,49,6272
1691,49,6272
1692,50,6400
1693,50,6400
1694,50,6400
1695,50,6400
1696,50,6400
1697,51,6528
1698,51,6528
1699,51,6528
1700,51,6528
1701,50,6400
1702,50,6400
1703,50,6400
1704,50,6400
1705,50,6400
1706,50,6400
1707,49,6272
1708,49,6272
1709,49,6272
1710,49,6272
1711,50,6400
1712,50,6400
1713,49,6272
1714,49,6272
1715,49,6272
1716,50,6400
1717,47,6016
1718,48,6144
1719,48,6144
1720,48,6144
1721,48,6144
1722,49,6272
1723,49,6272
1724,49,6272
1725,49,6272
1726,49,6272
1727,49,6272
1728,49,6272
1729,49,6272
1730,48,6144
1731,48,6144
1732,49,6272
1733,49,6272
1734,49,6272
1735,49,6272
1736,48,6144
1737,48,6144
1738,49,6272
1739,49,6272
1740,49,6272
1741,48,6144
1742,48,6144
1743,49,6272
1744,49,6272
1745,49,6272
1746,49,6272
1747,49,6272
1748,49,6272
1749,49,6272
1750,49,6272
1751,49,6272
1752,49,6272
1753,49,6272
1754,49,6272
1755,50,6400
1756,50,6400
1757,50,6400
1758,50,6400
1759,50,6400
1760,49,6272
1761,50,6400
1762,50,6400
1763,50,6400
1764,50,6400
1765,51,6528
1766,51,6528
1767,51,6528
1768,50,6400
1769,50,6400
1770,50,6400
1771,50,6400
1772,49,6272
1773,49,6272
1774,49,6272
1775,49,6272
1776,49,6272
1777,48,6144
1778,49,6272
1779,48,6144
1780,49,6272
1781,48,6144
1782,48,6144
1783,48,6144
1784,48,6144
1785,48,6144
1786,48,6144
1787,48,6144
1788,48,6144
1789,49,6272
1790,50,6400
1791,50,6400
1792,50,6400
1793,49,6272
1794,49,6272
1795,51,6528
1796,51,6528
1797,51,6528
1798,51,6528
1799,51,6528
1800,51,6528
1801,51,6528
1802,51,6528
1803,50,6400
1804,50,6400
1805,51,6528
1806,50,6400
1807,50,6400
1808,50,6400
1809,51,6528
1810,50,6400
1811,50,6400
1812,50,6400
1813,50,6400
1814,51,6528
1815,51,6528
1816,51,6528
1817,51,6528
1818,51,6528
1819,50,6400
1820,50,6400
1821,49,6272
1822,49,6272
1823,49,6272
1824,49,6272
1825,49,6272
1826,49,6272
1827,47,6016
1828,47,6016
1829,47,6016
1830,47,6016
1831,47,6016
1832,48,6144
1833,47,6016
1834,47,6016
1835,47,6016
1836,47,6016
1837,48,6144
1838,48,6144
1839,48,6144
1840,48,6144
1841,48,6144
1842,48,6144
1843,47,6016
1844,48,6144
1845,47,6016
1846,48,6144
1847,48,6144
1848,48,6144
1849,47,6016
1850,48,6144
1851,48,6144
1852,49,6272
1853,49,6272
1854,50,6400
1855,50,6400
1856,49,6272
1857,47,6016
1858,47,6016
1859,47,6016
1860,48,6144
1861,48,6144
1862,48,6144
1863,49,6272
1864,49,6272
1865,49,6272
1866,49,6272
1867,50,6400
1868,50,6400
1869,51,6528
1870,51,6528
1871,52,6656
1872,52,6656
1873,52,6656
1874,51,6528
1875,51,6528
1876,51,6528
1877,50,6400
1878,51,6528
1879,51,6528
1880,51,6528
1881,51,6528
1882,50,6400
1883,50,6400
1884,51,6528
1885,52,6656
1886,51,6528
1887,51,6528
1888,51,6528
1889,51,6528
1890,51,6528
1891,51,6528
1892,49,6272
1893,50,6400
1894,50,6400
1895,50,6400
1896,49,6272
1897,49,6272
1898,49,6272
1899,49,6272
1900,50,6400
1901,50,6400
1902,50,6400
1903,50,6400
1904,50,6400
1905,50,6400
1906,50,6400
1907,49,6272
1908,50,6400
1909,50,6400
1910,50,6400
1911,50,6400
1912,50,6400
1913,50,6400
1914,50,6400
1915,51,6528
1916,50,6400
1917,49,6272
1918,49,6272
1919,50,6400
1920,50,6400
1921,49,6272
1922,49,6272
1923,50,6400
1924,50,6400
1925,49,6272
1926,49,6272
1927,49,6272
1928,49,6272
1929,49,6272
1930,49,6272
1931,49,6272
1932,49,6272
1933,49,6272
1934,49,6272
1935,50,6400
1936,49,6272
1937,50,6400
1938,50,6400
1939,50,6400
1940,50,6400
1941,49,6272
1942,49,6272
1943,49,6272
1944,49,6272
1945,49,6272
1946,49,6272
1947,49,6272
1948,49,6272
1949,50,6400
1950,49,6272
1951,49,6272
1952,49,6272
1953,49,6272
1954,50,6400
1955,49,6272
1956,49,6272
1957,49,6272
1958,50,6400
1959,50,6400
1960,49,6272
1961,49,6272
1962,49,6272
1963,49,6272
1964,49,6272
1965,49,6272
1966,49,6272
1967,49,6272
1968,50,6400
1969,50,6400
1970,49,6272
1971,48,6144
1972,48,6144
1973,48,6144
1974,49,6272
1975,49,6272
1976,49,6272
1977,49,6272
1978,48,6144
1979,47,6016
1980,47,6016
1981,48,6144
1982,48,6144
1983,47,6016
1984,47,6016
1985,47,6016
1986,47,6016
1987,48,6144
1988,47,6016
1989,48,6144
1990,48,6144
1991,48,6144
1992,48,6144
1993,48,6144
1994,48,6144
1995,48,6144
1996,48,6144
1997,48,6144
1998,48,6144
1999,49,6272
2000,49,6272
