RandomSeed,34659,Population size:128,Bit Length:64,Crossover Rate:0,Mutation Rate:0.005
gen,BestFitness,FitnessEval
1,43,5504
2,43,5504
3,41,5248
4,42,5376
5,42,5376
6,42,5376
7,41,5248
8,41,5248
9,42,5376
10,42,5376
11,42,5376
12,41,5248
13,42,5376
14,42,5376
15,42,5376
16,41,5248
17,42,5376
18,42,5376
19,42,5376
20,43,5504
21,43,5504
22,42,5376
23,44,5632
24,44,5632
25,44,5632
26,44,5632
27,44,5632
28,45,5760
29,43,5504
30,43,5504
31,43,5504
32,43,5504
33,43,5504
34,43,5504
35,43,5504
36,43,5504
37,44,5632
38,44,5632
39,45,5760
40,44,5632
41,44,5632
42,43,5504
43,44,5632
44,44,5632
45,42,5376
46,42,5376
47,42,5376
48,42,5376
49,42,5376
50,41,5248
51,42,5376
52,42,5376
53,42,5376
54,42,5376
55,42,5376
56,42,5376
57,42,5376
58,42,5376
59,43,5504
60,43,5504
61,43,5504
62,43,5504
63,43,5504
64,43,5504
65,43,5504
66,44,5632
67,44,5632
68,44,5632
69,43,5504
70,44,5632
71,43,5504
72,44,5632
73,43,5504
74,44,5632
75,43,5504
76,43,5504
77,43,5504
78,44,5632
79,44,5632
80,44,5632
81,44,5632
82,43,5504
83,43,5504
84,43,5504
85,43,5504
86,43,5504
87,43,5504
88,43,5504
89,44,5632
90,44,5632
91,44,5632
92,44,5632
93,44,5632
94,44,5632
95,45,5760
96,45,5760
97,45,5760
98,42,5376
99,42,5376
100,43,5504
101,43,5504
102,43,5504
103,43,5504
104,45,5760
105,45,5760
106,43,5504
107,44,5632
108,44,5632
109,44,5632
110,45,5760
111,44,5632
112,44,5632
113,44,5632
114,44,5632
115,46,5888
116,44,5632
117,44,5632
118,45,5760
119,45,5760
120,44,5632
121,44,5632
122,44,5632
123,46,5888
124,46,5888
125,45,5760
126,45,5760
127,45,5760
128,45,5760
129,44,5632
130,44,5632
131,43,5504
132,43,5504
133,44,5632
134,44,5632
135,44,5632
136,44,5632
137,44,5632
138,44,5632
139,44,5632
140,44,5632
141,45,5760
142,44,5632
143,44,5632
144,45,5760
145,44,5632
146,43,5504
147,43,5504
148,43,5504
149,43,5504
150,43,5504
151,44,5632
152,43,5504
153,44,5632
154,44,5632
155,44,5632
156,44,5632
157,44,5632
158,44,5632
159,45,5760
160,45,5760
161,45,5760
162,44,5632
163,44,5632
164,44,5632
165,43,5504
166,44,5632
167,43,5504
168,44,5632
169,44,5632
170,44,5632
171,45,5760
172,45,5760
173,44,5632
174,44,5632
175,44,5632
176,44,5632
177,44,5632
178,44,5632
179,43,5504
180,44,5632
181,44,5632
182,44,5632
183,44,5632
184,44,5632
185,44,5632
186,44,5632
187,44,5632
188,43,5504
189,44,5632
190,43,5504
191,43,5504
192,43,5504
193,44,5632
194,44,5632
195,44,5632
196,44,5632
197,44,5632
198,42,5376
199,43,5504
200,43,5504
201,44,5632
202,44,5632
203,44,5632
204,44,5632
205,45,5760
206,43,5504
207,44,5632
208,44,5632
209,44,5632
210,44,5632
211,44,5632
212,45,5760
213,45,5760
214,45,5760
215,45,5760
216,45,5760
217,44,5632
218,44,5632
219,44,5632
220,44,5632
221,44,5632
222,46,5888
223,45,5760
224,45,5760
225,45,5760
226,45,5760
227,46,5888
228,44,5632
229,44,5632
230,45,5760
231,45,5760
232,45,5760
233,45,5760
234,46,5888
235,46,5888
236,46,5888
237,45,5760
238,46,5888
239,45,5760
240,45,5760
241,45,5760
242,46,5888
243,46,5888
244,46,5888
245,46,5888
246,46,5888
247,46,5888
248,46,5888
249,46,5888
250,46,5888
251,46,5888
252,45,5760
253,45,5760
254,45,5760
255,45,5760
256,45,5760
257,46,5888
258,46,5888
259,46,5888
260,47,6016
261,47,6016
262,45,5760
263,45,5760
264,46,5888
265,46,5888
266,46,5888
267,46,5888
268,46,5888
269,46,5888
270,46,5888
271,46,5888
272,47,6016
273,46,5888
274,47,6016
275,47,6016
276,47,6016
277,47,6016
278,47,6016
279,47,6016
280,47,6016
281,46,5888
282,46,5888
283,47,6016
284,48,6144
285,46,5888
286,47,6016
287,47,6016
288,47,6016
289,46,5888
290,46,5888
291,46,5888
292,46,5888
293,47,6016
294,48,6144
295,47,6016
296,47,6016
297,47,6016
298,47,6016
299,47,6016
300,48,6144
301,49,6272
302,49,6272
303,49,6272
304,49,6272
305,50,6400
306,50,6400
307,51,6528
308,52,6656
309,49,6272
310,49,6272
311,49,6272
312,49,6272
313,49,6272
314,48,6144
315,48,6144
316,48,6144
317,47,6016
318,48,6144
319,48,6144
320,48,6144
321,47,6016
322,47,6016
323,47,6016
324,48,6144
325,48,6144
326,48,6144
327,49,6272
328,49,6272
329,47,6016
330,47,6016
331,48,6144
332,48,6144
333,48,6144
334,48,6144
335,48,6144
336,48,6144
337,48,6144
338,48,6144
339,49,6272
340,49,6272
341,49,6272
342,49,6272
343,51,6528
344,51,6528
345,50,6400
346,50,6400
347,49,6272
348,48,6144
349,48,6144
350,49,6272
351,49,6272
352,48,6144
353,48,6144
354,48,6144
355,49,6272
356,49,6272
357,49,6272
358,50,6400
359,49,6272
360,49,6272
361,49,6272
362,50,6400
363,49,6272
364,49,6272
365,49,6272
366,48,6144
367,47,6016
368,47,6016
369,47,6016
370,47,6016
371,47,6016
372,47,6016
373,48,6144
374,48,6144
375,48,6144
376,49,6272
377,49,6272
378,49,6272
379,49,6272
380,49,6272
381,49,6272
382,49,6272
383,49,6272
384,49,6272
385,50,6400
386,51,6528
387,50,6400
388,50,6400
389,50,6400
390,50,6400
391,51,6528
392,51,6528
393,52,6656
394,53,6784
395,52,6656
396,52,6656
397,51,6528
398,51,6528
399,51,6528
400,51,6528
401,51,6528
402,51,6528
403,50,6400
404,50,6400
405,51,6528
406,51,6528
407,50,6400
408,51,6528
409,50,6400
410,50,6400
411,50,6400
412,50,6400
413,50,6400
414,51,6528
415,51,6528
416,51,6528
417,51,6528
418,51,6528
419,51,6528
420,49,6272
421,50,6400
422,50,6400
423,49,6272
424,49,6272
425,47,6016
426,48,6144
427,48,6144
428,49,6272
429,49,6272
430,49,6272
431,49,6272
432,48,6144
433,48,6144
434,49,6272
435,49,6272
436,49,6272
437,48,6144
438,48,6144
439,48,6144
440,48,6144
441,49,6272
442,48,6144
443,49,6272
444,49,6272
445,49,6272
446,49,6272
447,48,6144
448,50,6400
449,50,6400
450,50,6400
451,50,6400
452,49,6272
453,49,6272
454,49,6272
455,49,6272
456,48,6144
457,48,6144
458,48,6144
459,48,6144
460,48,6144
461,48,6144
462,48,6144
463,49,6272
464,49,6272
465,48,6144
466,47,6016
467,47,6016
468,48,6144
469,47,6016
470,48,6144
471,48,6144
472,48,6144
473,47,6016
474,47,6016
475,47,6016
476,47,6016
477,48,6144
478,48,6144
479,46,5888
480,47,6016
481,46,5888
482,46,5888
483,46,5888
484,46,5888
485,46,5888
486,46,5888
487,47,6016
488,48,6144
489,47,6016
490,47,6016
491,47,6016
492,47,6016
493,47,6016
494,47,6016
495,46,5888
496,46,5888
497,46,5888
498,45,5760
499,45,5760
500,46,5888
501,46,5888
502,46,5888
503,46,5888
504,45,5760
505,46,5888
506,45,5760
507,45,5760
508,44,5632
509,44,5632
510,44,5632
511,44,5632
512,44,5632
513,44,5632
514,45,5760
515,45,5760
516,45,5760
517,45,5760
518,45,5760
519,45,5760
520,45,5760
521,46,5888
522,45,5760
523,44,5632
524,46,5888
525,46,5888
526,46,5888
527,46,5888
528,46,5888
529,46,5888
530,45,5760
531,45,5760
532,45,5760
533,44,5632
534,44,5632
535,44,5632
536,45,5760
537,45,5760
538,45,5760
539,45,5760
540,45,5760
541,45,5760
542,44,5632
543,45,5760
544,45,5760
545,44,5632
546,44,5632
547,44,5632
548,45,5760
549,44,5632
550,45,5760
551,45,5760
552,45,5760
553,45,5760
554,45,5760
555,46,5888
556,45,5760
557,45,5760
558,45,5760
559,46,5888
560,45,5760
561,45,5760
562,46,5888
563,46,5888
564,46,5888
565,46,5888
566,47,6016
567,46,5888
568,47,6016
569,47,6016
570,47,6016
571,47,6016
572,48,6144
573,47,6016
574,46,5888
575,46,5888
576,47,6016
577,47,6016
578,47,6016
579,47,6016
580,47,6016
581,47,6016
582,47,6016
583,47,6016
584,47,6016
585,47,6016
586,47,6016
587,48,6144
588,47,6016
589,48,6144
590,48,6144
591,48,6144
592,48,6144
593,48,6144
594,48,6144
595,48,6144
596,48,6144
597,47,6016
598,47,6016
599,47,6016
600,48,6144
601,47,6016
602,46,5888
603,46,5888
604,46,5888
605,46,5888
606,46,5888
607,46,5888
608,46,5888
609,46,5888
610,47,6016
611,47,6016
612,47,6016
613,47,6016
614,47,6016
615,46,5888
616,46,5888
617,45,5760
618,45,5760
619,45,5760
620,45,5760
621,45,5760
622,45,5760
623,46,5888
624,45,5760
625,46,5888
626,46,5888
627,46,5888
628,45,5760
629,46,5888
630,46,5888
631,45,5760
632,46,5888
633,46,5888
634,45,5760
635,45,5760
636,46,5888
637,45,5760
638,46,5888
639,45,5760
640,46,5888
641,45,5760
642,45,5760
643,46,5888
644,46,5888
645,47,6016
646,46,5888
647,46,5888
648,46,5888
649,46,5888
650,46,5888
651,46,5888
652,46,5888
653,46,5888
654,47,6016
655,47,6016
656,47,6016
657,46,5888
658,47,6016
659,47,6016
660,47,6016
661,48,6144
662,49,6272
663,46,5888
664,46,5888
665,46,5888
666,46,5888
667,46,5888
668,46,5888
669,46,5888
670,47,6016
671,47,6016
672,48,6144
673,47,6016
674,48,6144
675,47,6016
676,46,5888
677,47,6016
678,47,6016
679,47,6016
680,47,6016
681,47,6016
682,47,6016
683,47,6016
684,47,6016
685,45,5760
686,45,5760
687,45,5760
688,45,5760
689,45,5760
690,45,5760
691,46,5888
692,46,5888
693,45,5760
694,45,5760
695,45,5760
696,45,5760
697,45,5760
698,45,5760
699,45,5760
700,45,5760
701,45,5760
702,45,5760
703,45,5760
704,46,5888
705,46,5888
706,46,5888
707,47,6016
708,47,6016
709,47,6016
710,47,6016
711,47,6016
712,46,5888
713,47,6016
714,47,6016
715,47,6016
716,47,6016
717,46,5888
718,46,5888
719,47,6016
720,47,6016
721,47,6016
722,47,6016
723,47,6016
724,47,6016
725,47,6016
726,47,6016
727,46,5888
728,47,6016
729,47,6016
730,46,5888
731,46,5888
732,46,5888
733,46,5888
734,46,5888
735,47,6016
736,47,6016
737,47,6016
738,46,5888
739,46,5888
740,46,5888
741,46,5888
742,46,5888
743,47,6016
744,46,5888
745,46,5888
746,47,6016
747,47,6016
748,47,6016
749,47,6016
750,47,6016
751,47,6016
752,47,6016
753,47,6016
754,47,6016
755,46,5888
756,46,5888
757,48,6144
758,46,5888
759,46,5888
760,47,6016
761,46,5888
762,46,5888
763,46,5888
764,46,5888
765,46,5888
766,46,5888
767,46,5888
768,47,6016
769,46,5888
770,46,5888
771,47,6016
772,47,6016
773,47,6016
774,47,6016
775,47,6016
776,47,6016
777,48,6144
778,46,5888
779,46,5888
780,47,6016
781,48,6144
782,48,6144
783,48,6144
784,49,6272
785,49,6272
786,48,6144
787,48,6144
788,48,6144
789,48,6144
790,49,6272
791,49,6272
792,48,6144
793,48,6144
794,48,6144
795,48,6144
796,49,6272
797,50,6400
798,49,6272
799,48,6144
800,48,6144
801,49,6272
802,49,6272
803,48,6144
804,48,6144
805,49,6272
806,48,6144
807,48,6144
808,48,6144
809,48,6144
810,49,6272
811,49,6272
812,49,6272
813,48,6144
814,49,6272
815,49,6272
816,49,6272
817,48,6144
818,48,6144
819,48,6144
820,48,6144
821,48,6144
822,47,6016
823,48,6144
824,48,6144
825,49,6272
826,49,6272
827,50,6400
828,50,6400
829,50,6400
830,50,6400
831,50,6400
832,51,6528
833,50,6400
834,48,6144
835,48,6144
836,48,6144
837,48,6144
838,48,6144
839,48,6144
840,48,6144
841,48,6144
842,48,6144
843,49,6272
844,49,6272
845,50,6400
846,49,6272
847,49,6272
848,49,6272
849,49,6272
850,49,6272
851,48,6144
852,48,6144
853,47,6016
854,48,6144
855,48,6144
856,48,6144
857,49,6272
858,50,6400
859,49,6272
860,49,6272
861,48,6144
862,48,6144
863,48,6144
864,48,6144
865,48,6144
866,48,6144
867,48,6144
868,48,6144
869,48,6144
870,49,6272
871,48,6144
872,49,6272
873,49,6272
874,50,6400
875,49,6272
876,49,6272
877,49,6272
878,49,6272
879,50,6400
880,50,6400
881,50,6400
882,50,6400
883,51,6528
884,50,6400
885,50,6400
886,50,6400
887,50,6400
888,50,6400
889,49,6272
890,49,6272
891,50,6400
892,49,6272
893,49,6272
894,49,6272
895,49,6272
896,48,6144
897,48,6144
898,49,6272
899,48,6144
900,48,6144
901,49,6272
902,48,6144
903,48,6144
904,48,6144
905,48,6144
906,48,6144
907,48,6144
908,48,6144
909,48,6144
910,48,6144
911,48,6144
912,47,6016
913,47,6016
914,48,6144
915,48,6144
916,48,6144
917,48,6144
918,48,6144
919,49,6272
920,49,6272
921,49,6272
922,48,6144
923,48,6144
924,47,6016
925,48,6144
926,47,6016
927,47,6016
928,47,6016
929,48,6144
930,49,6272
931,48,6144
932,48,6144
933,48,6144
934,47,6016
935,48,6144
936,49,6272
937,49,6272
938,49,6272
939,49,6272
940,49,6272
941,49,6272
942,49,6272
943,48,6144
944,48,6144
945,49,6272
946,49,6272
947,48,6144
948,48,6144
949,48,6144
950,48,6144
951,48,6144
952,48,6144
953,48,6144
954,48,6144
955,48,6144
956,48,6144
957,47,6016
958,47,6016
959,48,6144
960,47,6016
961,48,6144
962,48,6144
963,48,6144
964,48,6144
965,48,6144
966,48,6144
967,48,6144
968,48,6144
969,49,6272
970,49,6272
971,49,6272
972,49,6272
973,48,6144
974,48,6144
975,48,6144
976,49,6272
977,49,6272
978,49,6272
979,49,6272
980,49,6272
981,50,6400
982,51,6528
983,51,6528
984,51,6528
985,51,6528
986,51,6528
987,51,6528
988,51,6528
989,51,6528
990,51,6528
991,51,6528
992,52,6656
993,51,6528
994,52,6656
995,52,6656
996,52,6656
997,52,6656
998,52,6656
999,51,6528
1000,51,6528
1001,52,6656
1002,52,6656
1003,52,6656
1004,51,6528
1005,51,6528
1006,51,6528
1007,51,6528
1008,51,6528
1009,51,6528
1010,52,6656
1011,51,6528
1012,51,6528
1013,51,6528
1014,51,6528
1015,52,6656
1016,52,6656
1017,52,6656
1018,52,6656
1019,53,6784
1020,52,6656
1021,52,6656
1022,52,6656
1023,52,6656
1024,52,6656
1025,52,6656
1026,52,6656
1027,52,6656
1028,52,6656
1029,52,6656
1030,52,6656
1031,52,6656
1032,52,6656
1033,51,6528
1034,51,6528
1035,51,6528
1036,52,6656
1037,52,6656
1038,52,6656
1039,52,6656
1040,52,6656
1041,52,6656
1042,52,6656
1043,52,6656
1044,52,6656
1045,52,6656
1046,52,6656
1047,51,6528
1048,50,6400
1049,50,6400
1050,50,6400
1051,50,6400
1052,51,6528
1053,51,6528
1054,51,6528
1055,50,6400
1056,50,6400
1057,51,6528
1058,51,6528
1059,50,6400
1060,50,6400
1061,50,6400
1062,50,6400
1063,50,6400
1064,51,6528
1065,51,6528
1066,51,6528
1067,51,6528
1068,51,6528
1069,51,6528
1070,49,6272
1071,49,6272
1072,49,6272
1073,49,6272
1074,49,6272
1075,49,6272
1076,50,6400
1077,49,6272
1078,50,6400
1079,49,6272
1080,49,6272
1081,49,6272
1082,48,6144
1083,48,6144
1084,48,6144
1085,48,6144
1086,49,6272
1087,50,6400
1088,50,6400
1089,48,6144
1090,47,6016
1091,47,6016
1092,48,6144
1093,47,6016
1094,47,6016
1095,48,6144
1096,47,6016
1097,48,6144
1098,48,6144
1099,48,6144
1100,48,6144
1101,48,6144
1102,48,6144
1103,48,6144
1104,48,6144
1105,48,6144
1106,48,6144
1107,48,6144
1108,48,6144
1109,48,6144
1110,48,6144
1111,49,6272
1112,48,6144
1113,48,6144
1114,48,6144
1115,49,6272
1116,49,6272
1117,48,6144
1118,48,6144
1119,48,6144
1120,49,6272
1121,49,6272
1122,49,6272
1123,49,6272
1124,48,6144
1125,48,6144
1126,47,6016
1127,47,6016
1128,48,6144
1129,48,6144
1130,48,6144
1131,48,6144
1132,48,6144
1133,48,6144
1134,48,6144
1135,48,6144
1136,47,6016
1137,47,6016
1138,48,6144
1139,48,6144
1140,48,6144
1141,48,6144
1142,48,6144
1143,49,6272
1144,49,6272
1145,49,6272
1146,48,6144
1147,48,6144
1148,48,6144
1149,48,6144
1150,48,6144
1151,48,6144
1152,49,6272
1153,49,6272
1154,49,6272
1155,50,6400
1156,50,6400
1157,50,6400
1158,51,6528
1159,52,6656
1160,52,6656
1161,52,6656
1162,52,6656
1163,53,6784
1164,53,6784
1165,50,6400
1166,50,6400
1167,50,6400
1168,49,6272
1169,49,6272
1170,49,6272
1171,49,6272
1172,49,6272
1173,50,6400
1174,50,6400
1175,50,6400
1176,50,6400
1177,50,6400
1178,50,6400
1179,51,6528
1180,50,6400
1181,51,6528
1182,51,6528
1183,51,6528
1184,51,6528
1185,50,6400
1186,50,6400
1187,50,6400
1188,51,6528
1189,50,6400
1190,50,6400
1191,50,6400
1192,50,6400
1193,50,6400
1194,50,6400
1195,51,6528
1196,52,6656
1197,52,6656
1198,52,6656
1199,52,6656
1200,53,6784
1201,52,6656
1202,52,6656
1203,52,6656
1204,52,6656
1205,52,6656
1206,52,6656
1207,52,6656
1208,53,6784
1209,53,6784
1210,53,6784
1211,53,6784
1212,53,6784
1213,53,6784
1214,53,6784
1215,53,6784
1216,53,6784
1217,53,6784
1218,53,6784
1219,52,6656
1220,52,6656
1221,52,6656
1222,52,6656
1223,52,6656
1224,52,6656
1225,53,6784
1226,53,6784
1227,53,6784
1228,52,6656
1229,52,6656
1230,52,6656
1231,52,6656
1232,53,6784
1233,53,6784
1234,53,6784
1235,53,6784
1236,52,6656
1237,52,6656
1238,52,6656
1239,52,6656
1240,52,6656
1241,52,6656
1242,52,6656
1243,52,6656
1244,52,6656
1245,53,6784
1246,53,6784
1247,52,6656
1248,51,6528
1249,51,6528
1250,51,6528
1251,51,6528
1252,52,6656
1253,50,6400
1254,51,6528
1255,51,6528
1256,49,6272
1257,49,6272
1258,49,6272
1259,49,6272
1260,50,6400
1261,50,6400
1262,49,6272
1263,49,6272
1264,49,6272
1265,50,6400
1266,50,6400
1267,50,6400
1268,49,6272
1269,49,6272
1270,49,6272
1271,50,6400
1272,50,6400
1273,50,6400
1274,51,6528
1275,51,6528
1276,49,6272
1277,49,6272
1278,49,6272
1279,49,6272
1280,49,6272
1281,49,6272
1282,49,6272
1283,49,6272
1284,49,6272
1285,50,6400
1286,50,6400
1287,50,6400
1288,51,6528
1289,50,6400
1290,52,6656
1291,51,6528
1292,50,6400
1293,50,6400
1294,49,6272
1295,50,6400
1296,50,6400
1297,49,6272
1298,49,6272
1299,49,6272
1300,49,6272
1301,49,6272
1302,50,6400
1303,50,6400
1304,49,6272
1305,49,6272
1306,50,6400
1307,50,6400
1308,49,6272
1309,49,6272
1310,50,6400
1311,50,6400
1312,50,6400
1313,50,6400
1314,50,6400
1315,50,6400
1316,50,6400
1317,50,6400
1318,50,6400
1319,50,6400
1320,50,6400
1321,50,6400
1322,50,6400
1323,49,6272
1324,49,6272
1325,49,6272
1326,49,6272
1327,49,6272
1328,49,6272
1329,50,6400
1330,50,6400
1331,50,6400
1332,50,6400
1333,50,6400
1334,50,6400
1335,51,6528
1336,51,6528
1337,51,6528
1338,51,6528
1339,51,6528
1340,51,6528
1341,51,6528
1342,51,6528
1343,50,6400
1344,50,6400
1345,50,6400
1346,49,6272
1347,49,6272
1348,49,6272
1349,49,6272
1350,49,6272
1351,49,6272
1352,50,6400
1353,50,6400
1354,50,6400
1355,50,6400
1356,50,6400
1357,50,6400
1358,50,6400
1359,51,6528
1360,51,6528
1361,51,6528
1362,51,6528
1363,52,6656
1364,52,6656
1365,52,6656
1366,51,6528
1367,51,6528
1368,52,6656
1369,52,6656
1370,51,6528
1371,52,6656
1372,53,6784
1373,52,6656
1374,52,6656
1375,52,6656
1376,52,6656
1377,52,6656
1378,52,6656
1379,52,6656
1380,53,6784
1381,52,6656
1382,53,6784
1383,52,6656
1384,52,6656
1385,52,6656
1386,52,6656
1387,52,6656
1388,52,6656
1389,53,6784
1390,53,6784
1391,53,6784
1392,53,6784
1393,51,6528
1394,52,6656
1395,52,6656
1396,52,6656
1397,52,6656
1398,52,6656
1399,52,6656
1400,52,6656
1401,53,6784
1402,52,6656
1403,52,6656
1404,52,6656
1405,52,6656
1406,52,6656
1407,53,6784
1408,53,6784
1409,53,6784
1410,52,6656
1411,52,6656
1412,52,6656
1413,52,6656
1414,52,6656
1415,52,6656
1416,52,6656
1417,52,6656
1418,51,6528
1419,52,6656
1420,52,6656
1421,52,6656
1422,52,6656
1423,52,6656
1424,52,6656
1425,52,6656
1426,50,6400
1427,51,6528
1428,51,6528
1429,51,6528
1430,51,6528
1431,51,6528
1432,51,6528
1433,52,6656
1434,52,6656
1435,51,6528
1436,51,6528
1437,51,6528
1438,51,6528
1439,51,6528
1440,51,6528
1441,52,6656
1442,52,6656
1443,49,6272
1444,50,6400
1445,49,6272
1446,50,6400
1447,51,6528
1448,51,6528
1449,51,6528
1450,53,6784
1451,51,6528
1452,51,6528
1453,51,6528
1454,51,6528
1455,51,6528
1456,50,6400
1457,50,6400
1458,50,6400
1459,50,6400
1460,50,6400
1461,50,6400
1462,51,6528
1463,51,6528
1464,51,6528
1465,51,6528
1466,51,6528
1467,49,6272
1468,49,6272
1469,49,6272
1470,48,6144
1471,48,6144
1472,48,6144
1473,49,6272
1474,49,6272
1475,49,6272
1476,49,6272
1477,49,6272
1478,49,6272
1479,49,6272
1480,50,6400
1481,50,6400
1482,51,6528
1483,50,6400
1484,50,6400
1485,50,6400
1486,51,6528
1487,51,6528
1488,51,6528
1489,51,6528
1490,51,6528
1491,52,6656
1492,52,6656
1493,52,6656
1494,52,6656
1495,52,6656
1496,51,6528
1497,51,6528
1498,52,6656
1499,51,6528
1500,51,6528
1501,51,6528
1502,52,6656
1503,52,6656
1504,52,6656
1505,52,6656
1506,52,6656
1507,52,6656
1508,52,6656
1509,51,6528
1510,52,6656
1511,52,6656
1512,53,6784
1513,53,6784
1514,53,6784
1515,53,6784
1516,53,6784
1517,54,6912
1518,53,6784
1519,53,6784
1520,53,6784
1521,53,6784
1522,53,6784
1523,54,6912
1524,54,6912
1525,54,6912
1526,53,6784
1527,53,6784
1528,52,6656
1529,49,6272
1530,49,6272
1531,49,6272
1532,49,6272
1533,48,6144
1534,48,6144
1535,48,6144
1536,48,6144
1537,48,6144
1538,48,6144
1539,49,6272
1540,49,6272
1541,48,6144
1542,49,6272
1543,49,6272
1544,49,6272
1545,49,6272
1546,48,6144
1547,48,6144
1548,49,6272
1549,49,6272
1550,49,6272
1551,49,6272
1552,49,6272
1553,49,6272
1554,49,6272
1555,48,6144
1556,48,6144
1557,48,6144
1558,49,6272
1559,48,6144
1560,48,6144
1561,48,6144
1562,49,6272
1563,50,6400
1564,50,6400
1565,50,6400
1566,50,6400
1567,49,6272
1568,48,6144
1569,49,6272
1570,49,6272
1571,49,6272
1572,49,6272
1573,49,6272
1574,50,6400
1575,50,6400
1576,48,6144
1577,48,6144
1578,48,6144
1579,48,6144
1580,48,6144
1581,48,6144
1582,48,6144
1583,48,6144
1584,48,6144
1585,48,6144
1586,48,6144
1587,49,6272
1588,49,6272
1589,48,6144
1590,49,6272
1591,49,6272
1592,48,6144
1593,48,6144
1594,49,6272
1595,49,6272
1596,49,6272
1597,47,6016
1598,48,6144
1599,48,6144
1600,48,6144
1601,48,6144
1602,49,6272
1603,50,6400
1604,50,6400
1605,51,6528
1606,51,6528
1607,51,6528
1608,50,6400
1609,51,6528
1610,51,6528
1611,51,6528
1612,51,6528
1613,51,6528
1614,51,6528
1615,51,6528
1616,50,6400
1617,50,6400
1618,50,6400
1619,50,6400
1620,50,6400
1621,51,6528
1622,50,6400
1623,50,6400
1624,50,6400
1625,50,6400
1626,50,6400
1627,50,6400
1628,50,6400
1629,49,6272
1630,49,6272
1631,49,6272
1632,49,6272
1633,49,6272
1634,49,6272
1635,49,6272
1636,49,6272
1637,49,6272
1638,49,6272
1639,49,6272
1640,48,6144
1641,48,6144
1642,49,6272
1643,48,6144
1644,48,6144
1645,48,6144
1646,48,6144
1647,48,6144
1648,49,6272
1649,49,6272
1650,50,6400
1651,50,6400
1652,50,6400
1653,50,6400
1654,50,6400
1655,50,6400
1656,50,6400
1657,50,6400
1658,50,6400
1659,50,6400
1660,49,6272
1661,51,6528
1662,51,6528
1663,51,6528
1664,51,6528
1665,52,6656
1666,51,6528
1667,52,6656
1668,50,6400
1669,50,6400
1670,50,6400
1671,49,6272
1672,50,6400
1673,49,6272
1674,50,6400
1675,50,6400
1676,50,6400
1677,50,6400
1678,50,6400
1679,50,6400
1680,50,6400
1681,50,6400
1682,51,6528
1683,51,6528
1684,51,6528
1685,51,6528
1686,51,6528
1687,51,6528
1688,50,6400
1689,50,6400
1690,50,6400
1691,51,6528
1692,51,6528
1693,49,6272
1694,50,6400
1695,50,6400
1696,49,6272
1697,50,6400
1698,50,6400
1699,50,6400
1700,50,6400
1701,50,6400
1702,49,6272
1703,50,6400
1704,49,6272
1705,50,6400
1706,50,6400
1707,49,6272
1708,49,6272
1709,49,6272
1710,49,6272
1711,49,6272
1712,49,6272
1713,49,6272
1714,49,6272
1715,49,6272
1716,49,6272
1717,50,6400
1718,50,6400
1719,51,6528
1720,50,6400
1721,50,6400
1722,51,6528
1723,50,6400
1724,50,6400
1725,50,6400
1726,50,6400
1727,50,6400
1728,50,6400
1729,50,6400
1730,50,6400
1731,50,6400
1732,50,6400
1733,51,6528
1734,50,6400
1735,50,6400
1736,50,6400
1737,51,6528
1738,50,6400
1739,51,6528
1740,51,6528
1741,51,6528
1742,52,6656
1743,51,6528
1744,51,6528
1745,52,6656
1746,52,6656
1747,52,6656
1748,52,6656
1749,52,6656
1750,52,6656
1751,52,6656
1752,52,6656
1753,52,6656
1754,52,6656
1755,52,6656
1756,52,6656
1757,52,6656
1758,52,6656
1759,52,6656
1760,52,6656
1761,52,6656
1762,52,6656
1763,52,6656
1764,52,6656
1765,52,6656
1766,52,6656
1767,53,6784
1768,53,6784
1769,53,6784
1770,51,6528
1771,51,6528
1772,51,6528
1773,50,6400
1774,51,6528
1775,51,6528
1776,52,6656
1777,51,6528
1778,50,6400
1779,51,6528
1780,51,6528
1781,50,6400
1782,51,6528
1783,51,6528
1784,51,6528
1785,51,6528
1786,51,6528
1787,52,6656
1788,50,6400
1789,51,6528
1790,51,6528
1791,51,6528
1792,50,6400
1793,50,6400
1794,50,6400
1795,51,6528
1796,51,6528
1797,51,6528
1798,51,6528
1799,51,6528
1800,51,6528
1801,50,6400
1802,50,6400
1803,50,6400
1804,51,6528
1805,51,6528
1806,51,6528
1807,51,6528
1808,51,6528
1809,50,6400
1810,50,6400
1811,51,6528
1812,51,6528
1813,51,6528
1814,51,6528
1815,51,6528
1816,50,6400
1817,50,6400
1818,50,6400
1819,49,6272
1820,49,6272
1821,50,6400
1822,49,6272
1823,50,6400
1824,49,6272
1825,50,6400
1826,51,6528
1827,50,6400
1828,51,6528
1829,51,6528
1830,50,6400
1831,50,6400
1832,50,6400
1833,50,6400
1834,50,6400
1835,50,6400
1836,50,6400
1837,50,6400
1838,50,6400
1839,51,6528
1840,51,6528
1841,51,6528
1842,51,6528
1843,51,6528
1844,51,6528
1845,51,6528
1846,51,6528
1847,51,6528
1848,51,6528
1849,51,6528
1850,52,6656
1851,52,6656
1852,51,6528
1853,49,6272
1854,49,6272
1855,50,6400
1856,50,6400
1857,50,6400
1858,50,6400
1859,50,6400
1860,49,6272
1861,49,6272
1862,49,6272
1863,49,6272
1864,49,6272
1865,49,6272
1866,49,6272
1867,49,6272
1868,50,6400
1869,50,6400
1870,50,6400
1871,50,6400
1872,50,6400
1873,49,6272
1874,49,6272
1875,49,6272
1876,49,6272
1877,50,6400
1878,50,6400
1879,50,6400
1880,50,6400
1881,51,6528
1882,49,6272
1883,49,6272
1884,49,6272
1885,49,6272
1886,47,6016
1887,48,6144
1888,48,6144
1889,48,6144
1890,48,6144
1891,48,6144
1892,48,6144
1893,47,6016
1894,47,6016
1895,48,6144
1896,48,6144
1897,48,6144
1898,48,6144
1899,48,6144
1900,48,6144
1901,49,6272
1902,50,6400
1903,49,6272
1904,49,6272
1905,49,6272
1906,49,6272
1907,49,6272
1908,49,6272
1909,49,6272
1910,49,6272
1911,48,6144
1912,48,6144
1913,48,6144
1914,48,6144
1915,48,6144
1916,48,6144
1917,47,6016
1918,48,6144
1919,47,6016
1920,47,6016
1921,48,6144
1922,47,6016
1923,47,6016
1924,47,6016
1925,47,6016
1926,46,5888
1927,46,5888
1928,46,5888
1929,47,6016
1930,48,6144
1931,48,6144
1932,48,6144
1933,49,6272
1934,47,6016
1935,47,6016
1936,47,6016
1937,47,6016
1938,48,6144
1939,48,6144
1940,48,6144
1941,47,6016
1942,46,5888
1943,46,5888
1944,46,5888
1945,46,5888
1946,46,5888
1947,47,6016
1948,47,6016
1949,47,6016
1950,48,6144
1951,48,6144
1952,48,6144
1953,48,6144
1954,47,6016
1955,47,6016
1956,47,6016
1957,47,6016
1958,47,6016
1959,47,6016
1960,48,6144
1961,49,6272
1962,49,6272
1963,49,6272
1964,49,6272
1965,50,6400
1966,50,6400
1967,50,6400
1968,50,6400
1969,50,6400
1970,51,6528
1971,50,6400
1972,49,6272
1973,49,6272
1974,49,6272
1975,50,6400
1976,51,6528
1977,52,6656
1978,51,6528
1979,52,6656
1980,51,6528
1981,50,6400
1982,50,6400
1983,50,6400
1984,50,6400
1985,50,6400
1986,50,6400
1987,50,6400
1988,50,6400
1989,50,6400
1990,48,6144
1991,48,6144
1992,49,6272
1993,49,6272
1994,49,6272
1995,48,6144
1996,48,6144
1997,47,6016
1998,46,5888
1999,47,6016
2000,46,5888
