RandomSeed,7403,Population size:128,Bit Length:64,Crossover Rate:0,Mutation Rate:0.005
gen,BestFitness,FitnessEval
1,41,5248
2,41,5248
3,40,5120
4,40,5120
5,41,5248
6,42,5376
7,42,5376
8,42,5376
9,43,5504
10,43,5504
11,43,5504
12,43,5504
13,43,5504
14,43,5504
15,43,5504
16,42,5376
17,43,5504
18,43,5504
19,42,5376
20,43,5504
21,42,5376
22,43,5504
23,43,5504
24,42,5376
25,42,5376
26,42,5376
27,42,5376
28,42,5376
29,43,5504
30,43,5504
31,43,5504
32,43,5504
33,43,5504
34,43,5504
35,44,5632
36,43,5504
37,43,5504
38,44,5632
39,43,5504
40,43,5504
41,43,5504
42,44,5632
43,44,5632
44,44,5632
45,43,5504
46,44,5632
47,44,5632
48,44,5632
49,44,5632
50,44,5632
51,44,5632
52,44,5632
53,44,5632
54,44,5632
55,44,5632
56,44,5632
57,44,5632
58,45,5760
59,45,5760
60,44,5632
61,46,5888
62,44,5632
63,44,5632
64,44,5632
65,44,5632
66,45,5760
67,44,5632
68,44,5632
69,44,5632
70,44,5632
71,45,5760
72,44,5632
73,45,5760
74,45,5760
75,45,5760
76,46,5888
77,46,5888
78,46,5888
79,46,5888
80,46,5888
81,46,5888
82,46,5888
83,46,5888
84,46,5888
85,47,6016
86,47,6016
87,46,5888
88,46,5888
89,47,6016
90,46,5888
91,46,5888
92,47,6016
93,47,6016
94,47,6016
95,47,6016
96,47,6016
97,48,6144
98,48,6144
99,48,6144
100,48,6144
101,48,6144
102,49,6272
103,49,6272
104,49,6272
105,49,6272
106,49,6272
107,49,6272
108,49,6272
109,49,6272
110,49,6272
111,48,6144
112,49,6272
113,48,6144
114,48,6144
115,48,6144
116,48,6144
117,47,6016
118,47,6016
119,48,6144
120,46,5888
121,46,5888
122,45,5760
123,46,5888
124,46,5888
125,46,5888
126,46,5888
127,46,5888
128,46,5888
129,46,5888
130,46,5888
131,45,5760
132,46,5888
133,47,6016
134,47,6016
135,47,6016
136,47,6016
137,47,6016
138,48,6144
139,47,6016
140,47,6016
141,47,6016
142,47,6016
143,46,5888
144,46,5888
145,46,5888
146,47,6016
147,47,6016
148,47,6016
149,47,6016
150,48,6144
151,48,6144
152,48,6144
153,48,6144
154,49,6272
155,48,6144
156,48,6144
157,47,6016
158,47,6016
159,47,6016
160,47,6016
161,47,6016
162,48,6144
163,46,5888
164,47,6016
165,46,5888
166,47,6016
167,47,6016
168,48,6144
169,47,6016
170,48,6144
171,48,6144
172,48,6144
173,48,6144
174,49,6272
175,49,6272
176,49,6272
177,49,6272
178,49,6272
179,50,6400
180,50,6400
181,49,6272
182,49,6272
183,49,6272
184,49,6272
185,49,6272
186,49,6272
187,50,6400
188,50,6400
189,50,6400
190,48,6144
191,48,6144
192,49,6272
193,49,6272
194,49,6272
195,50,6400
196,50,6400
197,50,6400
198,50,6400
199,48,6144
200,48,6144
201,48,6144
202,48,6144
203,48,6144
204,48,6144
205,48,6144
206,48,6144
207,48,6144
208,48,6144
209,48,6144
210,48,6144
211,48,6144
212,49,6272
213,46,5888
214,46,5888
215,47,6016
216,47,6016
217,47,6016
218,48,6144
219,48,6144
220,48,6144
221,48,6144
222,51,6528
223,51,6528
224,51,6528
225,51,6528
226,51,6528
227,51,6528
228,51,6528
229,51,6528
230,51,6528
231,51,6528
232,51,6528
233,51,6528
234,51,6528
235,51,6528
236,51,6528
237,52,6656
238,53,6784
239,51,6528
240,51,6528
241,51,6528
242,51,6528
243,49,6272
244,49,6272
245,50,6400
246,50,6400
247,50,6400
248,50,6400
249,50,6400
250,50,6400
251,51,6528
252,50,6400
253,50,6400
254,50,6400
255,50,6400
256,50,6400
257,49,6272
258,49,6272
259,50,6400
260,49,6272
261,49,6272
262,48,6144
263,48,6144
264,48,6144
265,49,6272
266,48,6144
267,48,6144
268,48,6144
269,49,6272
270,49,6272
271,48,6144
272,47,6016
273,48,6144
274,48,6144
275,49,6272
276,48,6144
277,49,6272
278,48,6144
279,48,6144
280,48,6144
281,48,6144
282,48,6144
283,48,6144
284,48,6144
285,49,6272
286,49,6272
287,48,6144
288,48,6144
289,49,6272
290,48,6144
291,48,6144
292,49,6272
293,50,6400
294,48,6144
295,48,6144
296,48,6144
297,48,6144
298,47,6016
299,47,6016
300,47,6016
301,47,6016
302,47,6016
303,47,6016
304,47,6016
305,47,6016
306,48,6144
307,48,6144
308,47,6016
309,47,6016
310,47,6016
311,47,6016
312,47,6016
313,47,6016
314,48,6144
315,48,6144
316,48,6144
317,49,6272
318,48,6144
319,48,6144
320,47,6016
321,47,6016
322,47,6016
323,47,6016
324,47,6016
325,47,6016
326,47,6016
327,47,6016
328,47,6016
329,47,6016
330,47,6016
331,47,6016
332,46,5888
333,46,5888
334,46,5888
335,47,6016
336,46,5888
337,46,5888
338,46,5888
339,47,6016
340,47,6016
341,47,6016
342,47,6016
343,47,6016
344,48,6144
345,48,6144
346,48,6144
347,47,6016
348,47,6016
349,48,6144
350,48,6144
351,48,6144
352,48,6144
353,47,6016
354,47,6016
355,48,6144
356,48,6144
357,48,6144
358,47,6016
359,47,6016
360,47,6016
361,47,6016
362,48,6144
363,48,6144
364,47,6016
365,48,6144
366,48,6144
367,48,6144
368,48,6144
369,48,6144
370,47,6016
371,47,6016
372,47,6016
373,47,6016
374,48,6144
375,47,6016
376,47,6016
377,47,6016
378,46,5888
379,46,5888
380,46,5888
381,46,5888
382,46,5888
383,47,6016
384,47,6016
385,48,6144
386,46,5888
387,46,5888
388,47,6016
389,47,6016
390,46,5888
391,46,5888
392,47,6016
393,46,5888
394,46,5888
395,46,5888
396,46,5888
397,47,6016
398,47,6016
399,47,6016
400,47,6016
401,47,6016
402,48,6144
403,48,6144
404,48,6144
405,48,6144
406,47,6016
407,47,6016
408,47,6016
409,47,6016
410,47,6016
411,47,6016
412,47,6016
413,48,6144
414,48,6144
415,47,6016
416,47,6016
417,47,6016
418,48,6144
419,47,6016
420,48,6144
421,48,6144
422,48,6144
423,48,6144
424,48,6144
425,48,6144
426,48,6144
427,48,6144
428,48,6144
429,49,6272
430,49,6272
431,49,6272
432,49,6272
433,49,6272
434,48,6144
435,48,6144
436,48,6144
437,48,6144
438,48,6144
439,47,6016
440,48,6144
441,48,6144
442,48,6144
443,48,6144
444,47,6016
445,47,6016
446,47,6016
447,47,6016
448,47,6016
449,47,6016
450,47,6016
451,48,6144
452,47,6016
453,48,6144
454,47,6016
455,47,6016
456,46,5888
457,47,6016
458,47,6016
459,47,6016
460,47,6016
461,47,6016
462,47,6016
463,49,6272
464,49,6272
465,49,6272
466,46,5888
467,46,5888
468,46,5888
469,46,5888
470,47,6016
471,47,6016
472,47,6016
473,46,5888
474,47,6016
475,46,5888
476,46,5888
477,46,5888
478,47,6016
479,47,6016
480,47,6016
481,47,6016
482,46,5888
483,46,5888
484,47,6016
485,47,6016
486,47,6016
487,48,6144
488,48,6144
489,48,6144
490,48,6144
491,48,6144
492,49,6272
493,49,6272
494,50,6400
495,50,6400
496,50,6400
497,50,6400
498,49,6272
499,50,6400
500,50,6400
501,50,6400
502,50,6400
503,51,6528
504,51,6528
505,52,6656
506,52,6656
507,52,6656
508,52,6656
509,52,6656
510,52,6656
511,52,6656
512,53,6784
513,53,6784
514,53,6784
515,53,6784
516,52,6656
517,51,6528
518,52,6656
519,52,6656
520,52,6656
521,52,6656
522,53,6784
523,53,6784
524,53,6784
525,54,6912
526,54,6912
527,54,6912
528,54,6912
529,53,6784
530,53,6784
531,53,6784
532,53,6784
533,53,6784
534,53,6784
535,53,6784
536,53,6784
537,53,6784
538,53,6784
539,54,6912
540,53,6784
541,53,6784
542,53,6784
543,53,6784
544,53,6784
545,53,6784
546,54,6912
547,54,6912
548,54,6912
549,54,6912
550,54,6912
551,54,6912
552,54,6912
553,54,6912
554,54,6912
555,54,6912
556,54,6912
557,54,6912
558,54,6912
559,54,6912
560,54,6912
561,54,6912
562,54,6912
563,55,7040
564,54,6912
565,54,6912
566,54,6912
567,53,6784
568,54,6912
569,53,6784
570,53,6784
571,53,6784
572,53,6784
573,53,6784
574,53,6784
575,54,6912
576,54,6912
577,54,6912
578,54,6912
579,53,6784
580,53,6784
581,52,6656
582,52,6656
583,52,6656
584,52,6656
585,52,6656
586,52,6656
587,53,6784
588,52,6656
589,53,6784
590,53,6784
591,53,6784
592,53,6784
593,52,6656
594,52,6656
595,52,6656
596,52,6656
597,52,6656
598,52,6656
599,52,6656
600,53,6784
601,53,6784
602,54,6912
603,54,6912
604,54,6912
605,54,6912
606,55,7040
607,54,6912
608,54,6912
609,55,7040
610,55,7040
611,55,7040
612,55,7040
613,55,7040
614,55,7040
615,54,6912
616,54,6912
617,54,6912
618,54,6912
619,54,6912
620,54,6912
621,54,6912
622,54,6912
623,54,6912
624,54,6912
625,53,6784
626,53,6784
627,53,6784
628,53,6784
629,53,6784
630,52,6656
631,52,6656
632,52,6656
633,52,6656
634,51,6528
635,51,6528
636,51,6528
637,50,6400
638,50,6400
639,50,6400
640,50,6400
641,49,6272
642,49,6272
643,49,6272
644,49,6272
645,49,6272
646,49,6272
647,49,6272
648,50,6400
649,50,6400
650,51,6528
651,51,6528
652,51,6528
653,51,6528
654,51,6528
655,51,6528
656,52,6656
657,51,6528
658,51,6528
659,51,6528
660,51,6528
661,50,6400
662,50,6400
663,50,6400
664,50,6400
665,50,6400
666,50,6400
667,50,6400
668,50,6400
669,50,6400
670,51,6528
671,50,6400
672,50,6400
673,50,6400
674,50,6400
675,51,6528
676,51,6528
677,50,6400
678,50,6400
679,50,6400
680,50,6400
681,50,6400
682,50,6400
683,50,6400
684,50,6400
685,50,6400
686,50,6400
687,50,6400
688,50,6400
689,49,6272
690,49,6272
691,48,6144
692,48,6144
693,49,6272
694,49,6272
695,49,6272
696,49,6272
697,49,6272
698,49,6272
699,49,6272
700,48,6144
701,49,6272
702,49,6272
703,49,6272
704,49,6272
705,49,6272
706,49,6272
707,50,6400
708,50,6400
709,50,6400
710,50,6400
711,50,6400
712,50,6400
713,51,6528
714,52,6656
715,52,6656
716,52,6656
717,53,6784
718,52,6656
719,53,6784
720,51,6528
721,51,6528
722,51,6528
723,52,6656
724,52,6656
725,53,6784
726,52,6656
727,52,6656
728,51,6528
729,51,6528
730,51,6528
731,51,6528
732,51,6528
733,51,6528
734,52,6656
735,52,6656
736,52,6656
737,52,6656
738,51,6528
739,51,6528
740,51,6528
741,51,6528
742,51,6528
743,51,6528
744,51,6528
745,51,6528
746,51,6528
747,51,6528
748,51,6528
749,51,6528
750,50,6400
751,49,6272
752,49,6272
753,49,6272
754,49,6272
755,49,6272
756,49,6272
757,50,6400
758,50,6400
759,50,6400
760,50,6400
761,49,6272
762,49,6272
763,49,6272
764,49,6272
765,49,6272
766,49,6272
767,50,6400
768,50,6400
769,50,6400
770,50,6400
771,50,6400
772,50,6400
773,50,6400
774,49,6272
775,50,6400
776,50,6400
777,51,6528
778,51,6528
779,50,6400
780,50,6400
781,50,6400
782,50,6400
783,51,6528
784,51,6528
785,50,6400
786,49,6272
787,49,6272
788,49,6272
789,49,6272
790,49,6272
791,49,6272
792,49,6272
793,48,6144
794,48,6144
795,48,6144
796,48,6144
797,48,6144
798,48,6144
799,48,6144
800,48,6144
801,48,6144
802,48,6144
803,48,6144
804,48,6144
805,49,6272
806,49,6272
807,49,6272
808,49,6272
809,49,6272
810,48,6144
811,48,6144
812,49,6272
813,49,6272
814,48,6144
815,49,6272
816,48,6144
817,49,6272
818,49,6272
819,48,6144
820,49,6272
821,50,6400
822,50,6400
823,50,6400
824,51,6528
825,51,6528
826,50,6400
827,50,6400
828,50,6400
829,51,6528
830,51,6528
831,51,6528
832,51,6528
833,51,6528
834,51,6528
835,50,6400
836,50,6400
837,50,6400
838,50,6400
839,49,6272
840,50,6400
841,50,6400
842,51,6528
843,50,6400
844,50,6400
845,50,6400
846,49,6272
847,50,6400
848,50,6400
849,50,6400
850,50,6400
851,50,6400
852,49,6272
853,49,6272
854,49,6272
855,50,6400
856,49,6272
857,50,6400
858,50,6400
859,50,6400
860,50,6400
861,50,6400
862,49,6272
863,49,6272
864,49,6272
865,49,6272
866,49,6272
867,50,6400
868,49,6272
869,49,6272
870,49,6272
871,49,6272
872,50,6400
873,49,6272
874,49,6272
875,50,6400
876,50,6400
877,50,6400
878,50,6400
879,50,6400
880,50,6400
881,51,6528
882,52,6656
883,51,6528
884,50,6400
885,50,6400
886,50,6400
887,49,6272
888,49,6272
889,50,6400
890,49,6272
891,50,6400
892,49,6272
893,50,6400
894,50,6400
895,49,6272
896,49,6272
897,49,6272
898,49,6272
899,49,6272
900,49,6272
901,48,6144
902,48,6144
903,49,6272
904,48,6144
905,48,6144
906,48,6144
907,48,6144
908,48,6144
909,48,6144
910,48,6144
911,49,6272
912,48,6144
913,48,6144
914,48,6144
915,48,6144
916,47,6016
917,47,6016
918,47,6016
919,47,6016
920,47,6016
921,47,6016
922,47,6016
923,47,6016
924,46,5888
925,46,5888
926,46,5888
927,46,5888
928,46,5888
929,46,5888
930,46,5888
931,46,5888
932,46,5888
933,47,6016
934,47,6016
935,48,6144
936,48,6144
937,48,6144
938,47,6016
939,47,6016
940,47,6016
941,48,6144
942,48,6144
943,48,6144
944,48,6144
945,48,6144
946,49,6272
947,49,6272
948,49,6272
949,48,6144
950,49,6272
951,49,6272
952,49,6272
953,48,6144
954,48,6144
955,47,6016
956,48,6144
957,48,6144
958,49,6272
959,48,6144
960,49,6272
961,50,6400
962,48,6144
963,47,6016
964,47,6016
965,48,6144
966,49,6272
967,49,6272
968,49,6272
969,49,6272
970,50,6400
971,50,6400
972,49,6272
973,49,6272
974,49,6272
975,49,6272
976,49,6272
977,49,6272
978,49,6272
979,49,6272
980,49,6272
981,50,6400
982,50,6400
983,50,6400
984,51,6528
985,51,6528
986,51,6528
987,51,6528
988,51,6528
989,51,6528
990,51,6528
991,53,6784
992,54,6912
993,53,6784
994,52,6656
995,53,6784
996,53,6784
997,52,6656
998,53,6784
999,53,6784
1000,52,6656
1001,53,6784
1002,53,6784
1003,53,6784
1004,53,6784
1005,54,6912
1006,53,6784
1007,53,6784
1008,53,6784
1009,53,6784
1010,53,6784
1011,53,6784
1012,53,6784
1013,54,6912
1014,54,6912
1015,54,6912
1016,54,6912
1017,54,6912
1018,54,6912
1019,53,6784
1020,53,6784
1021,53,6784
1022,53,6784
1023,53,6784
1024,54,6912
1025,52,6656
1026,53,6784
1027,53,6784
1028,53,6784
1029,54,6912
1030,53,6784
1031,54,6912
1032,53,6784
1033,52,6656
1034,52,6656
1035,52,6656
1036,52,6656
1037,52,6656
1038,51,6528
1039,51,6528
1040,51,6528
1041,52,6656
1042,51,6528
1043,52,6656
1044,51,6528
1045,51,6528
1046,52,6656
1047,52,6656
1048,53,6784
1049,53,6784
1050,51,6528
1051,51,6528
1052,51,6528
1053,50,6400
1054,51,6528
1055,51,6528
1056,51,6528
1057,51,6528
1058,51,6528
1059,50,6400
1060,50,6400
1061,50,6400
1062,50,6400
1063,50,6400
1064,50,6400
1065,51,6528
1066,51,6528
1067,50,6400
1068,50,6400
1069,51,6528
1070,51,6528
1071,50,6400
1072,50,6400
1073,50,6400
1074,50,6400
1075,50,6400
1076,50,6400
1077,51,6528
1078,50,6400
1079,50,6400
1080,50,6400
1081,50,6400
1082,51,6528
1083,51,6528
1084,51,6528
1085,51,6528
1086,51,6528
1087,52,6656
1088,52,6656
1089,52,6656
1090,52,6656
1091,51,6528
1092,51,6528
1093,52,6656
1094,51,6528
1095,52,6656
1096,51,6528
1097,51,6528
1098,51,6528
1099,51,6528
1100,51,6528
1101,51,6528
1102,51,6528
1103,51,6528
1104,51,6528
1105,53,6784
1106,53,6784
1107,52,6656
1108,52,6656
1109,52,6656
1110,51,6528
1111,52,6656
1112,52,6656
1113,52,6656
1114,52,6656
1115,53,6784
1116,53,6784
1117,53,6784
1118,51,6528
1119,51,6528
1120,51,6528
1121,51,6528
1122,50,6400
1123,50,6400
1124,51,6528
1125,50,6400
1126,50,6400
1127,50,6400
1128,50,6400
1129,50,6400
1130,50,6400
1131,50,6400
1132,52,6656
1133,52,6656
1134,52,6656
1135,52,6656
1136,51,6528
1137,51,6528
1138,51,6528
1139,51,6528
1140,51,6528
1141,52,6656
1142,52,6656
1143,52,6656
1144,50,6400
1145,50,6400
1146,50,6400
1147,50,6400
1148,51,6528
1149,51,6528
1150,51,6528
1151,51,6528
1152,51,6528
1153,51,6528
1154,52,6656
1155,51,6528
1156,53,6784
1157,53,6784
1158,53,6784
1159,53,6784
1160,53,6784
1161,53,6784
1162,53,6784
1163,53,6784
1164,52,6656
1165,52,6656
1166,52,6656
1167,52,6656
1168,53,6784
1169,52,6656
1170,52,6656
1171,52,6656
1172,52,6656
1173,52,6656
1174,52,6656
1175,52,6656
1176,52,6656
1177,52,6656
1178,53,6784
1179,52,6656
1180,52,6656
1181,53,6784
1182,53,6784
1183,53,6784
1184,54,6912
1185,54,6912
1186,54,6912
1187,54,6912
1188,55,7040
1189,55,7040
1190,55,7040
1191,54,6912
1192,54,6912
1193,54,6912
1194,54,6912
1195,54,6912
1196,54,6912
1197,54,6912
1198,55,7040
1199,55,7040
1200,55,7040
1201,56,7168
1202,56,7168
1203,55,7040
1204,55,7040
1205,55,7040
1206,55,7040
1207,56,7168
1208,56,7168
1209,56,7168
1210,56,7168
1211,56,7168
1212,56,7168
1213,56,7168
1214,56,7168
1215,56,7168
1216,56,7168
1217,56,7168
1218,56,7168
1219,55,7040
1220,55,7040
1221,55,7040
1222,55,7040
1223,56,7168
1224,55,7040
1225,56,7168
1226,56,7168
1227,57,7296
1228,57,7296
1229,57,7296
1230,57,7296
1231,57,7296
1232,56,7168
1233,56,7168
1234,55,7040
1235,55,7040
1236,55,7040
1237,55,7040
1238,55,7040
1239,55,7040
1240,55,7040
1241,55,7040
1242,55,7040
1243,55,7040
1244,55,7040
1245,55,7040
1246,55,7040
1247,55,7040
1248,53,6784
1249,55,7040
1250,55,7040
1251,53,6784
1252,53,6784
1253,53,6784
1254,53,6784
1255,52,6656
1256,52,6656
1257,51,6528
1258,51,6528
1259,51,6528
1260,52,6656
1261,52,6656
1262,52,6656
1263,52,6656
1264,52,6656
1265,52,6656
1266,52,6656
1267,51,6528
1268,51,6528
1269,51,6528
1270,51,6528
1271,51,6528
1272,51,6528
1273,51,6528
1274,51,6528
1275,51,6528
1276,51,6528
1277,52,6656
1278,51,6528
1279,52,6656
1280,52,6656
1281,52,6656
1282,52,6656
1283,52,6656
1284,52,6656
1285,49,6272
1286,49,6272
1287,49,6272
1288,49,6272
1289,49,6272
1290,49,6272
1291,49,6272
1292,49,6272
1293,49,6272
1294,49,6272
1295,49,6272
1296,50,6400
1297,49,6272
1298,50,6400
1299,50,6400
1300,50,6400
1301,50,6400
1302,49,6272
1303,49,6272
1304,49,6272
1305,49,6272
1306,49,6272
1307,49,6272
1308,49,6272
1309,48,6144
1310,49,6272
1311,49,6272
1312,48,6144
1313,48,6144
1314,49,6272
1315,49,6272
1316,49,6272
1317,49,6272
1318,49,6272
1319,49,6272
1320,49,6272
1321,49,6272
1322,49,6272
1323,48,6144
1324,48,6144
1325,49,6272
1326,48,6144
1327,48,6144
1328,48,6144
1329,48,6144
1330,48,6144
1331,48,6144
1332,49,6272
1333,49,6272
1334,49,6272
1335,49,6272
1336,49,6272
1337,50,6400
1338,50,6400
1339,50,6400
1340,50,6400
1341,51,6528
1342,49,6272
1343,49,6272
1344,49,6272
1345,49,6272
1346,49,6272
1347,48,6144
1348,49,6272
1349,49,6272
1350,49,6272
1351,49,6272
1352,50,6400
1353,49,6272
1354,50,6400
1355,50,6400
1356,50,6400
1357,50,6400
1358,50,6400
1359,49,6272
1360,49,6272
1361,49,6272
1362,49,6272
1363,48,6144
1364,48,6144
1365,48,6144
1366,49,6272
1367,49,6272
1368,49,6272
1369,49,6272
1370,49,6272
1371,49,6272
1372,49,6272
1373,49,6272
1374,49,6272
1375,48,6144
1376,48,6144
1377,48,6144
1378,48,6144
1379,48,6144
1380,48,6144
1381,48,6144
1382,48,6144
1383,45,5760
1384,45,5760
1385,46,5888
1386,45,5760
1387,45,5760
1388,45,5760
1389,44,5632
1390,45,5760
1391,45,5760
1392,44,5632
1393,44,5632
1394,45,5760
1395,45,5760
1396,45,5760
1397,45,5760
1398,45,5760
1399,44,5632
1400,44,5632
1401,44,5632
1402,44,5632
1403,44,5632
1404,44,5632
1405,44,5632
1406,44,5632
1407,44,5632
1408,44,5632
1409,44,5632
1410,44,5632
1411,44,5632
1412,44,5632
1413,44,5632
1414,44,5632
1415,45,5760
1416,45,5760
1417,46,5888
1418,46,5888
1419,45,5760
1420,45,5760
1421,46,5888
1422,46,5888
1423,46,5888
1424,45,5760
1425,45,5760
1426,46,5888
1427,46,5888
1428,46,5888
1429,46,5888
1430,46,5888
1431,47,6016
1432,47,6016
1433,47,6016
1434,47,6016
1435,47,6016
1436,47,6016
1437,47,6016
1438,47,6016
1439,48,6144
1440,48,6144
1441,48,6144
1442,48,6144
1443,48,6144
1444,47,6016
1445,47,6016
1446,47,6016
1447,47,6016
1448,47,6016
1449,47,6016
1450,48,6144
1451,48,6144
1452,48,6144
1453,49,6272
1454,49,6272
1455,49,6272
1456,49,6272
1457,49,6272
1458,49,6272
1459,49,6272
1460,48,6144
1461,48,6144
1462,48,6144
1463,48,6144
1464,49,6272
1465,49,6272
1466,47,6016
1467,48,6144
1468,49,6272
1469,49,6272
1470,49,6272
1471,48,6144
1472,49,6272
1473,47,6016
1474,47,6016
1475,48,6144
1476,47,6016
1477,49,6272
1478,48,6144
1479,48,6144
1480,48,6144
1481,47,6016
1482,47,6016
1483,48,6144
1484,48,6144
1485,48,6144
1486,48,6144
1487,48,6144
1488,48,6144
1489,48,6144
1490,48,6144
1491,48,6144
1492,48,6144
1493,48,6144
1494,47,6016
1495,47,6016
1496,47,6016
1497,47,6016
1498,47,6016
1499,48,6144
1500,47,6016
1501,48,6144
1502,48,6144
1503,48,6144
1504,49,6272
1505,49,6272
1506,48,6144
1507,49,6272
1508,48,6144
1509,49,6272
1510,49,6272
1511,49,6272
1512,49,6272
1513,48,6144
1514,48,6144
1515,47,6016
1516,47,6016
1517,47,6016
1518,47,6016
1519,47,6016
1520,47,6016
1521,47,6016
1522,48,6144
1523,48,6144
1524,48,6144
1525,48,6144
1526,49,6272
1527,49,6272
1528,49,6272
1529,49,6272
1530,49,6272
1531,48,6144
1532,47,6016
1533,48,6144
1534,48,6144
1535,49,6272
1536,49,6272
1537,49,6272
1538,49,6272
1539,50,6400
1540,49,6272
1541,48,6144
1542,48,6144
1543,47,6016
1544,47,6016
1545,47,6016
1546,47,6016
1547,47,6016
1548,47,6016
1549,48,6144
1550,48,6144
1551,48,6144
1552,48,6144
1553,48,6144
1554,49,6272
1555,49,6272
1556,49,6272
1557,49,6272
1558,50,6400
1559,50,6400
1560,50,6400
1561,51,6528
1562,50,6400
1563,51,6528
1564,51,6528
1565,51,6528
1566,50,6400
1567,50,6400
1568,49,6272
1569,50,6400
1570,49,6272
1571,49,6272
1572,49,6272
1573,48,6144
1574,48,6144
1575,48,6144
1576,49,6272
1577,49,6272
1578,50,6400
1579,50,6400
1580,50,6400
1581,50,6400
1582,50,6400
1583,50,6400
1584,50,6400
1585,50,6400
1586,50,6400
1587,50,6400
1588,50,6400
1589,50,6400
1590,50,6400
1591,51,6528
1592,51,6528
1593,51,6528
1594,51,6528
1595,50,6400
1596,50,6400
1597,50,6400
1598,50,6400
1599,50,6400
1600,50,6400
1601,49,6272
1602,50,6400
1603,50,6400
1604,50,6400
1605,49,6272
1606,50,6400
1607,50,6400
1608,50,6400
1609,50,6400
1610,50,6400
1611,50,6400
1612,50,6400
1613,50,6400
1614,49,6272
1615,49,6272
1616,50,6400
1617,50,6400
1618,52,6656
1619,53,6784
1620,53,6784
1621,53,6784
1622,53,6784
1623,53,6784
1624,52,6656
1625,52,6656
1626,52,6656
1627,52,6656
1628,52,6656
1629,53,6784
1630,53,6784
1631,54,6912
1632,54,6912
1633,54,6912
1634,53,6784
1635,54,6912
1636,52,6656
1637,52,6656
1638,52,6656
1639,52,6656
1640,52,6656
1641,52,6656
1642,52,6656
1643,52,6656
1644,53,6784
1645,53,6784
1646,53,6784
1647,55,7040
1648,55,7040
1649,55,7040
1650,55,7040
1651,55,7040
1652,55,7040
1653,56,7168
1654,57,7296
1655,56,7168
1656,56,7168
1657,56,7168
1658,55,7040
1659,54,6912
1660,54,6912
1661,54,6912
1662,54,6912
1663,54,6912
1664,54,6912
1665,53,6784
1666,54,6912
1667,54,6912
1668,53,6784
1669,54,6912
1670,53,6784
1671,53,6784
1672,53,6784
1673,53,6784
1674,53,6784
1675,53,6784
1676,53,6784
1677,53,6784
1678,53,6784
1679,53,6784
1680,53,6784
1681,53,6784
1682,53,6784
1683,53,6784
1684,53,6784
1685,53,6784
1686,52,6656
1687,52,6656
1688,52,6656
1689,51,6528
1690,51,6528
1691,51,6528
1692,51,6528
1693,51,6528
1694,51,6528
1695,52,6656
1696,53,6784
1697,51,6528
1698,50,6400
1699,50,6400
1700,50,6400
1701,50,6400
1702,50,6400
1703,50,6400
1704,50,6400
1705,50,6400
1706,50,6400
1707,52,6656
1708,52,6656
1709,52,6656
1710,52,6656
1711,50,6400
1712,50,6400
1713,49,6272
1714,50,6400
1715,50,6400
1716,50,6400
1717,50,6400
1718,51,6528
1719,50,6400
1720,51,6528
1721,50,6400
1722,50,6400
1723,50,6400
1724,50,6400
1725,50,6400
1726,51,6528
1727,51,6528
1728,50,6400
1729,49,6272
1730,49,6272
1731,49,6272
1732,49,6272
1733,49,6272
1734,49,6272
1735,49,6272
1736,49,6272
1737,49,6272
1738,49,6272
1739,48,6144
1740,48,6144
1741,48,6144
1742,48,6144
1743,49,6272
1744,48,6144
1745,48,6144
1746,47,6016
1747,47,6016
1748,47,6016
1749,47,6016
1750,47,6016
1751,47,6016
1752,47,6016
1753,47,6016
1754,48,6144
1755,48,6144
1756,47,6016
1757,47,6016
1758,47,6016
1759,48,6144
1760,48,6144
1761,48,6144
1762,47,6016
1763,47,6016
1764,47,6016
1765,47,6016
1766,47,6016
1767,47,6016
1768,47,6016
1769,47,6016
1770,47,6016
1771,47,6016
1772,47,6016
1773,47,6016
1774,47,6016
1775,47,6016
1776,47,6016
1777,47,6016
1778,47,6016
1779,48,6144
1780,48,6144
1781,48,6144
1782,46,5888
1783,46,5888
1784,46,5888
1785,46,5888
1786,46,5888
1787,46,5888
1788,46,5888
1789,46,5888
1790,46,5888
1791,46,5888
1792,47,6016
1793,47,6016
1794,47,6016
1795,47,6016
1796,47,6016
1797,46,5888
1798,46,5888
1799,46,5888
1800,46,5888
1801,47,6016
1802,47,6016
1803,47,6016
1804,47,6016
1805,47,6016
1806,47,6016
1807,47,6016
1808,46,5888
1809,46,5888
1810,46,5888
1811,46,5888
1812,46,5888
1813,46,5888
1814,46,5888
1815,46,5888
1816,46,5888
1817,46,5888
1818,46,5888
1819,45,5760
1820,45,5760
1821,46,5888
1822,45,5760
1823,46,5888
1824,46,5888
1825,46,5888
1826,46,5888
1827,46,5888
1828,46,5888
1829,46,5888
1830,44,5632
1831,44,5632
1832,45,5760
1833,45,5760
1834,45,5760
1835,45,5760
1836,45,5760
1837,46,5888
1838,45,5760
1839,46,5888
1840,46,5888
1841,47,6016
1842,46,5888
1843,46,5888
1844,46,5888
1845,46,5888
1846,46,5888
1847,47,6016
1848,48,6144
1849,47,6016
1850,47,6016
1851,48,6144
1852,48,6144
1853,48,6144
1854,47,6016
1855,47,6016
1856,46,5888
1857,46,5888
1858,46,5888
1859,46,5888
1860,47,6016
1861,46,5888
1862,46,5888
1863,45,5760
1864,45,5760
1865,45,5760
1866,46,5888
1867,47,6016
1868,46,5888
1869,47,6016
1870,47,6016
1871,47,6016
1872,48,6144
1873,48,6144
1874,48,6144
1875,48,6144
1876,49,6272
1877,49,6272
1878,46,5888
1879,46,5888
1880,48,6144
1881,48,6144
1882,48,6144
1883,48,6144
1884,49,6272
1885,49,6272
1886,50,6400
1887,50,6400
1888,50,6400
1889,49,6272
1890,49,6272
1891,48,6144
1892,48,6144
1893,47,6016
1894,45,5760
1895,45,5760
1896,46,5888
1897,46,5888
1898,45,5760
1899,47,6016
1900,47,6016
1901,47,6016
1902,47,6016
1903,47,6016
1904,47,6016
1905,47,6016
1906,46,5888
1907,46,5888
1908,46,5888
1909,46,5888
1910,46,5888
1911,46,5888
1912,46,5888
1913,46,5888
1914,47,6016
1915,47,6016
1916,47,6016
1917,47,6016
1918,47,6016
1919,47,6016
1920,47,6016
1921,47,6016
1922,48,6144
1923,47,6016
1924,47,6016
1925,48,6144
1926,48,6144
1927,48,6144
1928,48,6144
1929,48,6144
1930,48,6144
1931,48,6144
1932,48,6144
1933,48,6144
1934,49,6272
1935,49,6272
1936,49,6272
1937,49,6272
1938,48,6144
1939,48,6144
1940,49,6272
1941,49,6272
1942,49,6272
1943,49,6272
1944,51,6528
1945,51,6528
1946,51,6528
1947,51,6528
1948,52,6656
1949,52,6656
1950,52,6656
1951,51,6528
1952,51,6528
1953,52,6656
1954,53,6784
1955,52,6656
1956,52,6656
1957,49,6272
1958,49,6272
1959,49,6272
1960,49,6272
1961,49,6272
1962,49,6272
1963,50,6400
1964,50,6400
1965,50,6400
1966,50,6400
1967,49,6272
1968,50,6400
1969,50,6400
1970,50,6400
1971,49,6272
1972,49,6272
1973,49,6272
1974,49,6272
1975,49,6272
1976,49,6272
1977,49,6272
1978,49,6272
1979,49,6272
1980,48,6144
1981,48,6144
1982,48,6144
1983,48,6144
1984,48,6144
1985,48,6144
1986,48,6144
1987,48,6144
1988,47,6016
1989,47,6016
1990,47,6016
1991,47,6016
1992,47,6016
1993,47,6016
1994,48,6144
1995,48,6144
1996,48,6144
1997,48,6144
1998,47,6016
1999,48,6144
2000,47,6016
