RandomSeed,95527,Population size:128,Bit Length:64,Crossover Rate:0,Mutation Rate:0.005
gen,BestFitness,FitnessEval
1,41,5248
2,42,5376
3,42,5376
4,42,5376
5,42,5376
6,43,5504
7,42,5376
8,42,5376
9,41,5248
10,42,5376
11,41,5248
12,41,5248
13,41,5248
14,41,5248
15,41,5248
16,43,5504
17,43,5504
18,44,5632
19,44,5632
20,43,5504
21,43,5504
22,44,5632
23,44,5632
24,44,5632
25,44,5632
26,46,5888
27,46,5888
28,47,6016
29,47,6016
30,47,6016
31,47,6016
32,47,6016
33,46,5888
34,46,5888
35,46,5888
36,46,5888
37,47,6016
38,47,6016
39,47,6016
40,47,6016
41,47,6016
42,47,6016
43,47,6016
44,47,6016
45,47,6016
46,47,6016
47,47,6016
48,47,6016
49,47,6016
50,47,6016
51,47,6016
52,46,5888
53,46,5888
54,46,5888
55,46,5888
56,46,5888
57,47,6016
58,47,6016
59,47,6016
60,47,6016
61,47,6016
62,47,6016
63,46,5888
64,46,5888
65,46,5888
66,46,5888
67,46,5888
68,47,6016
69,47,6016
70,47,6016
71,47,6016
72,47,6016
73,48,6144
74,47,6016
75,47,6016
76,47,6016
77,47,6016
78,47,6016
79,47,6016
80,48,6144
81,48,6144
82,48,6144
83,47,6016
84,48,6144
85,49,6272
86,49,6272
87,49,6272
88,49,6272
89,49,6272
90,49,6272
91,49,6272
92,49,6272
93,49,6272
94,50,6400
95,50,6400
96,50,6400
97,49,6272
98,48,6144
99,49,6272
100,49,6272
101,50,6400
102,50,6400
103,48,6144
104,48,6144
105,48,6144
106,48,6144
107,48,6144
108,49,6272
109,49,6272
110,50,6400
111,50,6400
112,50,6400
113,49,6272
114,50,6400
115,49,6272
116,50,6400
117,50,6400
118,50,6400
119,50,6400
120,50,6400
121,51,6528
122,51,6528
123,50,6400
124,50,6400
125,50,6400
126,50,6400
127,51,6528
128,51,6528
129,51,6528
130,51,6528
131,50,6400
132,51,6528
133,51,6528
134,51,6528
135,51,6528
136,51,6528
137,51,6528
138,51,6528
139,51,6528
140,52,6656
141,52,6656
142,52,6656
143,51,6528
144,51,6528
145,51,6528
146,51,6528
147,51,6528
148,51,6528
149,52,6656
150,51,6528
151,50,6400
152,50,6400
153,50,6400
154,50,6400
155,50,6400
156,50,6400
157,50,6400
158,50,6400
159,51,6528
160,51,6528
161,50,6400
162,50,6400
163,50,6400
164,50,6400
165,48,6144
166,49,6272
167,48,6144
168,48,6144
169,48,6144
170,48,6144
171,48,6144
172,48,6144
173,50,6400
174,48,6144
175,48,6144
176,48,6144
177,48,6144
178,48,6144
179,49,6272
180,48,6144
181,48,6144
182,48,6144
183,49,6272
184,49,6272
185,51,6528
186,51,6528
187,51,6528
188,49,6272
189,48,6144
190,48,6144
191,48,6144
192,48,6144
193,47,6016
194,48,6144
195,48,6144
196,49,6272
197,50,6400
198,50,6400
199,49,6272
200,49,6272
201,49,6272
202,50,6400
203,49,6272
204,49,6272
205,49,6272
206,49,6272
207,48,6144
208,49,6272
209,50,6400
210,51,6528
211,51,6528
212,51,6528
213,51,6528
214,50,6400
215,51,6528
216,50,6400
217,50,6400
218,48,6144
219,48,6144
220,47,6016
221,47,6016
222,47,6016
223,46,5888
224,45,5760
225,46,5888
226,45,5760
227,46,5888
228,46,5888
229,45,5760
230,45,5760
231,45,5760
232,46,5888
233,46,5888
234,46,5888
235,47,6016
236,46,5888
237,45,5760
238,45,5760
239,46,5888
240,46,5888
241,46,5888
242,46,5888
243,46,5888
244,46,5888
245,46,5888
246,46,5888
247,47,6016
248,47,6016
249,47,6016
250,47,6016
251,47,6016
252,47,6016
253,47,6016
254,47,6016
255,47,6016
256,47,6016
257,47,6016
258,48,6144
259,48,6144
260,49,6272
261,49,6272
262,49,6272
263,48,6144
264,47,6016
265,45,5760
266,45,5760
267,46,5888
268,46,5888
269,46,5888
270,45,5760
271,46,5888
272,45,5760
273,45,5760
274,45,5760
275,45,5760
276,45,5760
277,45,5760
278,44,5632
279,44,5632
280,44,5632
281,44,5632
282,45,5760
283,45,5760
284,45,5760
285,46,5888
286,46,5888
287,47,6016
288,47,6016
289,47,6016
290,45,5760
291,44,5632
292,44,5632
293,44,5632
294,45,5760
295,45,5760
296,45,5760
297,45,5760
298,45,5760
299,45,5760
300,45,5760
301,45,5760
302,44,5632
303,44,5632
304,44,5632
305,44,5632
306,44,5632
307,45,5760
308,45,5760
309,45,5760
310,45,5760
311,46,5888
312,46,5888
313,46,5888
314,47,6016
315,47,6016
316,46,5888
317,46,5888
318,46,5888
319,45,5760
320,45,5760
321,45,5760
322,45,5760
323,45,5760
324,46,5888
325,47,6016
326,44,5632
327,44,5632
328,43,5504
329,43,5504
330,43,5504
331,42,5376
332,42,5376
333,43,5504
334,43,5504
335,43,5504
336,43,5504
337,44,5632
338,44,5632
339,44,5632
340,44,5632
341,44,5632
342,43,5504
343,43,5504
344,44,5632
345,44,5632
346,44,5632
347,44,5632
348,44,5632
349,44,5632
350,44,5632
351,45,5760
352,45,5760
353,45,5760
354,45,5760
355,45,5760
356,45,5760
357,45,5760
358,47,6016
359,47,6016
360,47,6016
361,47,6016
362,47,6016
363,47,6016
364,47,6016
365,48,6144
366,48,6144
367,47,6016
368,47,6016
369,48,6144
370,48,6144
371,47,6016
372,47,6016
373,47,6016
374,47,6016
375,46,5888
376,47,6016
377,47,6016
378,47,6016
379,48,6144
380,47,6016
381,47,6016
382,47,6016
383,47,6016
384,47,6016
385,47,6016
386,46,5888
387,47,6016
388,47,6016
389,47,6016
390,48,6144
391,48,6144
392,48,6144
393,48,6144
394,48,6144
395,48,6144
396,47,6016
397,47,6016
398,46,5888
399,46,5888
400,46,5888
401,46,5888
402,46,5888
403,46,5888
404,47,6016
405,48,6144
406,48,6144
407,48,6144
408,49,6272
409,48,6144
410,47,6016
411,46,5888
412,46,5888
413,47,6016
414,47,6016
415,46,5888
416,46,5888
417,46,5888
418,46,5888
419,47,6016
420,47,6016
421,46,5888
422,46,5888
423,46,5888
424,46,5888
425,46,5888
426,46,5888
427,47,6016
428,48,6144
429,46,5888
430,47,6016
431,46,5888
432,46,5888
433,46,5888
434,45,5760
435,45,5760
436,46,5888
437,46,5888
438,46,5888
439,46,5888
440,46,5888
441,46,5888
442,46,5888
443,46,5888
444,47,6016
445,47,6016
446,47,6016
447,47,6016
448,48,6144
449,49,6272
450,49,6272
451,45,5760
452,46,5888
453,45,5760
454,44,5632
455,45,5760
456,46,5888
457,45,5760
458,45,5760
459,45,5760
460,45,5760
461,45,5760
462,45,5760
463,45,5760
464,44,5632
465,44,5632
466,44,5632
467,44,5632
468,45,5760
469,44,5632
470,44,5632
471,44,5632
472,44,5632
473,45,5760
474,44,5632
475,45,5760
476,44,5632
477,44,5632
478,45,5760
479,45,5760
480,46,5888
481,46,5888
482,46,5888
483,47,6016
484,47,6016
485,45,5760
486,45,5760
487,45,5760
488,45,5760
489,45,5760
490,46,5888
491,45,5760
492,45,5760
493,45,5760
494,45,5760
495,46,5888
496,46,5888
497,46,5888
498,46,5888
499,47,6016
500,47,6016
501,47,6016
502,47,6016
503,46,5888
504,46,5888
505,46,5888
506,46,5888
507,46,5888
508,46,5888
509,47,6016
510,47,6016
511,47,6016
512,47,6016
513,46,5888
514,46,5888
515,46,5888
516,46,5888
517,46,5888
518,47,6016
519,47,6016
520,47,6016
521,46,5888
522,47,6016
523,47,6016
524,47,6016
525,47,6016
526,47,6016
527,47,6016
528,47,6016
529,47,6016
530,47,6016
531,47,6016
532,47,6016
533,47,6016
534,49,6272
535,49,6272
536,49,6272
537,48,6144
538,48,6144
539,48,6144
540,48,6144
541,48,6144
542,48,6144
543,48,6144
544,48,6144
545,48,6144
546,48,6144
547,48,6144
548,48,6144
549,48,6144
550,47,6016
551,47,6016
552,47,6016
553,46,5888
554,46,5888
555,47,6016
556,46,5888
557,47,6016
558,47,6016
559,47,6016
560,47,6016
561,47,6016
562,48,6144
563,48,6144
564,48,6144
565,48,6144
566,48,6144
567,48,6144
568,49,6272
569,49,6272
570,49,6272
571,49,6272
572,50,6400
573,50,6400
574,50,6400
575,50,6400
576,50,6400
577,50,6400
578,51,6528
579,50,6400
580,50,6400
581,50,6400
582,50,6400
583,49,6272
584,50,6400
585,50,6400
586,50,6400
587,50,6400
588,50,6400
589,50,6400
590,48,6144
591,49,6272
592,49,6272
593,50,6400
594,48,6144
595,48,6144
596,49,6272
597,49,6272
598,49,6272
599,49,6272
600,50,6400
601,50,6400
602,51,6528
603,49,6272
604,49,6272
605,49,6272
606,50,6400
607,49,6272
608,49,6272
609,49,6272
610,50,6400
611,50,6400
612,49,6272
613,50,6400
614,50,6400
615,51,6528
616,51,6528
617,51,6528
618,51,6528
619,51,6528
620,51,6528
621,51,6528
622,51,6528
623,51,6528
624,51,6528
625,51,6528
626,51,6528
627,51,6528
628,52,6656
629,52,6656
630,52,6656
631,51,6528
632,51,6528
633,51,6528
634,50,6400
635,50,6400
636,50,6400
637,50,6400
638,51,6528
639,51,6528
640,50,6400
641,50,6400
642,51,6528
643,50,6400
644,50,6400
645,52,6656
646,50,6400
647,51,6528
648,51,6528
649,51,6528
650,51,6528
651,51,6528
652,51,6528
653,50,6400
654,50,6400
655,51,6528
656,50,6400
657,50,6400
658,50,6400
659,50,6400
660,51,6528
661,51,6528
662,51,6528
663,51,6528
664,51,6528
665,51,6528
666,52,6656
667,50,6400
668,49,6272
669,49,6272
670,49,6272
671,49,6272
672,49,6272
673,50,6400
674,50,6400
675,49,6272
676,50,6400
677,49,6272
678,50,6400
679,50,6400
680,49,6272
681,50,6400
682,50,6400
683,50,6400
684,49,6272
685,49,6272
686,49,6272
687,49,6272
688,49,6272
689,49,6272
690,50,6400
691,49,6272
692,50,6400
693,51,6528
694,51,6528
695,51,6528
696,53,6784
697,53,6784
698,53,6784
699,53,6784
700,53,6784
701,53,6784
702,53,6784
703,54,6912
704,53,6784
705,53,6784
706,53,6784
707,53,6784
708,53,6784
709,53,6784
710,53,6784
711,54,6912
712,54,6912
713,53,6784
714,54,6912
715,54,6912
716,52,6656
717,52,6656
718,52,6656
719,53,6784
720,53,6784
721,55,7040
722,55,7040
723,55,7040
724,55,7040
725,55,7040
726,55,7040
727,55,7040
728,55,7040
729,55,7040
730,55,7040
731,55,7040
732,55,7040
733,55,7040
734,55,7040
735,55,7040
736,55,7040
737,55,7040
738,55,7040
739,55,7040
740,55,7040
741,55,7040
742,55,7040
743,55,7040
744,55,7040
745,56,7168
746,56,7168
747,56,7168
748,56,7168
749,56,7168
750,55,7040
751,55,7040
752,55,7040
753,56,7168
754,56,7168
755,56,7168
756,55,7040
757,55,7040
758,55,7040
759,54,6912
760,54,6912
761,54,6912
762,54,6912
763,55,7040
764,54,6912
765,54,6912
766,55,7040
767,55,7040
768,55,7040
769,55,7040
770,55,7040
771,55,7040
772,55,7040
773,55,7040
774,55,7040
775,55,7040
776,55,7040
777,55,7040
778,54,6912
779,54,6912
780,54,6912
781,52,6656
782,52,6656
783,53,6784
784,53,6784
785,53,6784
786,53,6784
787,53,6784
788,54,6912
789,54,6912
790,53,6784
791,52,6656
792,52,6656
793,52,6656
794,51,6528
795,52,6656
796,51,6528
797,51,6528
798,51,6528
799,52,6656
800,51,6528
801,52,6656
802,52,6656
803,52,6656
804,52,6656
805,52,6656
806,52,6656
807,52,6656
808,52,6656
809,53,6784
810,53,6784
811,53,6784
812,52,6656
813,52,6656
814,52,6656
815,51,6528
816,52,6656
817,52,6656
818,53,6784
819,53,6784
820,53,6784
821,53,6784
822,53,6784
823,52,6656
824,52,6656
825,53,6784
826,53,6784
827,53,6784
828,53,6784
829,53,6784
830,54,6912
831,53,6784
832,52,6656
833,52,6656
834,51,6528
835,52,6656
836,52,6656
837,52,6656
838,52,6656
839,52,6656
840,52,6656
841,52,6656
842,52,6656
843,52,6656
844,52,6656
845,52,6656
846,53,6784
847,53,6784
848,53,6784
849,53,6784
850,52,6656
851,52,6656
852,51,6528
853,51,6528
854,51,6528
855,50,6400
856,51,6528
857,51,6528
858,52,6656
859,52,6656
860,52,6656
861,52,6656
862,52,6656
863,51,6528
864,51,6528
865,51,6528
866,52,6656
867,52,6656
868,51,6528
869,51,6528
870,50,6400
871,50,6400
872,51,6528
873,51,6528
874,51,6528
875,52,6656
876,52,6656
877,52,6656
878,52,6656
879,52,6656
880,52,6656
881,52,6656
882,52,6656
883,53,6784
884,53,6784
885,53,6784
886,53,6784
887,52,6656
888,53,6784
889,53,6784
890,53,6784
891,53,6784
892,53,6784
893,53,6784
894,52,6656
895,52,6656
896,51,6528
897,51,6528
898,51,6528
899,52,6656
900,52,6656
901,51,6528
902,51,6528
903,51,6528
904,51,6528
905,51,6528
906,52,6656
907,52,6656
908,54,6912
909,54,6912
910,53,6784
911,52,6656
912,52,6656
913,51,6528
914,51,6528
915,52,6656
916,52,6656
917,52,6656
918,52,6656
919,52,6656
920,51,6528
921,51,6528
922,52,6656
923,52,6656
924,52,6656
925,50,6400
926,50,6400
927,50,6400
928,50,6400
929,51,6528
930,51,6528
931,51,6528
932,51,6528
933,51,6528
934,51,6528
935,51,6528
936,51,6528
937,51,6528
938,51,6528
939,51,6528
940,51,6528
941,51,6528
942,51,6528
943,51,6528
944,52,6656
945,51,6528
946,52,6656
947,52,6656
948,51,6528
949,51,6528
950,51,6528
951,51,6528
952,51,6528
953,51,6528
954,52,6656
955,51,6528
956,51,6528
957,52,6656
958,53,6784
959,53,6784
960,53,6784
961,52,6656
962,52,6656
963,51,6528
964,51,6528
965,51,6528
966,51,6528
967,51,6528
968,51,6528
969,51,6528
970,52,6656
971,52,6656
972,52,6656
973,52,6656
974,52,6656
975,52,6656
976,52,6656
977,53,6784
978,51,6528
979,51,6528
980,51,6528
981,52,6656
982,51,6528
983,51,6528
984,51,6528
985,51,6528
986,51,6528
987,51,6528
988,51,6528
989,51,6528
990,51,6528
991,52,6656
992,53,6784
993,53,6784
994,53,6784
995,52,6656
996,50,6400
997,50,6400
998,50,6400
999,51,6528
1000,51,6528
1001,51,6528
1002,51,6528
1003,50,6400
1004,50,6400
1005,51,6528
1006,51,6528
1007,50,6400
1008,50,6400
1009,50,6400
1010,50,6400
1011,50,6400
1012,51,6528
1013,51,6528
1014,51,6528
1015,51,6528
1016,52,6656
1017,51,6528
1018,51,6528
1019,51,6528
1020,51,6528
1021,51,6528
1022,52,6656
1023,50,6400
1024,50,6400
1025,50,6400
1026,50,6400
1027,50,6400
1028,50,6400
1029,50,6400
1030,50,6400
1031,51,6528
1032,51,6528
1033,50,6400
1034,49,6272
1035,50,6400
1036,50,6400
1037,50,6400
1038,51,6528
1039,50,6400
1040,50,6400
1041,50,6400
1042,50,6400
1043,50,6400
1044,50,6400
1045,50,6400
1046,51,6528
1047,51,6528
1048,51,6528
1049,51,6528
1050,51,6528
1051,50,6400
1052,48,6144
1053,49,6272
1054,48,6144
1055,47,6016
1056,47,6016
1057,47,6016
1058,47,6016
1059,47,6016
1060,48,6144
1061,48,6144
1062,48,6144
1063,48,6144
1064,49,6272
1065,48,6144
1066,49,6272
1067,49,6272
1068,49,6272
1069,49,6272
1070,49,6272
1071,49,6272
1072,49,6272
1073,46,5888
1074,46,5888
1075,46,5888
1076,46,5888
1077,47,6016
1078,47,6016
1079,47,6016
1080,47,6016
1081,46,5888
1082,47,6016
1083,48,6144
1084,48,6144
1085,46,5888
1086,47,6016
1087,47,6016
1088,47,6016
1089,48,6144
1090,47,6016
1091,47,6016
1092,47,6016
1093,46,5888
1094,46,5888
1095,47,6016
1096,47,6016
1097,46,5888
1098,46,5888
1099,46,5888
1100,46,5888
1101,46,5888
1102,47,6016
1103,46,5888
1104,46,5888
1105,46,5888
1106,46,5888
1107,46,5888
1108,46,5888
1109,46,5888
1110,46,5888
1111,46,5888
1112,46,5888
1113,46,5888
1114,46,5888
1115,46,5888
1116,46,5888
1117,46,5888
1118,46,5888
1119,46,5888
1120,47,6016
1121,47,6016
1122,47,6016
1123,46,5888
1124,48,6144
1125,48,6144
1126,49,6272
1127,49,6272
1128,49,6272
1129,49,6272
1130,50,6400
1131,50,6400
1132,50,6400
1133,52,6656
1134,52,6656
1135,53,6784
1136,52,6656
1137,52,6656
1138,52,6656
1139,52,6656
1140,52,6656
1141,52,6656
1142,52,6656
1143,52,6656
1144,52,6656
1145,52,6656
1146,52,6656
1147,53,6784
1148,53,6784
1149,53,6784
1150,53,6784
1151,53,6784
1152,53,6784
1153,53,6784
1154,52,6656
1155,52,6656
1156,52,6656
1157,52,6656
1158,51,6528
1159,52,6656
1160,52,6656
1161,52,6656
1162,53,6784
1163,52,6656
1164,53,6784
1165,53,6784
1166,52,6656
1167,51,6528
1168,51,6528
1169,51,6528
1170,50,6400
1171,50,6400
1172,51,6528
1173,51,6528
1174,50,6400
1175,49,6272
1176,49,6272
1177,49,6272
1178,49,6272
1179,50,6400
1180,50,6400
1181,51,6528
1182,51,6528
1183,49,6272
1184,50,6400
1185,50,6400
1186,50,6400
1187,50,6400
1188,50,6400
1189,50,6400
1190,50,6400
1191,50,6400
1192,50,6400
1193,49,6272
1194,50,6400
1195,50,6400
1196,49,6272
1197,49,6272
1198,49,6272
1199,49,6272
1200,49,6272
1201,50,6400
1202,49,6272
1203,49,6272
1204,50,6400
1205,51,6528
1206,48,6144
1207,48,6144
1208,49,6272
1209,50,6400
1210,48,6144
1211,48,6144
1212,48,6144
1213,48,6144
1214,47,6016
1215,48,6144
1216,48,6144
1217,48,6144
1218,48,6144
1219,48,6144
1220,47,6016
1221,48,6144
1222,47,6016
1223,47,6016
1224,46,5888
1225,46,5888
1226,46,5888
1227,47,6016
1228,47,6016
1229,48,6144
1230,48,6144
1231,48,6144
1232,49,6272
1233,48,6144
1234,48,6144
1235,48,6144
1236,47,6016
1237,47,6016
1238,47,6016
1239,47,6016
1240,47,6016
1241,47,6016
1242,47,6016
1243,48,6144
1244,48,6144
1245,48,6144
1246,48,6144
1247,48,6144
1248,49,6272
1249,49,6272
1250,50,6400
1251,51,6528
1252,51,6528
1253,51,6528
1254,51,6528
1255,51,6528
1256,51,6528
1257,48,6144
1258,48,6144
1259,48,6144
1260,48,6144
1261,48,6144
1262,48,6144
1263,48,6144
1264,48,6144
1265,49,6272
1266,48,6144
1267,48,6144
1268,48,6144
1269,48,6144
1270,48,6144
1271,49,6272
1272,48,6144
1273,48,6144
1274,49,6272
1275,49,6272
1276,49,6272
1277,49,6272
1278,49,6272
1279,49,6272
1280,49,6272
1281,49,6272
1282,50,6400
1283,50,6400
1284,51,6528
1285,51,6528
1286,50,6400
1287,50,6400
1288,50,6400
1289,50,6400
1290,50,6400
1291,51,6528
1292,50,6400
1293,51,6528
1294,50,6400
1295,50,6400
1296,50,6400
1297,51,6528
1298,51,6528
1299,51,6528
1300,51,6528
1301,51,6528
1302,51,6528
1303,51,6528
1304,51,6528
1305,51,6528
1306,51,6528
1307,52,6656
1308,52,6656
1309,52,6656
1310,52,6656
1311,52,6656
1312,52,6656
1313,52,6656
1314,52,6656
1315,52,6656
1316,52,6656
1317,52,6656
1318,52,6656
1319,52,6656
1320,53,6784
1321,50,6400
1322,50,6400
1323,50,6400
1324,50,6400
1325,50,6400
1326,50,6400
1327,50,6400
1328,49,6272
1329,50,6400
1330,50,6400
1331,49,6272
1332,49,6272
1333,50,6400
1334,49,6272
1335,49,6272
1336,49,6272
1337,50,6400
1338,50,6400
1339,50,6400
1340,49,6272
1341,49,6272
1342,49,6272
1343,50,6400
1344,50,6400
1345,49,6272
1346,50,6400
1347,49,6272
1348,50,6400
1349,50,6400
1350,50,6400
1351,50,6400
1352,49,6272
1353,49,6272
1354,48,6144
1355,48,6144
1356,48,6144
1357,48,6144
1358,48,6144
1359,49,6272
1360,48,6144
1361,48,6144
1362,47,6016
1363,47,6016
1364,48,6144
1365,48,6144
1366,47,6016
1367,47,6016
1368,47,6016
1369,47,6016
1370,47,6016
1371,47,6016
1372,46,5888
1373,47,6016
1374,47,6016
1375,47,6016
1376,47,6016
1377,47,6016
1378,47,6016
1379,47,6016
1380,48,6144
1381,47,6016
1382,48,6144
1383,48,6144
1384,48,6144
1385,47,6016
1386,47,6016
1387,47,6016
1388,48,6144
1389,48,6144
1390,47,6016
1391,48,6144
1392,46,5888
1393,46,5888
1394,46,5888
1395,46,5888
1396,46,5888
1397,46,5888
1398,46,5888
1399,46,5888
1400,45,5760
1401,46,5888
1402,46,5888
1403,45,5760
1404,46,5888
1405,45,5760
1406,46,5888
1407,45,5760
1408,46,5888
1409,46,5888
1410,46,5888
1411,46,5888
1412,46,5888
1413,46,5888
1414,47,6016
1415,47,6016
1416,47,6016
1417,47,6016
1418,48,6144
1419,48,6144
1420,48,6144
1421,48,6144
1422,48,6144
1423,48,6144
1424,48,6144
1425,48,6144
1426,48,6144
1427,48,6144
1428,48,6144
1429,48,6144
1430,48,6144
1431,48,6144
1432,48,6144
1433,48,6144
1434,48,6144
1435,47,6016
1436,47,6016
1437,47,6016
1438,47,6016
1439,47,6016
1440,47,6016
1441,48,6144
1442,48,6144
1443,49,6272
1444,47,6016
1445,47,6016
1446,47,6016
1447,48,6144
1448,47,6016
1449,48,6144
1450,48,6144
1451,48,6144
1452,48,6144
1453,49,6272
1454,48,6144
1455,48,6144
1456,48,6144
1457,48,6144
1458,47,6016
1459,47,6016
1460,47,6016
1461,47,6016
1462,48,6144
1463,49,6272
1464,48,6144
1465,48,6144
1466,49,6272
1467,48,6144
1468,48,6144
1469,48,6144
1470,48,6144
1471,49,6272
1472,49,6272
1473,48,6144
1474,48,6144
1475,48,6144
1476,49,6272
1477,48,6144
1478,49,6272
1479,49,6272
1480,48,6144
1481,48,6144
1482,49,6272
1483,49,6272
1484,48,6144
1485,48,6144
1486,48,6144
1487,48,6144
1488,49,6272
1489,49,6272
1490,49,6272
1491,49,6272
1492,49,6272
1493,49,6272
1494,50,6400
1495,49,6272
1496,49,6272
1497,49,6272
1498,49,6272
1499,50,6400
1500,50,6400
1501,50,6400
1502,50,6400
1503,50,6400
1504,50,6400
1505,50,6400
1506,50,6400
1507,50,6400
1508,50,6400
1509,50,6400
1510,50,6400
1511,49,6272
1512,49,6272
1513,49,6272
1514,49,6272
1515,49,6272
1516,48,6144
1517,47,6016
1518,47,6016
1519,47,6016
1520,48,6144
1521,48,6144
1522,48,6144
1523,48,6144
1524,49,6272
1525,49,6272
1526,48,6144
1527,48,6144
1528,48,6144
1529,48,6144
1530,49,6272
1531,48,6144
1532,48,6144
1533,49,6272
1534,50,6400
1535,47,6016
1536,48,6144
1537,48,6144
1538,47,6016
1539,47,6016
1540,47,6016
1541,48,6144
1542,48,6144
1543,48,6144
1544,48,6144
1545,48,6144
1546,48,6144
1547,48,6144
1548,48,6144
1549,48,6144
1550,48,6144
1551,47,6016
1552,48,6144
1553,47,6016
1554,48,6144
1555,47,6016
1556,47,6016
1557,47,6016
1558,47,6016
1559,47,6016
1560,47,6016
1561,48,6144
1562,47,6016
1563,48,6144
1564,48,6144
1565,48,6144
1566,48,6144
1567,48,6144
1568,47,6016
1569,47,6016
1570,48,6144
1571,47,6016
1572,47,6016
1573,46,5888
1574,46,5888
1575,46,5888
1576,46,5888
1577,46,5888
1578,46,5888
1579,46,5888
1580,46,5888
1581,46,5888
1582,46,5888
1583,47,6016
1584,48,6144
1585,48,6144
1586,48,6144
1587,48,6144
1588,48,6144
1589,48,6144
1590,48,6144
1591,48,6144
1592,48,6144
1593,48,6144
1594,49,6272
1595,49,6272
1596,49,6272
1597,49,6272
1598,49,6272
1599,50,6400
1600,49,6272
1601,49,6272
1602,49,6272
1603,49,6272
1604,49,6272
1605,49,6272
1606,50,6400
1607,50,6400
1608,49,6272
1609,50,6400
1610,50,6400
1611,50,6400
1612,49,6272
1613,49,6272
1614,49,6272
1615,49,6272
1616,49,6272
1617,50,6400
1618,49,6272
1619,49,6272
1620,49,6272
1621,49,6272
1622,49,6272
1623,50,6400
1624,50,6400
1625,51,6528
1626,50,6400
1627,50,6400
1628,49,6272
1629,50,6400
1630,50,6400
1631,50,6400
1632,50,6400
1633,50,6400
1634,49,6272
1635,49,6272
1636,49,6272
1637,50,6400
1638,50,6400
1639,50,6400
1640,50,6400
1641,49,6272
1642,50,6400
1643,50,6400
1644,49,6272
1645,49,6272
1646,49,6272
1647,49,6272
1648,49,6272
1649,49,6272
1650,51,6528
1651,51,6528
1652,51,6528
1653,51,6528
1654,52,6656
1655,50,6400
1656,50,6400
1657,50,6400
1658,50,6400
1659,50,6400
1660,50,6400
1661,49,6272
1662,49,6272
1663,49,6272
1664,49,6272
1665,49,6272
1666,49,6272
1667,49,6272
1668,49,6272
1669,49,6272
1670,49,6272
1671,50,6400
1672,50,6400
1673,50,6400
1674,50,6400
1675,50,6400
1676,50,6400
1677,50,6400
1678,50,6400
1679,50,6400
1680,50,6400
1681,50,6400
1682,50,6400
1683,50,6400
1684,50,6400
1685,50,6400
1686,50,6400
1687,50,6400
1688,51,6528
1689,51,6528
1690,52,6656
1691,51,6528
1692,51,6528
1693,49,6272
1694,49,6272
1695,49,6272
1696,50,6400
1697,50,6400
1698,49,6272
1699,49,6272
1700,49,6272
1701,49,6272
1702,49,6272
1703,50,6400
1704,50,6400
1705,50,6400
1706,50,6400
1707,49,6272
1708,50,6400
1709,51,6528
1710,49,6272
1711,49,6272
1712,49,6272
1713,49,6272
1714,49,6272
1715,49,6272
1716,49,6272
1717,48,6144
1718,48,6144
1719,48,6144
1720,49,6272
1721,49,6272
1722,50,6400
1723,49,6272
1724,48,6144
1725,49,6272
1726,49,6272
1727,48,6144
1728,49,6272
1729,50,6400
1730,51,6528
1731,50,6400
1732,50,6400
1733,50,6400
1734,50,6400
1735,50,6400
1736,50,6400
1737,50,6400
1738,50,6400
1739,50,6400
1740,50,6400
1741,51,6528
1742,51,6528
1743,50,6400
1744,51,6528
1745,51,6528
1746,50,6400
1747,49,6272
1748,49,6272
1749,49,6272
1750,49,6272
1751,49,6272
1752,50,6400
1753,49,6272
1754,49,6272
1755,49,6272
1756,49,6272
1757,49,6272
1758,47,6016
1759,46,5888
1760,46,5888
1761,46,5888
1762,46,5888
1763,47,6016
1764,47,6016
1765,47,6016
1766,48,6144
1767,48,6144
1768,46,5888
1769,46,5888
1770,46,5888
1771,47,6016
1772,46,5888
1773,47,6016
1774,46,5888
1775,46,5888
1776,46,5888
1777,46,5888
1778,46,5888
1779,46,5888
1780,46,5888
1781,46,5888
1782,46,5888
1783,45,5760
1784,46,5888
1785,46,5888
1786,45,5760
1787,46,5888
1788,46,5888
1789,46,5888
1790,46,5888
1791,47,6016
1792,47,6016
1793,47,6016
1794,47,6016
1795,47,6016
1796,47,6016
1797,47,6016
1798,47,6016
1799,47,6016
1800,46,5888
1801,46,5888
1802,46,5888
1803,47,6016
1804,47,6016
1805,47,6016
1806,47,6016
1807,46,5888
1808,47,6016
1809,47,6016
1810,47,6016
1811,48,6144
1812,47,6016
1813,48,6144
1814,49,6272
1815,49,6272
1816,44,5632
1817,44,5632
1818,44,5632
1819,45,5760
1820,44,5632
1821,44,5632
1822,44,5632
1823,45,5760
1824,45,5760
1825,45,5760
1826,45,5760
1827,45,5760
1828,44,5632
1829,45,5760
1830,46,5888
1831,47,6016
1832,45,5760
1833,45,5760
1834,45,5760
1835,46,5888
1836,48,6144
1837,44,5632
1838,44,5632
1839,44,5632
1840,45,5760
1841,45,5760
1842,45,5760
1843,46,5888
1844,46,5888
1845,45,5760
1846,46,5888
1847,45,5760
1848,45,5760
1849,45,5760
1850,45,5760
1851,47,6016
1852,47,6016
1853,47,6016
1854,47,6016
1855,47,6016
1856,47,6016
1857,47,6016
1858,47,6016
1859,47,6016
1860,47,6016
1861,47,6016
1862,47,6016
1863,48,6144
1864,48,6144
1865,48,6144
1866,49,6272
1867,49,6272
1868,49,6272
1869,50,6400
1870,51,6528
1871,51,6528
1872,51,6528
1873,52,6656
1874,52,6656
1875,52,6656
1876,52,6656
1877,52,6656
1878,52,6656
1879,52,6656
1880,52,6656
1881,51,6528
1882,51,6528
1883,52,6656
1884,52,6656
1885,52,6656
1886,51,6528
1887,51,6528
1888,51,6528
1889,51,6528
1890,52,6656
1891,51,6528
1892,51,6528
1893,50,6400
1894,50,6400
1895,48,6144
1896,48,6144
1897,46,5888
1898,46,5888
1899,46,5888
1900,46,5888
1901,48,6144
1902,48,6144
1903,49,6272
1904,49,6272
1905,49,6272
1906,49,6272
1907,49,6272
1908,49,6272
1909,49,6272
1910,49,6272
1911,49,6272
1912,50,6400
1913,50,6400
1914,51,6528
1915,50,6400
1916,51,6528
1917,49,6272
1918,50,6400
1919,51,6528
1920,50,6400
1921,50,6400
1922,49,6272
1923,50,6400
1924,49,6272
1925,49,6272
1926,49,6272
1927,50,6400
1928,49,6272
1929,49,6272
1930,49,6272
1931,49,6272
1932,49,6272
1933,50,6400
1934,49,6272
1935,49,6272
1936,50,6400
1937,50,6400
1938,50,6400
1939,51,6528
1940,51,6528
1941,50,6400
1942,50,6400
1943,50,6400
1944,50,6400
1945,50,6400
1946,50,6400
1947,50,6400
1948,50,6400
1949,50,6400
1950,49,6272
1951,49,6272
1952,49,6272
1953,49,6272
1954,49,6272
1955,50,6400
1956,47,6016
1957,47,6016
1958,47,6016
1959,48,6144
1960,48,6144
1961,48,6144
1962,47,6016
1963,47,6016
1964,48,6144
1965,48,6144
1966,48,6144
1967,48,6144
1968,48,6144
1969,48,6144
1970,49,6272
1971,49,6272
1972,50,6400
1973,49,6272
1974,49,6272
1975,49,6272
1976,50,6400
1977,49,6272
1978,49,6272
1979,50,6400
1980,51,6528
1981,50,6400
1982,50,6400
1983,50,6400
1984,50,6400
1985,50,6400
1986,50,6400
1987,50,6400
1988,50,6400
1989,50,6400
1990,49,6272
1991,49,6272
1992,49,6272
1993,49,6272
1994,49,6272
1995,50,6400
1996,50,6400
1997,50,6400
1998,50,6400
1999,50,6400
2000,50,6400
