RandomSeed,55379,Population size:128,Bit Length:64,Crossover Rate:0,Mutation Rate:0.005
gen,BestFitness,FitnessEval
1,42,5376
2,42,5376
3,42,5376
4,41,5248
5,43,5504
6,41,5248
7,42,5376
8,42,5376
9,41,5248
10,41,5248
11,40,5120
12,40,5120
13,41,5248
14,41,5248
15,41,5248
16,40,5120
17,40,5120
18,40,5120
19,40,5120
20,41,5248
21,42,5376
22,42,5376
23,43,5504
24,42,5376
25,43,5504
26,43,5504
27,40,5120
28,41,5248
29,41,5248
30,41,5248
31,42,5376
32,42,5376
33,42,5376
34,43,5504
35,43,5504
36,44,5632
37,44,5632
38,44,5632
39,44,5632
40,45,5760
41,45,5760
42,44,5632
43,44,5632
44,44,5632
45,43,5504
46,42,5376
47,43,5504
48,43,5504
49,43,5504
50,43,5504
51,42,5376
52,43,5504
53,43,5504
54,43,5504
55,43,5504
56,44,5632
57,44,5632
58,44,5632
59,44,5632
60,45,5760
61,44,5632
62,43,5504
63,44,5632
64,43,5504
65,43,5504
66,44,5632
67,44,5632
68,44,5632
69,45,5760
70,45,5760
71,45,5760
72,46,5888
73,46,5888
74,46,5888
75,46,5888
76,47,6016
77,47,6016
78,48,6144
79,47,6016
80,45,5760
81,44,5632
82,44,5632
83,45,5760
84,45,5760
85,44,5632
86,45,5760
87,45,5760
88,45,5760
89,45,5760
90,45,5760
91,45,5760
92,45,5760
93,45,5760
94,45,5760
95,45,5760
96,45,5760
97,45,5760
98,45,5760
99,46,5888
100,46,5888
101,46,5888
102,46,5888
103,47,6016
104,47,6016
105,48,6144
106,48,6144
107,48,6144
108,46,5888
109,46,5888
110,45,5760
111,46,5888
112,46,5888
113,46,5888
114,46,5888
115,46,5888
116,45,5760
117,45,5760
118,46,5888
119,46,5888
120,46,5888
121,46,5888
122,44,5632
123,44,5632
124,44,5632
125,44,5632
126,44,5632
127,45,5760
128,44,5632
129,45,5760
130,44,5632
131,44,5632
132,44,5632
133,44,5632
134,44,5632
135,45,5760
136,45,5760
137,45,5760
138,45,5760
139,45,5760
140,45,5760
141,46,5888
142,46,5888
143,46,5888
144,46,5888
145,46,5888
146,46,5888
147,46,5888
148,46,5888
149,46,5888
150,46,5888
151,46,5888
152,45,5760
153,45,5760
154,44,5632
155,44,5632
156,44,5632
157,45,5760
158,45,5760
159,45,5760
160,45,5760
161,45,5760
162,45,5760
163,45,5760
164,46,5888
165,45,5760
166,46,5888
167,46,5888
168,45,5760
169,46,5888
170,46,5888
171,46,5888
172,46,5888
173,45,5760
174,46,5888
175,46,5888
176,46,5888
177,44,5632
178,45,5760
179,45,5760
180,45,5760
181,46,5888
182,45,5760
183,46,5888
184,46,5888
185,47,6016
186,47,6016
187,46,5888
188,46,5888
189,46,5888
190,47,6016
191,47,6016
192,47,6016
193,48,6144
194,49,6272
195,49,6272
196,49,6272
197,49,6272
198,50,6400
199,49,6272
200,50,6400
201,50,6400
202,51,6528
203,51,6528
204,51,6528
205,51,6528
206,51,6528
207,52,6656
208,51,6528
209,51,6528
210,50,6400
211,50,6400
212,50,6400
213,50,6400
214,51,6528
215,50,6400
216,51,6528
217,52,6656
218,50,6400
219,50,6400
220,50,6400
221,50,6400
222,50,6400
223,51,6528
224,51,6528
225,52,6656
226,52,6656
227,52,6656
228,52,6656
229,52,6656
230,52,6656
231,53,6784
232,53,6784
233,53,6784
234,53,6784
235,53,6784
236,53,6784
237,53,6784
238,52,6656
239,53,6784
240,53,6784
241,52,6656
242,52,6656
243,51,6528
244,51,6528
245,52,6656
246,51,6528
247,52,6656
248,52,6656
249,52,6656
250,52,6656
251,52,6656
252,52,6656
253,52,6656
254,51,6528
255,51,6528
256,51,6528
257,52,6656
258,51,6528
259,51,6528
260,51,6528
261,52,6656
262,52,6656
263,52,6656
264,52,6656
265,51,6528
266,51,6528
267,50,6400
268,50,6400
269,50,6400
270,50,6400
271,50,6400
272,50,6400
273,50,6400
274,50,6400
275,49,6272
276,49,6272
277,50,6400
278,50,6400
279,50,6400
280,51,6528
281,51,6528
282,51,6528
283,51,6528
284,51,6528
285,50,6400
286,50,6400
287,51,6528
288,51,6528
289,51,6528
290,51,6528
291,51,6528
292,51,6528
293,51,6528
294,50,6400
295,50,6400
296,50,6400
297,51,6528
298,49,6272
299,49,6272
300,49,6272
301,49,6272
302,50,6400
303,50,6400
304,50,6400
305,51,6528
306,51,6528
307,51,6528
308,51,6528
309,51,6528
310,51,6528
311,51,6528
312,51,6528
313,52,6656
314,52,6656
315,53,6784
316,53,6784
317,51,6528
318,51,6528
319,52,6656
320,52,6656
321,52,6656
322,52,6656
323,52,6656
324,52,6656
325,51,6528
326,52,6656
327,52,6656
328,51,6528
329,51,6528
330,51,6528
331,51,6528
332,51,6528
333,51,6528
334,52,6656
335,52,6656
336,52,6656
337,52,6656
338,52,6656
339,52,6656
340,52,6656
341,52,6656
342,52,6656
343,52,6656
344,53,6784
345,52,6656
346,52,6656
347,52,6656
348,52,6656
349,51,6528
350,50,6400
351,50,6400
352,50,6400
353,50,6400
354,50,6400
355,50,6400
356,49,6272
357,49,6272
358,49,6272
359,49,6272
360,49,6272
361,49,6272
362,49,6272
363,49,6272
364,49,6272
365,49,6272
366,49,6272
367,50,6400
368,50,6400
369,51,6528
370,49,6272
371,49,6272
372,47,6016
373,48,6144
374,48,6144
375,48,6144
376,48,6144
377,48,6144
378,48,6144
379,48,6144
380,50,6400
381,49,6272
382,50,6400
383,50,6400
384,50,6400
385,52,6656
386,50,6400
387,50,6400
388,50,6400
389,50,6400
390,50,6400
391,49,6272
392,49,6272
393,49,6272
394,49,6272
395,48,6144
396,48,6144
397,47,6016
398,48,6144
399,47,6016
400,47,6016
401,47,6016
402,48,6144
403,47,6016
404,47,6016
405,47,6016
406,48,6144
407,48,6144
408,46,5888
409,47,6016
410,46,5888
411,46,5888
412,46,5888
413,45,5760
414,46,5888
415,46,5888
416,46,5888
417,46,5888
418,46,5888
419,46,5888
420,47,6016
421,47,6016
422,47,6016
423,47,6016
424,48,6144
425,49,6272
426,48,6144
427,48,6144
428,48,6144
429,48,6144
430,48,6144
431,49,6272
432,48,6144
433,49,6272
434,48,6144
435,47,6016
436,48,6144
437,48,6144
438,48,6144
439,49,6272
440,49,6272
441,49,6272
442,49,6272
443,49,6272
444,48,6144
445,49,6272
446,49,6272
447,49,6272
448,49,6272
449,49,6272
450,48,6144
451,49,6272
452,49,6272
453,49,6272
454,49,6272
455,50,6400
456,48,6144
457,48,6144
458,48,6144
459,48,6144
460,49,6272
461,49,6272
462,50,6400
463,50,6400
464,50,6400
465,49,6272
466,48,6144
467,48,6144
468,47,6016
469,47,6016
470,47,6016
471,47,6016
472,47,6016
473,47,6016
474,47,6016
475,47,6016
476,48,6144
477,48,6144
478,48,6144
479,48,6144
480,48,6144
481,49,6272
482,49,6272
483,49,6272
484,49,6272
485,49,6272
486,48,6144
487,48,6144
488,48,6144
489,49,6272
490,50,6400
491,50,6400
492,50,6400
493,50,6400
494,49,6272
495,49,6272
496,51,6528
497,51,6528
498,51,6528
499,49,6272
500,50,6400
501,50,6400
502,50,6400
503,50,6400
504,51,6528
505,50,6400
506,50,6400
507,49,6272
508,49,6272
509,50,6400
510,50,6400
511,48,6144
512,48,6144
513,48,6144
514,48,6144
515,48,6144
516,49,6272
517,49,6272
518,48,6144
519,48,6144
520,48,6144
521,48,6144
522,49,6272
523,49,6272
524,49,6272
525,49,6272
526,49,6272
527,49,6272
528,49,6272
529,48,6144
530,48,6144
531,47,6016
532,47,6016
533,47,6016
534,47,6016
535,47,6016
536,47,6016
537,46,5888
538,46,5888
539,46,5888
540,46,5888
541,47,6016
542,47,6016
543,47,6016
544,48,6144
545,46,5888
546,46,5888
547,46,5888
548,46,5888
549,46,5888
550,46,5888
551,46,5888
552,46,5888
553,46,5888
554,47,6016
555,46,5888
556,46,5888
557,46,5888
558,46,5888
559,47,6016
560,46,5888
561,46,5888
562,45,5760
563,46,5888
564,46,5888
565,45,5760
566,44,5632
567,44,5632
568,44,5632
569,44,5632
570,45,5760
571,45,5760
572,45,5760
573,45,5760
574,45,5760
575,45,5760
576,45,5760
577,44,5632
578,44,5632
579,45,5760
580,45,5760
581,45,5760
582,45,5760
583,45,5760
584,46,5888
585,46,5888
586,46,5888
587,45,5760
588,47,6016
589,47,6016
590,47,6016
591,47,6016
592,47,6016
593,47,6016
594,47,6016
595,45,5760
596,46,5888
597,47,6016
598,47,6016
599,47,6016
600,46,5888
601,46,5888
602,46,5888
603,45,5760
604,45,5760
605,45,5760
606,46,5888
607,46,5888
608,46,5888
609,46,5888
610,47,6016
611,47,6016
612,46,5888
613,46,5888
614,47,6016
615,47,6016
616,46,5888
617,46,5888
618,46,5888
619,46,5888
620,45,5760
621,45,5760
622,45,5760
623,45,5760
624,45,5760
625,45,5760
626,44,5632
627,44,5632
628,45,5760
629,45,5760
630,45,5760
631,45,5760
632,45,5760
633,45,5760
634,45,5760
635,45,5760
636,45,5760
637,45,5760
638,45,5760
639,47,6016
640,47,6016
641,47,6016
642,47,6016
643,47,6016
644,47,6016
645,48,6144
646,48,6144
647,48,6144
648,49,6272
649,48,6144
650,47,6016
651,47,6016
652,47,6016
653,47,6016
654,47,6016
655,47,6016
656,47,6016
657,47,6016
658,48,6144
659,48,6144
660,48,6144
661,48,6144
662,48,6144
663,49,6272
664,48,6144
665,48,6144
666,48,6144
667,49,6272
668,49,6272
669,49,6272
670,50,6400
671,50,6400
672,50,6400
673,49,6272
674,49,6272
675,49,6272
676,50,6400
677,50,6400
678,49,6272
679,49,6272
680,49,6272
681,50,6400
682,50,6400
683,50,6400
684,50,6400
685,51,6528
686,51,6528
687,51,6528
688,50,6400
689,50,6400
690,51,6528
691,51,6528
692,51,6528
693,52,6656
694,51,6528
695,51,6528
696,51,6528
697,51,6528
698,51,6528
699,51,6528
700,51,6528
701,52,6656
702,52,6656
703,51,6528
704,51,6528
705,51,6528
706,51,6528
707,51,6528
708,51,6528
709,51,6528
710,51,6528
711,52,6656
712,52,6656
713,52,6656
714,52,6656
715,50,6400
716,51,6528
717,51,6528
718,50,6400
719,50,6400
720,50,6400
721,50,6400
722,50,6400
723,50,6400
724,50,6400
725,50,6400
726,49,6272
727,50,6400
728,50,6400
729,50,6400
730,51,6528
731,52,6656
732,52,6656
733,50,6400
734,50,6400
735,49,6272
736,48,6144
737,48,6144
738,48,6144
739,48,6144
740,48,6144
741,48,6144
742,48,6144
743,50,6400
744,51,6528
745,51,6528
746,51,6528
747,51,6528
748,51,6528
749,51,6528
750,51,6528
751,51,6528
752,51,6528
753,51,6528
754,51,6528
755,51,6528
756,52,6656
757,52,6656
758,52,6656
759,52,6656
760,52,6656
761,51,6528
762,51,6528
763,51,6528
764,51,6528
765,51,6528
766,52,6656
767,51,6528
768,51,6528
769,51,6528
770,51,6528
771,52,6656
772,51,6528
773,52,6656
774,52,6656
775,52,6656
776,52,6656
777,52,6656
778,52,6656
779,52,6656
780,51,6528
781,51,6528
782,51,6528
783,51,6528
784,51,6528
785,51,6528
786,51,6528
787,51,6528
788,51,6528
789,51,6528
790,51,6528
791,51,6528
792,51,6528
793,51,6528
794,51,6528
795,52,6656
796,51,6528
797,51,6528
798,47,6016
799,48,6144
800,48,6144
801,49,6272
802,49,6272
803,49,6272
804,49,6272
805,49,6272
806,49,6272
807,50,6400
808,50,6400
809,49,6272
810,49,6272
811,49,6272
812,49,6272
813,48,6144
814,48,6144
815,48,6144
816,49,6272
817,49,6272
818,49,6272
819,49,6272
820,49,6272
821,49,6272
822,49,6272
823,50,6400
824,50,6400
825,50,6400
826,51,6528
827,52,6656
828,48,6144
829,48,6144
830,48,6144
831,47,6016
832,48,6144
833,48,6144
834,48,6144
835,48,6144
836,48,6144
837,48,6144
838,48,6144
839,49,6272
840,47,6016
841,48,6144
842,48,6144
843,48,6144
844,47,6016
845,48,6144
846,48,6144
847,47,6016
848,47,6016
849,47,6016
850,49,6272
851,49,6272
852,49,6272
853,47,6016
854,47,6016
855,48,6144
856,47,6016
857,47,6016
858,47,6016
859,48,6144
860,47,6016
861,47,6016
862,48,6144
863,48,6144
864,48,6144
865,48,6144
866,49,6272
867,49,6272
868,49,6272
869,49,6272
870,49,6272
871,50,6400
872,49,6272
873,49,6272
874,49,6272
875,49,6272
876,49,6272
877,49,6272
878,49,6272
879,48,6144
880,48,6144
881,48,6144
882,48,6144
883,48,6144
884,47,6016
885,47,6016
886,47,6016
887,47,6016
888,47,6016
889,47,6016
890,47,6016
891,48,6144
892,48,6144
893,48,6144
894,48,6144
895,48,6144
896,48,6144
897,48,6144
898,47,6016
899,47,6016
900,47,6016
901,47,6016
902,47,6016
903,48,6144
904,48,6144
905,48,6144
906,48,6144
907,48,6144
908,48,6144
909,48,6144
910,48,6144
911,48,6144
912,48,6144
913,48,6144
914,48,6144
915,49,6272
916,49,6272
917,50,6400
918,48,6144
919,49,6272
920,48,6144
921,49,6272
922,48,6144
923,49,6272
924,49,6272
925,48,6144
926,48,6144
927,49,6272
928,50,6400
929,50,6400
930,50,6400
931,50,6400
932,50,6400
933,49,6272
934,49,6272
935,49,6272
936,49,6272
937,49,6272
938,50,6400
939,50,6400
940,49,6272
941,49,6272
942,49,6272
943,48,6144
944,48,6144
945,48,6144
946,47,6016
947,47,6016
948,47,6016
949,47,6016
950,48,6144
951,48,6144
952,48,6144
953,47,6016
954,48,6144
955,49,6272
956,49,6272
957,49,6272
958,49,6272
959,50,6400
960,50,6400
961,50,6400
962,50,6400
963,50,6400
964,50,6400
965,50,6400
966,50,6400
967,49,6272
968,50,6400
969,50,6400
970,50,6400
971,50,6400
972,50,6400
973,49,6272
974,49,6272
975,49,6272
976,49,6272
977,49,6272
978,49,6272
979,49,6272
980,49,6272
981,49,6272
982,49,6272
983,48,6144
984,49,6272
985,50,6400
986,50,6400
987,50,6400
988,50,6400
989,51,6528
990,51,6528
991,51,6528
992,50,6400
993,51,6528
994,49,6272
995,50,6400
996,50,6400
997,50,6400
998,50,6400
999,50,6400
1000,50,6400
1001,51,6528
1002,52,6656
1003,52,6656
1004,52,6656
1005,52,6656
1006,50,6400
1007,50,6400
1008,51,6528
1009,51,6528
1010,51,6528
1011,50,6400
1012,49,6272
1013,50,6400
1014,50,6400
1015,50,6400
1016,50,6400
1017,49,6272
1018,49,6272
1019,49,6272
1020,50,6400
1021,50,6400
1022,50,6400
1023,50,6400
1024,51,6528
1025,51,6528
1026,50,6400
1027,49,6272
1028,50,6400
1029,49,6272
1030,49,6272
1031,49,6272
1032,49,6272
1033,50,6400
1034,50,6400
1035,49,6272
1036,49,6272
1037,48,6144
1038,48,6144
1039,48,6144
1040,47,6016
1041,47,6016
1042,48,6144
1043,48,6144
1044,47,6016
1045,47,6016
1046,47,6016
1047,48,6144
1048,48,6144
1049,48,6144
1050,48,6144
1051,48,6144
1052,49,6272
1053,49,6272
1054,49,6272
1055,49,6272
1056,49,6272
1057,50,6400
1058,49,6272
1059,49,6272
1060,50,6400
1061,49,6272
1062,50,6400
1063,49,6272
1064,50,6400
1065,50,6400
1066,51,6528
1067,52,6656
1068,51,6528
1069,51,6528
1070,50,6400
1071,50,6400
1072,50,6400
1073,50,6400
1074,51,6528
1075,51,6528
1076,51,6528
1077,51,6528
1078,51,6528
1079,49,6272
1080,50,6400
1081,49,6272
1082,50,6400
1083,50,6400
1084,50,6400
1085,51,6528
1086,51,6528
1087,51,6528
1088,51,6528
1089,52,6656
1090,51,6528
1091,51,6528
1092,52,6656
1093,52,6656
1094,52,6656
1095,52,6656
1096,52,6656
1097,52,6656
1098,51,6528
1099,51,6528
1100,51,6528
1101,52,6656
1102,52,6656
1103,52,6656
1104,52,6656
1105,51,6528
1106,52,6656
1107,51,6528
1108,51,6528
1109,51,6528
1110,51,6528
1111,51,6528
1112,51,6528
1113,51,6528
1114,52,6656
1115,51,6528
1116,52,6656
1117,52,6656
1118,52,6656
1119,52,6656
1120,52,6656
1121,53,6784
1122,53,6784
1123,53,6784
1124,54,6912
1125,54,6912
1126,53,6784
1127,53,6784
1128,53,6784
1129,53,6784
1130,53,6784
1131,53,6784
1132,53,6784
1133,53,6784
1134,53,6784
1135,52,6656
1136,53,6784
1137,52,6656
1138,52,6656
1139,51,6528
1140,51,6528
1141,50,6400
1142,50,6400
1143,51,6528
1144,51,6528
1145,51,6528
1146,51,6528
1147,51,6528
1148,51,6528
1149,52,6656
1150,52,6656
1151,52,6656
1152,52,6656
1153,53,6784
1154,53,6784
1155,53,6784
1156,53,6784
1157,52,6656
1158,52,6656
1159,52,6656
1160,51,6528
1161,52,6656
1162,51,6528
1163,50,6400
1164,51,6528
1165,51,6528
1166,51,6528
1167,51,6528
1168,51,6528
1169,51,6528
1170,51,6528
1171,51,6528
1172,51,6528
1173,51,6528
1174,51,6528
1175,51,6528
1176,51,6528
1177,52,6656
1178,52,6656
1179,53,6784
1180,53,6784
1181,53,6784
1182,53,6784
1183,53,6784
1184,53,6784
1185,53,6784
1186,50,6400
1187,51,6528
1188,51,6528
1189,51,6528
1190,51,6528
1191,51,6528
1192,52,6656
1193,52,6656
1194,53,6784
1195,52,6656
1196,51,6528
1197,51,6528
1198,50,6400
1199,50,6400
1200,51,6528
1201,51,6528
1202,51,6528
1203,51,6528
1204,51,6528
1205,52,6656
1206,53,6784
1207,52,6656
1208,52,6656
1209,52,6656
1210,52,6656
1211,52,6656
1212,52,6656
1213,52,6656
1214,52,6656
1215,53,6784
1216,53,6784
1217,52,6656
1218,52,6656
1219,53,6784
1220,53,6784
1221,53,6784
1222,54,6912
1223,54,6912
1224,54,6912
1225,54,6912
1226,54,6912
1227,54,6912
1228,54,6912
1229,54,6912
1230,53,6784
1231,54,6912
1232,54,6912
1233,53,6784
1234,53,6784
1235,53,6784
1236,53,6784
1237,52,6656
1238,52,6656
1239,52,6656
1240,52,6656
1241,53,6784
1242,53,6784
1243,52,6656
1244,53,6784
1245,53,6784
1246,53,6784
1247,53,6784
1248,52,6656
1249,52,6656
1250,52,6656
1251,52,6656
1252,51,6528
1253,51,6528
1254,52,6656
1255,52,6656
1256,52,6656
1257,52,6656
1258,52,6656
1259,52,6656
1260,52,6656
1261,52,6656
1262,51,6528
1263,52,6656
1264,51,6528
1265,51,6528
1266,52,6656
1267,53,6784
1268,52,6656
1269,52,6656
1270,53,6784
1271,50,6400
1272,50,6400
1273,50,6400
1274,50,6400
1275,51,6528
1276,51,6528
1277,51,6528
1278,51,6528
1279,50,6400
1280,51,6528
1281,51,6528
1282,51,6528
1283,51,6528
1284,51,6528
1285,51,6528
1286,53,6784
1287,53,6784
1288,53,6784
1289,53,6784
1290,53,6784
1291,51,6528
1292,51,6528
1293,51,6528
1294,51,6528
1295,51,6528
1296,51,6528
1297,50,6400
1298,50,6400
1299,51,6528
1300,50,6400
1301,49,6272
1302,50,6400
1303,50,6400
1304,50,6400
1305,50,6400
1306,50,6400
1307,51,6528
1308,51,6528
1309,51,6528
1310,51,6528
1311,50,6400
1312,50,6400
1313,50,6400
1314,50,6400
1315,51,6528
1316,51,6528
1317,50,6400
1318,50,6400
1319,50,6400
1320,50,6400
1321,50,6400
1322,51,6528
1323,50,6400
1324,51,6528
1325,50,6400
1326,50,6400
1327,50,6400
1328,49,6272
1329,49,6272
1330,49,6272
1331,49,6272
1332,47,6016
1333,47,6016
1334,47,6016
1335,48,6144
1336,48,6144
1337,48,6144
1338,48,6144
1339,48,6144
1340,48,6144
1341,48,6144
1342,49,6272
1343,49,6272
1344,49,6272
1345,49,6272
1346,49,6272
1347,49,6272
1348,50,6400
1349,50,6400
1350,49,6272
1351,49,6272
1352,49,6272
1353,49,6272
1354,49,6272
1355,49,6272
1356,49,6272
1357,48,6144
1358,48,6144
1359,48,6144
1360,49,6272
1361,49,6272
1362,48,6144
1363,49,6272
1364,49,6272
1365,49,6272
1366,49,6272
1367,50,6400
1368,49,6272
1369,49,6272
1370,49,6272
1371,50,6400
1372,50,6400
1373,48,6144
1374,48,6144
1375,49,6272
1376,48,6144
1377,48,6144
1378,48,6144
1379,48,6144
1380,48,6144
1381,48,6144
1382,48,6144
1383,48,6144
1384,47,6016
1385,47,6016
1386,47,6016
1387,48,6144
1388,47,6016
1389,47,6016
1390,47,6016
1391,48,6144
1392,48,6144
1393,47,6016
1394,47,6016
1395,47,6016
1396,48,6144
1397,48,6144
1398,47,6016
1399,48,6144
1400,48,6144
1401,48,6144
1402,48,6144
1403,48,6144
1404,48,6144
1405,47,6016
1406,47,6016
1407,47,6016
1408,47,6016
1409,46,5888
1410,46,5888
1411,46,5888
1412,46,5888
1413,47,6016
1414,47,6016
1415,46,5888
1416,46,5888
1417,46,5888
1418,46,5888
1419,47,6016
1420,47,6016
1421,47,6016
1422,47,6016
1423,47,6016
1424,47,6016
1425,47,6016
1426,47,6016
1427,47,6016
1428,47,6016
1429,47,6016
1430,47,6016
1431,47,6016
1432,47,6016
1433,47,6016
1434,47,6016
1435,46,5888
1436,47,6016
1437,47,6016
1438,47,6016
1439,48,6144
1440,48,6144
1441,46,5888
1442,46,5888
1443,47,6016
1444,48,6144
1445,47,6016
1446,47,6016
1447,46,5888
1448,46,5888
1449,46,5888
1450,46,5888
1451,46,5888
1452,46,5888
1453,46,5888
1454,47,6016
1455,47,6016
1456,47,6016
1457,47,6016
1458,46,5888
1459,46,5888
1460,46,5888
1461,47,6016
1462,46,5888
1463,47,6016
1464,46,5888
1465,47,6016
1466,48,6144
1467,47,6016
1468,47,6016
1469,47,6016
1470,47,6016
1471,47,6016
1472,47,6016
1473,47,6016
1474,47,6016
1475,48,6144
1476,48,6144
1477,47,6016
1478,47,6016
1479,47,6016
1480,47,6016
1481,48,6144
1482,48,6144
1483,48,6144
1484,47,6016
1485,48,6144
1486,48,6144
1487,48,6144
1488,48,6144
1489,48,6144
1490,47,6016
1491,47,6016
1492,46,5888
1493,44,5632
1494,45,5760
1495,45,5760
1496,45,5760
1497,44,5632
1498,45,5760
1499,45,5760
1500,45,5760
1501,45,5760
1502,46,5888
1503,46,5888
1504,45,5760
1505,45,5760
1506,45,5760
1507,45,5760
1508,44,5632
1509,45,5760
1510,45,5760
1511,45,5760
1512,45,5760
1513,46,5888
1514,45,5760
1515,46,5888
1516,46,5888
1517,46,5888
1518,46,5888
1519,46,5888
1520,46,5888
1521,46,5888
1522,46,5888
1523,46,5888
1524,47,6016
1525,47,6016
1526,46,5888
1527,47,6016
1528,47,6016
1529,47,6016
1530,47,6016
1531,46,5888
1532,46,5888
1533,46,5888
1534,45,5760
1535,45,5760
1536,45,5760
1537,45,5760
1538,45,5760
1539,46,5888
1540,46,5888
1541,46,5888
1542,46,5888
1543,46,5888
1544,46,5888
1545,46,5888
1546,46,5888
1547,46,5888
1548,46,5888
1549,47,6016
1550,47,6016
1551,48,6144
1552,48,6144
1553,48,6144
1554,48,6144
1555,48,6144
1556,48,6144
1557,49,6272
1558,49,6272
1559,49,6272
1560,48,6144
1561,48,6144
1562,48,6144
1563,48,6144
1564,48,6144
1565,48,6144
1566,48,6144
1567,48,6144
1568,48,6144
1569,48,6144
1570,50,6400
1571,48,6144
1572,49,6272
1573,49,6272
1574,49,6272
1575,49,6272
1576,49,6272
1577,49,6272
1578,49,6272
1579,49,6272
1580,49,6272
1581,49,6272
1582,49,6272
1583,51,6528
1584,49,6272
1585,49,6272
1586,48,6144
1587,48,6144
1588,48,6144
1589,49,6272
1590,49,6272
1591,49,6272
1592,49,6272
1593,49,6272
1594,49,6272
1595,48,6144
1596,48,6144
1597,48,6144
1598,49,6272
1599,49,6272
1600,49,6272
1601,49,6272
1602,48,6144
1603,48,6144
1604,48,6144
1605,48,6144
1606,48,6144
1607,48,6144
1608,48,6144
1609,48,6144
1610,48,6144
1611,48,6144
1612,49,6272
1613,49,6272
1614,49,6272
1615,49,6272
1616,50,6400
1617,50,6400
1618,50,6400
1619,50,6400
1620,50,6400
1621,50,6400
1622,50,6400
1623,50,6400
1624,50,6400
1625,49,6272
1626,48,6144
1627,48,6144
1628,49,6272
1629,49,6272
1630,49,6272
1631,49,6272
1632,49,6272
1633,48,6144
1634,49,6272
1635,48,6144
1636,49,6272
1637,49,6272
1638,47,6016
1639,48,6144
1640,48,6144
1641,48,6144
1642,48,6144
1643,47,6016
1644,48,6144
1645,48,6144
1646,49,6272
1647,48,6144
1648,48,6144
1649,48,6144
1650,48,6144
1651,49,6272
1652,48,6144
1653,48,6144
1654,49,6272
1655,50,6400
1656,50,6400
1657,51,6528
1658,51,6528
1659,51,6528
1660,51,6528
1661,50,6400
1662,50,6400
1663,50,6400
1664,51,6528
1665,51,6528
1666,50,6400
1667,50,6400
1668,50,6400
1669,51,6528
1670,51,6528
1671,51,6528
1672,51,6528
1673,51,6528
1674,51,6528
1675,51,6528
1676,51,6528
1677,51,6528
1678,51,6528
1679,51,6528
1680,51,6528
1681,51,6528
1682,52,6656
1683,51,6528
1684,51,6528
1685,51,6528
1686,51,6528
1687,50,6400
1688,50,6400
1689,50,6400
1690,50,6400
1691,50,6400
1692,50,6400
1693,50,6400
1694,50,6400
1695,49,6272
1696,49,6272
1697,49,6272
1698,49,6272
1699,49,6272
1700,49,6272
1701,49,6272
1702,49,6272
1703,49,6272
1704,49,6272
1705,49,6272
1706,50,6400
1707,50,6400
1708,50,6400
1709,50,6400
1710,50,6400
1711,51,6528
1712,50,6400
1713,50,6400
1714,50,6400
1715,50,6400
1716,50,6400
1717,50,6400
1718,51,6528
1719,51,6528
1720,51,6528
1721,52,6656
1722,53,6784
1723,51,6528
1724,50,6400
1725,50,6400
1726,50,6400
1727,50,6400
1728,50,6400
1729,49,6272
1730,49,6272
1731,49,6272
1732,50,6400
1733,50,6400
1734,50,6400
1735,50,6400
1736,51,6528
1737,51,6528
1738,51,6528
1739,52,6656
1740,51,6528
1741,51,6528
1742,51,6528
1743,51,6528
1744,51,6528
1745,51,6528
1746,51,6528
1747,51,6528
1748,50,6400
1749,51,6528
1750,51,6528
1751,51,6528
1752,51,6528
1753,50,6400
1754,48,6144
1755,48,6144
1756,48,6144
1757,49,6272
1758,48,6144
1759,48,6144
1760,49,6272
1761,48,6144
1762,48,6144
1763,48,6144
1764,49,6272
1765,49,6272
1766,49,6272
1767,49,6272
1768,49,6272
1769,49,6272
1770,48,6144
1771,47,6016
1772,47,6016
1773,47,6016
1774,47,6016
1775,47,6016
1776,47,6016
1777,47,6016
1778,47,6016
1779,47,6016
1780,47,6016
1781,48,6144
1782,47,6016
1783,47,6016
1784,47,6016
1785,48,6144
1786,48,6144
1787,48,6144
1788,48,6144
1789,48,6144
1790,48,6144
1791,48,6144
1792,48,6144
1793,48,6144
1794,48,6144
1795,48,6144
1796,48,6144
1797,48,6144
1798,49,6272
1799,49,6272
1800,49,6272
1801,50,6400
1802,50,6400
1803,51,6528
1804,51,6528
1805,51,6528
1806,51,6528
1807,49,6272
1808,49,6272
1809,49,6272
1810,49,6272
1811,49,6272
1812,49,6272
1813,50,6400
1814,49,6272
1815,49,6272
1816,49,6272
1817,49,6272
1818,50,6400
1819,50,6400
1820,50,6400
1821,48,6144
1822,48,6144
1823,48,6144
1824,47,6016
1825,48,6144
1826,48,6144
1827,47,6016
1828,48,6144
1829,47,6016
1830,48,6144
1831,48,6144
1832,48,6144
1833,48,6144
1834,48,6144
1835,48,6144
1836,48,6144
1837,48,6144
1838,49,6272
1839,49,6272
1840,48,6144
1841,48,6144
1842,48,6144
1843,48,6144
1844,49,6272
1845,49,6272
1846,49,6272
1847,49,6272
1848,48,6144
1849,48,6144
1850,48,6144
1851,48,6144
1852,47,6016
1853,47,6016
1854,48,6144
1855,47,6016
1856,47,6016
1857,49,6272
1858,48,6144
1859,48,6144
1860,49,6272
1861,49,6272
1862,49,6272
1863,49,6272
1864,49,6272
1865,50,6400
1866,49,6272
1867,48,6144
1868,48,6144
1869,48,6144
1870,48,6144
1871,48,6144
1872,48,6144
1873,49,6272
1874,49,6272
1875,49,6272
1876,49,6272
1877,49,6272
1878,48,6144
1879,49,6272
1880,48,6144
1881,48,6144
1882,48,6144
1883,48,6144
1884,48,6144
1885,48,6144
1886,49,6272
1887,49,6272
1888,49,6272
1889,49,6272
1890,48,6144
1891,48,6144
1892,48,6144
1893,48,6144
1894,48,6144
1895,48,6144
1896,48,6144
1897,46,5888
1898,46,5888
1899,46,5888
1900,46,5888
1901,46,5888
1902,46,5888
1903,46,5888
1904,47,6016
1905,48,6144
1906,47,6016
1907,49,6272
1908,47,6016
1909,47,6016
1910,47,6016
1911,47,6016
1912,47,6016
1913,47,6016
1914,47,6016
1915,47,6016
1916,47,6016
1917,46,5888
1918,47,6016
1919,47,6016
1920,46,5888
1921,46,5888
1922,46,5888
1923,46,5888
1924,46,5888
1925,46,5888
1926,47,6016
1927,47,6016
1928,47,6016
1929,45,5760
1930,45,5760
1931,45,5760
1932,45,5760
1933,46,5888
1934,46,5888
1935,47,6016
1936,45,5760
1937,45,5760
1938,45,5760
1939,45,5760
1940,45,5760
1941,45,5760
1942,45,5760
1943,46,5888
1944,46,5888
1945,46,5888
1946,46,5888
1947,45,5760
1948,45,5760
1949,44,5632
1950,45,5760
1951,45,5760
1952,45,5760
1953,45,5760
1954,45,5760
1955,45,5760
1956,45,5760
1957,45,5760
1958,45,5760
1959,45,5760
1960,45,5760
1961,45,5760
1962,45,5760
1963,45,5760
1964,45,5760
1965,45,5760
1966,45,5760
1967,44,5632
1968,46,5888
1969,47,6016
1970,47,6016
1971,47,6016
1972,47,6016
1973,47,6016
1974,47,6016
1975,47,6016
1976,48,6144
1977,48,6144
1978,48,6144
1979,48,6144
1980,48,6144
1981,49,6272
1982,48,6144
1983,47,6016
1984,47,6016
1985,47,6016
1986,47,6016
1987,48,6144
1988,47,6016
1989,47,6016
1990,47,6016
1991,47,6016
1992,47,6016
1993,48,6144
1994,48,6144
1995,48,6144
1996,48,6144
1997,49,6272
1998,49,6272
1999,49,6272
2000,49,6272
