RandomSeed,82014,Population size:128,Bit Length:64,Crossover Rate:0,Mutation Rate:0.005
gen,BestFitness,FitnessEval
1,40,5120
2,40,5120
3,41,5248
4,40,5120
5,40,5120
6,39,4992
7,39,4992
8,40,5120
9,40,5120
10,39,4992
11,40,5120
12,40,5120
13,40,5120
14,41,5248
15,41,5248
16,41,5248
17,41,5248
18,41,5248
19,41,5248
20,42,5376
21,41,5248
22,41,5248
23,41,5248
24,41,5248
25,41,5248
26,41,5248
27,42,5376
28,42,5376
29,43,5504
30,43,5504
31,43,5504
32,43,5504
33,43,5504
34,43,5504
35,44,5632
36,44,5632
37,44,5632
38,44,5632
39,44,5632
40,44,5632
41,42,5376
42,43,5504
43,42,5376
44,44,5632
45,43,5504
46,43,5504
47,43,5504
48,43,5504
49,44,5632
50,44,5632
51,46,5888
52,45,5760
53,45,5760
54,45,5760
55,45,5760
56,45,5760
57,46,5888
58,45,5760
59,45,5760
60,44,5632
61,44,5632
62,44,5632
63,44,5632
64,44,5632
65,44,5632
66,45,5760
67,45,5760
68,44,5632
69,44,5632
70,44,5632
71,44,5632
72,45,5760
73,45,5760
74,45,5760
75,46,5888
76,46,5888
77,46,5888
78,46,5888
79,46,5888
80,46,5888
81,45,5760
82,45,5760
83,45,5760
84,45,5760
85,45,5760
86,45,5760
87,45,5760
88,44,5632
89,45,5760
90,45,5760
91,45,5760
92,44,5632
93,44,5632
94,45,5760
95,45,5760
96,46,5888
97,46,5888
98,47,6016
99,47,6016
100,46,5888
101,46,5888
102,46,5888
103,46,5888
104,46,5888
105,46,5888
106,46,5888
107,46,5888
108,46,5888
109,46,5888
110,46,5888
111,46,5888
112,46,5888
113,47,6016
114,47,6016
115,47,6016
116,47,6016
117,47,6016
118,47,6016
119,47,6016
120,48,6144
121,47,6016
122,47,6016
123,48,6144
124,47,6016
125,47,6016
126,47,6016
127,47,6016
128,47,6016
129,46,5888
130,46,5888
131,48,6144
132,47,6016
133,47,6016
134,47,6016
135,46,5888
136,47,6016
137,47,6016
138,47,6016
139,47,6016
140,47,6016
141,47,6016
142,48,6144
143,48,6144
144,48,6144
145,49,6272
146,48,6144
147,48,6144
148,48,6144
149,48,6144
150,48,6144
151,48,6144
152,46,5888
153,47,6016
154,47,6016
155,46,5888
156,47,6016
157,46,5888
158,46,5888
159,46,5888
160,47,6016
161,47,6016
162,47,6016
163,46,5888
164,46,5888
165,46,5888
166,47,6016
167,47,6016
168,46,5888
169,47,6016
170,47,6016
171,47,6016
172,47,6016
173,47,6016
174,47,6016
175,47,6016
176,47,6016
177,47,6016
178,47,6016
179,47,6016
180,48,6144
181,47,6016
182,47,6016
183,47,6016
184,47,6016
185,48,6144
186,48,6144
187,48,6144
188,48,6144
189,48,6144
190,48,6144
191,49,6272
192,46,5888
193,46,5888
194,46,5888
195,46,5888
196,45,5760
197,45,5760
198,45,5760
199,45,5760
200,45,5760
201,46,5888
202,46,5888
203,45,5760
204,45,5760
205,45,5760
206,45,5760
207,45,5760
208,45,5760
209,46,5888
210,45,5760
211,45,5760
212,45,5760
213,45,5760
214,45,5760
215,45,5760
216,46,5888
217,44,5632
218,45,5760
219,45,5760
220,45,5760
221,45,5760
222,46,5888
223,46,5888
224,46,5888
225,46,5888
226,46,5888
227,46,5888
228,46,5888
229,46,5888
230,46,5888
231,47,6016
232,47,6016
233,47,6016
234,47,6016
235,47,6016
236,48,6144
237,47,6016
238,47,6016
239,47,6016
240,47,6016
241,47,6016
242,47,6016
243,47,6016
244,47,6016
245,47,6016
246,47,6016
247,47,6016
248,48,6144
249,48,6144
250,49,6272
251,48,6144
252,48,6144
253,47,6016
254,48,6144
255,47,6016
256,47,6016
257,47,6016
258,47,6016
259,47,6016
260,46,5888
261,48,6144
262,48,6144
263,48,6144
264,47,6016
265,47,6016
266,47,6016
267,47,6016
268,47,6016
269,48,6144
270,47,6016
271,47,6016
272,47,6016
273,47,6016
274,47,6016
275,47,6016
276,47,6016
277,47,6016
278,48,6144
279,48,6144
280,48,6144
281,48,6144
282,47,6016
283,47,6016
284,47,6016
285,48,6144
286,48,6144
287,48,6144
288,49,6272
289,48,6144
290,48,6144
291,47,6016
292,47,6016
293,47,6016
294,47,6016
295,47,6016
296,48,6144
297,47,6016
298,47,6016
299,47,6016
300,47,6016
301,47,6016
302,47,6016
303,46,5888
304,46,5888
305,47,6016
306,46,5888
307,47,6016
308,47,6016
309,47,6016
310,46,5888
311,46,5888
312,47,6016
313,46,5888
314,46,5888
315,47,6016
316,46,5888
317,46,5888
318,46,5888
319,48,6144
320,48,6144
321,48,6144
322,47,6016
323,47,6016
324,47,6016
325,47,6016
326,47,6016
327,47,6016
328,47,6016
329,46,5888
330,47,6016
331,47,6016
332,47,6016
333,48,6144
334,47,6016
335,47,6016
336,47,6016
337,47,6016
338,47,6016
339,47,6016
340,47,6016
341,47,6016
342,47,6016
343,47,6016
344,47,6016
345,47,6016
346,47,6016
347,47,6016
348,47,6016
349,48,6144
350,48,6144
351,48,6144
352,48,6144
353,47,6016
354,48,6144
355,48,6144
356,48,6144
357,48,6144
358,48,6144
359,48,6144
360,48,6144
361,49,6272
362,47,6016
363,48,6144
364,47,6016
365,48,6144
366,46,5888
367,47,6016
368,47,6016
369,47,6016
370,47,6016
371,46,5888
372,48,6144
373,48,6144
374,48,6144
375,46,5888
376,46,5888
377,46,5888
378,45,5760
379,45,5760
380,46,5888
381,46,5888
382,46,5888
383,46,5888
384,47,6016
385,47,6016
386,47,6016
387,47,6016
388,47,6016
389,48,6144
390,48,6144
391,48,6144
392,48,6144
393,48,6144
394,48,6144
395,48,6144
396,48,6144
397,48,6144
398,48,6144
399,49,6272
400,49,6272
401,48,6144
402,48,6144
403,49,6272
404,49,6272
405,50,6400
406,50,6400
407,49,6272
408,50,6400
409,50,6400
410,47,6016
411,47,6016
412,48,6144
413,49,6272
414,48,6144
415,49,6272
416,49,6272
417,49,6272
418,49,6272
419,49,6272
420,49,6272
421,48,6144
422,48,6144
423,50,6400
424,50,6400
425,50,6400
426,50,6400
427,48,6144
428,48,6144
429,48,6144
430,48,6144
431,48,6144
432,47,6016
433,47,6016
434,47,6016
435,48,6144
436,48,6144
437,47,6016
438,47,6016
439,47,6016
440,47,6016
441,47,6016
442,47,6016
443,47,6016
444,47,6016
445,46,5888
446,47,6016
447,47,6016
448,47,6016
449,46,5888
450,46,5888
451,47,6016
452,46,5888
453,46,5888
454,46,5888
455,46,5888
456,47,6016
457,47,6016
458,47,6016
459,48,6144
460,48,6144
461,48,6144
462,47,6016
463,47,6016
464,48,6144
465,47,6016
466,47,6016
467,47,6016
468,47,6016
469,46,5888
470,46,5888
471,46,5888
472,46,5888
473,46,5888
474,48,6144
475,47,6016
476,47,6016
477,47,6016
478,46,5888
479,46,5888
480,47,6016
481,47,6016
482,47,6016
483,48,6144
484,48,6144
485,48,6144
486,48,6144
487,48,6144
488,48,6144
489,48,6144
490,50,6400
491,50,6400
492,49,6272
493,49,6272
494,50,6400
495,50,6400
496,50,6400
497,50,6400
498,50,6400
499,51,6528
500,51,6528
501,51,6528
502,51,6528
503,51,6528
504,51,6528
505,51,6528
506,51,6528
507,51,6528
508,51,6528
509,52,6656
510,52,6656
511,52,6656
512,52,6656
513,51,6528
514,51,6528
515,51,6528
516,51,6528
517,51,6528
518,51,6528
519,51,6528
520,51,6528
521,52,6656
522,51,6528
523,52,6656
524,52,6656
525,53,6784
526,51,6528
527,51,6528
528,52,6656
529,52,6656
530,52,6656
531,51,6528
532,51,6528
533,52,6656
534,52,6656
535,51,6528
536,49,6272
537,49,6272
538,49,6272
539,49,6272
540,49,6272
541,49,6272
542,50,6400
543,50,6400
544,50,6400
545,50,6400
546,50,6400
547,51,6528
548,51,6528
549,51,6528
550,50,6400
551,50,6400
552,50,6400
553,51,6528
554,50,6400
555,50,6400
556,49,6272
557,49,6272
558,49,6272
559,49,6272
560,47,6016
561,47,6016
562,46,5888
563,47,6016
564,47,6016
565,47,6016
566,46,5888
567,46,5888
568,47,6016
569,46,5888
570,46,5888
571,47,6016
572,46,5888
573,46,5888
574,46,5888
575,46,5888
576,46,5888
577,47,6016
578,47,6016
579,47,6016
580,47,6016
581,47,6016
582,47,6016
583,47,6016
584,47,6016
585,47,6016
586,48,6144
587,48,6144
588,49,6272
589,48,6144
590,48,6144
591,48,6144
592,47,6016
593,47,6016
594,47,6016
595,47,6016
596,47,6016
597,46,5888
598,47,6016
599,47,6016
600,47,6016
601,47,6016
602,47,6016
603,47,6016
604,47,6016
605,46,5888
606,46,5888
607,46,5888
608,46,5888
609,46,5888
610,47,6016
611,47,6016
612,47,6016
613,48,6144
614,47,6016
615,46,5888
616,46,5888
617,46,5888
618,46,5888
619,47,6016
620,47,6016
621,47,6016
622,47,6016
623,48,6144
624,48,6144
625,49,6272
626,49,6272
627,49,6272
628,49,6272
629,49,6272
630,49,6272
631,50,6400
632,50,6400
633,50,6400
634,50,6400
635,50,6400
636,47,6016
637,48,6144
638,48,6144
639,48,6144
640,49,6272
641,48,6144
642,48,6144
643,48,6144
644,48,6144
645,48,6144
646,49,6272
647,48,6144
648,47,6016
649,47,6016
650,47,6016
651,48,6144
652,47,6016
653,48,6144
654,47,6016
655,47,6016
656,48,6144
657,48,6144
658,48,6144
659,48,6144
660,48,6144
661,48,6144
662,48,6144
663,49,6272
664,49,6272
665,48,6144
666,47,6016
667,48,6144
668,48,6144
669,49,6272
670,48,6144
671,48,6144
672,48,6144
673,48,6144
674,48,6144
675,48,6144
676,49,6272
677,48,6144
678,49,6272
679,49,6272
680,49,6272
681,49,6272
682,49,6272
683,49,6272
684,50,6400
685,50,6400
686,49,6272
687,51,6528
688,51,6528
689,51,6528
690,49,6272
691,50,6400
692,50,6400
693,50,6400
694,49,6272
695,50,6400
696,50,6400
697,50,6400
698,50,6400
699,50,6400
700,50,6400
701,50,6400
702,50,6400
703,50,6400
704,50,6400
705,51,6528
706,51,6528
707,51,6528
708,50,6400
709,49,6272
710,49,6272
711,50,6400
712,50,6400
713,50,6400
714,49,6272
715,49,6272
716,50,6400
717,50,6400
718,50,6400
719,50,6400
720,50,6400
721,50,6400
722,50,6400
723,50,6400
724,50,6400
725,50,6400
726,50,6400
727,51,6528
728,51,6528
729,50,6400
730,51,6528
731,51,6528
732,51,6528
733,51,6528
734,51,6528
735,52,6656
736,52,6656
737,52,6656
738,52,6656
739,52,6656
740,51,6528
741,51,6528
742,50,6400
743,50,6400
744,50,6400
745,51,6528
746,51,6528
747,50,6400
748,50,6400
749,50,6400
750,50,6400
751,50,6400
752,50,6400
753,50,6400
754,50,6400
755,50,6400
756,50,6400
757,50,6400
758,50,6400
759,50,6400
760,50,6400
761,50,6400
762,51,6528
763,50,6400
764,50,6400
765,51,6528
766,50,6400
767,50,6400
768,50,6400
769,50,6400
770,49,6272
771,49,6272
772,49,6272
773,49,6272
774,49,6272
775,50,6400
776,50,6400
777,50,6400
778,50,6400
779,50,6400
780,50,6400
781,51,6528
782,50,6400
783,50,6400
784,50,6400
785,50,6400
786,50,6400
787,50,6400
788,50,6400
789,50,6400
790,50,6400
791,50,6400
792,50,6400
793,50,6400
794,50,6400
795,50,6400
796,50,6400
797,50,6400
798,51,6528
799,51,6528
800,51,6528
801,52,6656
802,52,6656
803,52,6656
804,52,6656
805,51,6528
806,51,6528
807,51,6528
808,52,6656
809,51,6528
810,51,6528
811,51,6528
812,51,6528
813,51,6528
814,51,6528
815,50,6400
816,51,6528
817,51,6528
818,51,6528
819,51,6528
820,51,6528
821,51,6528
822,51,6528
823,51,6528
824,51,6528
825,52,6656
826,51,6528
827,51,6528
828,51,6528
829,51,6528
830,51,6528
831,52,6656
832,52,6656
833,52,6656
834,52,6656
835,53,6784
836,52,6656
837,52,6656
838,52,6656
839,51,6528
840,50,6400
841,51,6528
842,52,6656
843,50,6400
844,50,6400
845,52,6656
846,50,6400
847,51,6528
848,52,6656
849,52,6656
850,51,6528
851,51,6528
852,50,6400
853,51,6528
854,51,6528
855,51,6528
856,51,6528
857,51,6528
858,51,6528
859,51,6528
860,51,6528
861,52,6656
862,52,6656
863,52,6656
864,52,6656
865,52,6656
866,51,6528
867,51,6528
868,52,6656
869,52,6656
870,52,6656
871,49,6272
872,49,6272
873,51,6528
874,51,6528
875,50,6400
876,49,6272
877,49,6272
878,49,6272
879,49,6272
880,49,6272
881,49,6272
882,50,6400
883,49,6272
884,49,6272
885,49,6272
886,49,6272
887,48,6144
888,48,6144
889,48,6144
890,48,6144
891,48,6144
892,49,6272
893,49,6272
894,50,6400
895,50,6400
896,49,6272
897,50,6400
898,48,6144
899,49,6272
900,49,6272
901,50,6400
902,49,6272
903,49,6272
904,48,6144
905,47,6016
906,47,6016
907,47,6016
908,47,6016
909,47,6016
910,47,6016
911,47,6016
912,47,6016
913,47,6016
914,48,6144
915,48,6144
916,48,6144
917,48,6144
918,48,6144
919,48,6144
920,48,6144
921,50,6400
922,48,6144
923,48,6144
924,48,6144
925,48,6144
926,50,6400
927,48,6144
928,48,6144
929,49,6272
930,49,6272
931,48,6144
932,49,6272
933,48,6144
934,47,6016
935,48,6144
936,47,6016
937,49,6272
938,48,6144
939,49,6272
940,49,6272
941,49,6272
942,49,6272
943,49,6272
944,49,6272
945,49,6272
946,50,6400
947,50,6400
948,50,6400
949,50,6400
950,50,6400
951,50,6400
952,47,6016
953,47,6016
954,47,6016
955,46,5888
956,46,5888
957,46,5888
958,46,5888
959,46,5888
960,47,6016
961,47,6016
962,46,5888
963,46,5888
964,46,5888
965,46,5888
966,46,5888
967,46,5888
968,45,5760
969,47,6016
970,47,6016
971,47,6016
972,47,6016
973,47,6016
974,47,6016
975,45,5760
976,45,5760
977,45,5760
978,46,5888
979,46,5888
980,46,5888
981,47,6016
982,47,6016
983,47,6016
984,44,5632
985,45,5760
986,45,5760
987,44,5632
988,45,5760
989,45,5760
990,46,5888
991,46,5888
992,47,6016
993,46,5888
994,46,5888
995,45,5760
996,45,5760
997,45,5760
998,46,5888
999,46,5888
1000,46,5888
1001,45,5760
1002,46,5888
1003,45,5760
1004,46,5888
1005,45,5760
1006,46,5888
1007,47,6016
1008,47,6016
1009,46,5888
1010,46,5888
1011,47,6016
1012,47,6016
1013,46,5888
1014,47,6016
1015,46,5888
1016,46,5888
1017,47,6016
1018,48,6144
1019,48,6144
1020,49,6272
1021,49,6272
1022,49,6272
1023,49,6272
1024,49,6272
1025,49,6272
1026,49,6272
1027,49,6272
1028,49,6272
1029,49,6272
1030,50,6400
1031,50,6400
1032,50,6400
1033,50,6400
1034,50,6400
1035,50,6400
1036,52,6656
1037,52,6656
1038,52,6656
1039,52,6656
1040,52,6656
1041,52,6656
1042,52,6656
1043,52,6656
1044,52,6656
1045,52,6656
1046,52,6656
1047,52,6656
1048,51,6528
1049,51,6528
1050,51,6528
1051,51,6528
1052,51,6528
1053,51,6528
1054,52,6656
1055,51,6528
1056,51,6528
1057,51,6528
1058,52,6656
1059,52,6656
1060,51,6528
1061,51,6528
1062,51,6528
1063,51,6528
1064,51,6528
1065,51,6528
1066,51,6528
1067,52,6656
1068,52,6656
1069,52,6656
1070,52,6656
1071,52,6656
1072,51,6528
1073,51,6528
1074,51,6528
1075,51,6528
1076,51,6528
1077,51,6528
1078,51,6528
1079,51,6528
1080,51,6528
1081,52,6656
1082,52,6656
1083,52,6656
1084,52,6656
1085,52,6656
1086,52,6656
1087,51,6528
1088,52,6656
1089,52,6656
1090,52,6656
1091,52,6656
1092,52,6656
1093,51,6528
1094,51,6528
1095,52,6656
1096,51,6528
1097,51,6528
1098,51,6528
1099,51,6528
1100,52,6656
1101,51,6528
1102,51,6528
1103,51,6528
1104,52,6656
1105,51,6528
1106,51,6528
1107,51,6528
1108,51,6528
1109,52,6656
1110,52,6656
1111,52,6656
1112,51,6528
1113,51,6528
1114,52,6656
1115,52,6656
1116,51,6528
1117,52,6656
1118,53,6784
1119,52,6656
1120,53,6784
1121,53,6784
1122,52,6656
1123,51,6528
1124,51,6528
1125,51,6528
1126,51,6528
1127,51,6528
1128,51,6528
1129,51,6528
1130,51,6528
1131,51,6528
1132,51,6528
1133,51,6528
1134,51,6528
1135,51,6528
1136,51,6528
1137,51,6528
1138,51,6528
1139,53,6784
1140,53,6784
1141,53,6784
1142,52,6656
1143,52,6656
1144,52,6656
1145,53,6784
1146,53,6784
1147,53,6784
1148,51,6528
1149,51,6528
1150,50,6400
1151,50,6400
1152,51,6528
1153,51,6528
1154,51,6528
1155,51,6528
1156,50,6400
1157,50,6400
1158,50,6400
1159,51,6528
1160,51,6528
1161,49,6272
1162,49,6272
1163,49,6272
1164,49,6272
1165,50,6400
1166,51,6528
1167,50,6400
1168,50,6400
1169,50,6400
1170,50,6400
1171,50,6400
1172,50,6400
1173,50,6400
1174,50,6400
1175,50,6400
1176,50,6400
1177,50,6400
1178,50,6400
1179,50,6400
1180,50,6400
1181,50,6400
1182,50,6400
1183,50,6400
1184,50,6400
1185,50,6400
1186,50,6400
1187,50,6400
1188,49,6272
1189,49,6272
1190,49,6272
1191,50,6400
1192,49,6272
1193,49,6272
1194,50,6400
1195,50,6400
1196,49,6272
1197,49,6272
1198,49,6272
1199,48,6144
1200,48,6144
1201,48,6144
1202,48,6144
1203,47,6016
1204,48,6144
1205,48,6144
1206,46,5888
1207,47,6016
1208,46,5888
1209,46,5888
1210,46,5888
1211,46,5888
1212,46,5888
1213,47,6016
1214,47,6016
1215,46,5888
1216,47,6016
1217,47,6016
1218,47,6016
1219,46,5888
1220,46,5888
1221,47,6016
1222,47,6016
1223,47,6016
1224,47,6016
1225,47,6016
1226,46,5888
1227,47,6016
1228,45,5760
1229,45,5760
1230,46,5888
1231,46,5888
1232,47,6016
1233,46,5888
1234,46,5888
1235,46,5888
1236,46,5888
1237,46,5888
1238,46,5888
1239,46,5888
1240,46,5888
1241,46,5888
1242,46,5888
1243,46,5888
1244,46,5888
1245,46,5888
1246,47,6016
1247,47,6016
1248,47,6016
1249,47,6016
1250,47,6016
1251,47,6016
1252,47,6016
1253,45,5760
1254,46,5888
1255,45,5760
1256,46,5888
1257,44,5632
1258,44,5632
1259,44,5632
1260,44,5632
1261,43,5504
1262,44,5632
1263,44,5632
1264,45,5760
1265,46,5888
1266,46,5888
1267,45,5760
1268,46,5888
1269,46,5888
1270,46,5888
1271,46,5888
1272,46,5888
1273,47,6016
1274,47,6016
1275,47,6016
1276,47,6016
1277,47,6016
1278,46,5888
1279,45,5760
1280,44,5632
1281,44,5632
1282,44,5632
1283,45,5760
1284,45,5760
1285,45,5760
1286,45,5760
1287,45,5760
1288,45,5760
1289,45,5760
1290,45,5760
1291,45,5760
1292,46,5888
1293,46,5888
1294,46,5888
1295,47,6016
1296,46,5888
1297,46,5888
1298,46,5888
1299,47,6016
1300,48,6144
1301,48,6144
1302,48,6144
1303,48,6144
1304,47,6016
1305,48,6144
1306,47,6016
1307,47,6016
1308,47,6016
1309,47,6016
1310,48,6144
1311,48,6144
1312,47,6016
1313,47,6016
1314,47,6016
1315,47,6016
1316,47,6016
1317,46,5888
1318,46,5888
1319,46,5888
1320,47,6016
1321,47,6016
1322,47,6016
1323,47,6016
1324,48,6144
1325,48,6144
1326,47,6016
1327,47,6016
1328,47,6016
1329,47,6016
1330,48,6144
1331,48,6144
1332,48,6144
1333,48,6144
1334,48,6144
1335,48,6144
1336,49,6272
1337,48,6144
1338,49,6272
1339,48,6144
1340,49,6272
1341,48,6144
1342,48,6144
1343,49,6272
1344,49,6272
1345,48,6144
1346,48,6144
1347,48,6144
1348,48,6144
1349,48,6144
1350,48,6144
1351,49,6272
1352,48,6144
1353,48,6144
1354,49,6272
1355,49,6272
1356,49,6272
1357,49,6272
1358,49,6272
1359,49,6272
1360,50,6400
1361,50,6400
1362,50,6400
1363,50,6400
1364,50,6400
1365,50,6400
1366,48,6144
1367,48,6144
1368,48,6144
1369,48,6144
1370,49,6272
1371,49,6272
1372,49,6272
1373,49,6272
1374,50,6400
1375,50,6400
1376,51,6528
1377,49,6272
1378,49,6272
1379,49,6272
1380,50,6400
1381,49,6272
1382,49,6272
1383,49,6272
1384,49,6272
1385,50,6400
1386,50,6400
1387,50,6400
1388,50,6400
1389,50,6400
1390,50,6400
1391,50,6400
1392,50,6400
1393,50,6400
1394,50,6400
1395,50,6400
1396,50,6400
1397,50,6400
1398,50,6400
1399,50,6400
1400,51,6528
1401,50,6400
1402,50,6400
1403,50,6400
1404,50,6400
1405,50,6400
1406,50,6400
1407,50,6400
1408,51,6528
1409,51,6528
1410,52,6656
1411,49,6272
1412,50,6400
1413,49,6272
1414,49,6272
1415,49,6272
1416,49,6272
1417,48,6144
1418,49,6272
1419,50,6400
1420,50,6400
1421,50,6400
1422,50,6400
1423,50,6400
1424,49,6272
1425,49,6272
1426,50,6400
1427,49,6272
1428,50,6400
1429,50,6400
1430,50,6400
1431,50,6400
1432,50,6400
1433,50,6400
1434,51,6528
1435,51,6528
1436,51,6528
1437,51,6528
1438,51,6528
1439,51,6528
1440,51,6528
1441,51,6528
1442,51,6528
1443,51,6528
1444,51,6528
1445,51,6528
1446,51,6528
1447,51,6528
1448,51,6528
1449,51,6528
1450,51,6528
1451,52,6656
1452,51,6528
1453,51,6528
1454,51,6528
1455,51,6528
1456,51,6528
1457,50,6400
1458,51,6528
1459,52,6656
1460,51,6528
1461,51,6528
1462,51,6528
1463,51,6528
1464,51,6528
1465,51,6528
1466,51,6528
1467,51,6528
1468,51,6528
1469,51,6528
1470,51,6528
1471,51,6528
1472,51,6528
1473,50,6400
1474,50,6400
1475,50,6400
1476,50,6400
1477,50,6400
1478,51,6528
1479,51,6528
1480,51,6528
1481,50,6400
1482,50,6400
1483,50,6400
1484,50,6400
1485,51,6528
1486,50,6400
1487,50,6400
1488,51,6528
1489,51,6528
1490,51,6528
1491,51,6528
1492,51,6528
1493,52,6656
1494,51,6528
1495,52,6656
1496,52,6656
1497,51,6528
1498,51,6528
1499,51,6528
1500,51,6528
1501,51,6528
1502,51,6528
1503,51,6528
1504,52,6656
1505,52,6656
1506,51,6528
1507,51,6528
1508,52,6656
1509,51,6528
1510,51,6528
1511,51,6528
1512,51,6528
1513,51,6528
1514,51,6528
1515,51,6528
1516,51,6528
1517,50,6400
1518,50,6400
1519,51,6528
1520,51,6528
1521,51,6528
1522,51,6528
1523,51,6528
1524,51,6528
1525,50,6400
1526,50,6400
1527,50,6400
1528,50,6400
1529,49,6272
1530,49,6272
1531,49,6272
1532,50,6400
1533,50,6400
1534,50,6400
1535,51,6528
1536,50,6400
1537,50,6400
1538,50,6400
1539,49,6272
1540,48,6144
1541,48,6144
1542,48,6144
1543,48,6144
1544,48,6144
1545,48,6144
1546,48,6144
1547,48,6144
1548,48,6144
1549,48,6144
1550,48,6144
1551,48,6144
1552,48,6144
1553,49,6272
1554,48,6144
1555,48,6144
1556,48,6144
1557,48,6144
1558,48,6144
1559,48,6144
1560,48,6144
1561,48,6144
1562,48,6144
1563,48,6144
1564,48,6144
1565,48,6144
1566,48,6144
1567,48,6144
1568,49,6272
1569,49,6272
1570,49,6272
1571,48,6144
1572,48,6144
1573,49,6272
1574,48,6144
1575,48,6144
1576,48,6144
1577,49,6272
1578,49,6272
1579,48,6144
1580,48,6144
1581,49,6272
1582,48,6144
1583,49,6272
1584,49,6272
1585,48,6144
1586,48,6144
1587,49,6272
1588,49,6272
1589,50,6400
1590,49,6272
1591,50,6400
1592,50,6400
1593,51,6528
1594,51,6528
1595,51,6528
1596,52,6656
1597,51,6528
1598,51,6528
1599,50,6400
1600,50,6400
1601,50,6400
1602,52,6656
1603,52,6656
1604,50,6400
1605,50,6400
1606,50,6400
1607,50,6400
1608,50,6400
1609,49,6272
1610,49,6272
1611,49,6272
1612,49,6272
1613,49,6272
1614,49,6272
1615,49,6272
1616,49,6272
1617,50,6400
1618,50,6400
1619,50,6400
1620,50,6400
1621,49,6272
1622,49,6272
1623,49,6272
1624,49,6272
1625,49,6272
1626,49,6272
1627,49,6272
1628,49,6272
1629,49,6272
1630,50,6400
1631,50,6400
1632,50,6400
1633,50,6400
1634,50,6400
1635,50,6400
1636,51,6528
1637,50,6400
1638,51,6528
1639,51,6528
1640,51,6528
1641,51,6528
1642,51,6528
1643,51,6528
1644,51,6528
1645,51,6528
1646,51,6528
1647,51,6528
1648,52,6656
1649,52,6656
1650,52,6656
1651,52,6656
1652,52,6656
1653,51,6528
1654,51,6528
1655,51,6528
1656,51,6528
1657,52,6656
1658,51,6528
1659,51,6528
1660,52,6656
1661,52,6656
1662,52,6656
1663,52,6656
1664,52,6656
1665,52,6656
1666,52,6656
1667,52,6656
1668,51,6528
1669,51,6528
1670,52,6656
1671,52,6656
1672,52,6656
1673,52,6656
1674,52,6656
1675,51,6528
1676,52,6656
1677,52,6656
1678,52,6656
1679,52,6656
1680,52,6656
1681,52,6656
1682,51,6528
1683,52,6656
1684,51,6528
1685,51,6528
1686,51,6528
1687,51,6528
1688,51,6528
1689,51,6528
1690,50,6400
1691,50,6400
1692,51,6528
1693,50,6400
1694,50,6400
1695,50,6400
1696,51,6528
1697,51,6528
1698,51,6528
1699,51,6528
1700,52,6656
1701,52,6656
1702,51,6528
1703,51,6528
1704,51,6528
1705,50,6400
1706,50,6400
1707,50,6400
1708,50,6400
1709,51,6528
1710,51,6528
1711,51,6528
1712,51,6528
1713,52,6656
1714,52,6656
1715,53,6784
1716,53,6784
1717,52,6656
1718,52,6656
1719,52,6656
1720,52,6656
1721,52,6656
1722,52,6656
1723,52,6656
1724,52,6656
1725,52,6656
1726,52,6656
1727,52,6656
1728,52,6656
1729,52,6656
1730,52,6656
1731,53,6784
1732,53,6784
1733,53,6784
1734,53,6784
1735,53,6784
1736,54,6912
1737,54,6912
1738,54,6912
1739,53,6784
1740,53,6784
1741,53,6784
1742,53,6784
1743,53,6784
1744,53,6784
1745,53,6784
1746,53,6784
1747,53,6784
1748,53,6784
1749,52,6656
1750,52,6656
1751,52,6656
1752,52,6656
1753,52,6656
1754,52,6656
1755,52,6656
1756,52,6656
1757,53,6784
1758,52,6656
1759,52,6656
1760,52,6656
1761,52,6656
1762,53,6784
1763,51,6528
1764,51,6528
1765,52,6656
1766,51,6528
1767,52,6656
1768,52,6656
1769,50,6400
1770,50,6400
1771,50,6400
1772,50,6400
1773,50,6400
1774,50,6400
1775,51,6528
1776,50,6400
1777,51,6528
1778,52,6656
1779,53,6784
1780,52,6656
1781,52,6656
1782,51,6528
1783,50,6400
1784,50,6400
1785,51,6528
1786,50,6400
1787,50,6400
1788,50,6400
1789,51,6528
1790,51,6528
1791,50,6400
1792,49,6272
1793,50,6400
1794,49,6272
1795,49,6272
1796,49,6272
1797,48,6144
1798,49,6272
1799,49,6272
1800,49,6272
1801,49,6272
1802,49,6272
1803,49,6272
1804,48,6144
1805,48,6144
1806,48,6144
1807,48,6144
1808,49,6272
1809,48,6144
1810,48,6144
1811,48,6144
1812,48,6144
1813,48,6144
1814,48,6144
1815,49,6272
1816,48,6144
1817,48,6144
1818,48,6144
1819,49,6272
1820,49,6272
1821,49,6272
1822,49,6272
1823,49,6272
1824,49,6272
1825,49,6272
1826,49,6272
1827,49,6272
1828,49,6272
1829,49,6272
1830,49,6272
1831,49,6272
1832,49,6272
1833,48,6144
1834,48,6144
1835,48,6144
1836,48,6144
1837,49,6272
1838,49,6272
1839,50,6400
1840,50,6400
1841,50,6400
1842,49,6272
1843,49,6272
1844,50,6400
1845,50,6400
1846,50,6400
1847,50,6400
1848,50,6400
1849,50,6400
1850,51,6528
1851,52,6656
1852,51,6528
1853,50,6400
1854,50,6400
1855,51,6528
1856,51,6528
1857,50,6400
1858,50,6400
1859,50,6400
1860,50,6400
1861,50,6400
1862,49,6272
1863,49,6272
1864,51,6528
1865,50,6400
1866,50,6400
1867,50,6400
1868,50,6400
1869,50,6400
1870,49,6272
1871,49,6272
1872,49,6272
1873,49,6272
1874,48,6144
1875,48,6144
1876,49,6272
1877,49,6272
1878,49,6272
1879,48,6144
1880,49,6272
1881,49,6272
1882,49,6272
1883,49,6272
1884,49,6272
1885,49,6272
1886,49,6272
1887,49,6272
1888,49,6272
1889,48,6144
1890,49,6272
1891,49,6272
1892,49,6272
1893,49,6272
1894,49,6272
1895,48,6144
1896,48,6144
1897,48,6144
1898,48,6144
1899,49,6272
1900,49,6272
1901,50,6400
1902,50,6400
1903,50,6400
1904,49,6272
1905,49,6272
1906,49,6272
1907,50,6400
1908,50,6400
1909,50,6400
1910,51,6528
1911,51,6528
1912,51,6528
1913,51,6528
1914,51,6528
1915,51,6528
1916,51,6528
1917,51,6528
1918,50,6400
1919,51,6528
1920,53,6784
1921,50,6400
1922,51,6528
1923,51,6528
1924,50,6400
1925,51,6528
1926,51,6528
1927,51,6528
1928,51,6528
1929,51,6528
1930,52,6656
1931,52,6656
1932,52,6656
1933,52,6656
1934,53,6784
1935,52,6656
1936,52,6656
1937,50,6400
1938,50,6400
1939,49,6272
1940,49,6272
1941,50,6400
1942,50,6400
1943,50,6400
1944,50,6400
1945,50,6400
1946,50,6400
1947,50,6400
1948,50,6400
1949,50,6400
1950,50,6400
1951,50,6400
1952,50,6400
1953,49,6272
1954,49,6272
1955,49,6272
1956,49,6272
1957,49,6272
1958,50,6400
1959,50,6400
1960,49,6272
1961,50,6400
1962,50,6400
1963,49,6272
1964,50,6400
1965,50,6400
1966,50,6400
1967,50,6400
1968,50,6400
1969,51,6528
1970,50,6400
1971,51,6528
1972,50,6400
1973,51,6528
1974,51,6528
1975,51,6528
1976,51,6528
1977,51,6528
1978,51,6528
1979,51,6528
1980,51,6528
1981,51,6528
1982,51,6528
1983,50,6400
1984,51,6528
1985,51,6528
1986,51,6528
1987,51,6528
1988,51,6528
1989,51,6528
1990,49,6272
1991,50,6400
1992,50,6400
1993,50,6400
1994,51,6528
1995,51,6528
1996,51,6528
1997,51,6528
1998,51,6528
1999,51,6528
2000,51,6528
