RandomSeed,96768,Population size:128,Bit Length:64,Crossover Rate:0,Mutation Rate:0.005
gen,BestFitness,FitnessEval
1,40,5120
2,38,4864
3,39,4992
4,39,4992
5,40,5120
6,40,5120
7,40,5120
8,40,5120
9,40,5120
10,40,5120
11,40,5120
12,40,5120
13,40,5120
14,40,5120
15,40,5120
16,40,5120
17,40,5120
18,40,5120
19,41,5248
20,41,5248
21,42,5376
22,42,5376
23,42,5376
24,41,5248
25,42,5376
26,43,5504
27,43,5504
28,43,5504
29,44,5632
30,44,5632
31,44,5632
32,44,5632
33,44,5632
34,43,5504
35,43,5504
36,44,5632
37,43,5504
38,43,5504
39,43,5504
40,43,5504
41,44,5632
42,44,5632
43,44,5632
44,45,5760
45,46,5888
46,46,5888
47,45,5760
48,45,5760
49,45,5760
50,45,5760
51,45,5760
52,45,5760
53,45,5760
54,46,5888
55,46,5888
56,46,5888
57,46,5888
58,46,5888
59,46,5888
60,47,6016
61,47,6016
62,46,5888
63,46,5888
64,47,6016
65,47,6016
66,47,6016
67,47,6016
68,46,5888
69,45,5760
70,45,5760
71,45,5760
72,45,5760
73,46,5888
74,46,5888
75,46,5888
76,46,5888
77,47,6016
78,46,5888
79,46,5888
80,46,5888
81,46,5888
82,46,5888
83,46,5888
84,46,5888
85,46,5888
86,46,5888
87,46,5888
88,46,5888
89,46,5888
90,46,5888
91,44,5632
92,46,5888
93,45,5760
94,46,5888
95,47,6016
96,47,6016
97,47,6016
98,45,5760
99,45,5760
100,46,5888
101,46,5888
102,46,5888
103,46,5888
104,46,5888
105,46,5888
106,46,5888
107,46,5888
108,47,6016
109,46,5888
110,46,5888
111,47,6016
112,46,5888
113,45,5760
114,45,5760
115,45,5760
116,45,5760
117,44,5632
118,44,5632
119,45,5760
120,45,5760
121,45,5760
122,45,5760
123,46,5888
124,46,5888
125,46,5888
126,46,5888
127,46,5888
128,47,6016
129,48,6144
130,48,6144
131,48,6144
132,49,6272
133,47,6016
134,47,6016
135,48,6144
136,49,6272
137,49,6272
138,49,6272
139,49,6272
140,49,6272
141,49,6272
142,47,6016
143,48,6144
144,48,6144
145,48,6144
146,48,6144
147,48,6144
148,49,6272
149,48,6144
150,49,6272
151,49,6272
152,49,6272
153,48,6144
154,48,6144
155,48,6144
156,48,6144
157,48,6144
158,47,6016
159,48,6144
160,48,6144
161,48,6144
162,49,6272
163,50,6400
164,50,6400
165,50,6400
166,50,6400
167,49,6272
168,50,6400
169,50,6400
170,50,6400
171,50,6400
172,51,6528
173,52,6656
174,52,6656
175,52,6656
176,52,6656
177,53,6784
178,52,6656
179,52,6656
180,52,6656
181,51,6528
182,49,6272
183,49,6272
184,49,6272
185,49,6272
186,50,6400
187,50,6400
188,50,6400
189,50,6400
190,49,6272
191,49,6272
192,50,6400
193,50,6400
194,50,6400
195,51,6528
196,51,6528
197,51,6528
198,51,6528
199,51,6528
200,50,6400
201,50,6400
202,50,6400
203,50,6400
204,50,6400
205,51,6528
206,51,6528
207,50,6400
208,51,6528
209,50,6400
210,52,6656
211,52,6656
212,50,6400
213,49,6272
214,50,6400
215,50,6400
216,50,6400
217,50,6400
218,50,6400
219,50,6400
220,50,6400
221,50,6400
222,50,6400
223,51,6528
224,50,6400
225,51,6528
226,50,6400
227,50,6400
228,50,6400
229,51,6528
230,51,6528
231,51,6528
232,51,6528
233,51,6528
234,51,6528
235,51,6528
236,51,6528
237,52,6656
238,51,6528
239,52,6656
240,52,6656
241,52,6656
242,52,6656
243,52,6656
244,52,6656
245,52,6656
246,51,6528
247,51,6528
248,51,6528
249,52,6656
250,53,6784
251,53,6784
252,53,6784
253,53,6784
254,53,6784
255,53,6784
256,53,6784
257,53,6784
258,53,6784
259,53,6784
260,53,6784
261,53,6784
262,53,6784
263,53,6784
264,53,6784
265,52,6656
266,49,6272
267,50,6400
268,50,6400
269,51,6528
270,51,6528
271,51,6528
272,51,6528
273,51,6528
274,51,6528
275,51,6528
276,52,6656
277,53,6784
278,53,6784
279,53,6784
280,53,6784
281,53,6784
282,54,6912
283,54,6912
284,53,6784
285,53,6784
286,53,6784
287,51,6528
288,51,6528
289,52,6656
290,52,6656
291,52,6656
292,51,6528
293,51,6528
294,51,6528
295,50,6400
296,50,6400
297,51,6528
298,51,6528
299,51,6528
300,51,6528
301,51,6528
302,51,6528
303,51,6528
304,52,6656
305,51,6528
306,52,6656
307,52,6656
308,52,6656
309,51,6528
310,51,6528
311,51,6528
312,51,6528
313,51,6528
314,50,6400
315,50,6400
316,50,6400
317,51,6528
318,51,6528
319,51,6528
320,51,6528
321,50,6400
322,50,6400
323,51,6528
324,51,6528
325,51,6528
326,50,6400
327,50,6400
328,50,6400
329,50,6400
330,51,6528
331,50,6400
332,50,6400
333,50,6400
334,50,6400
335,50,6400
336,50,6400
337,50,6400
338,50,6400
339,51,6528
340,50,6400
341,50,6400
342,51,6528
343,51,6528
344,50,6400
345,50,6400
346,50,6400
347,50,6400
348,50,6400
349,49,6272
350,49,6272
351,49,6272
352,49,6272
353,50,6400
354,49,6272
355,49,6272
356,49,6272
357,49,6272
358,50,6400
359,50,6400
360,50,6400
361,48,6144
362,48,6144
363,48,6144
364,49,6272
365,49,6272
366,49,6272
367,49,6272
368,49,6272
369,50,6400
370,50,6400
371,50,6400
372,50,6400
373,50,6400
374,50,6400
375,48,6144
376,47,6016
377,47,6016
378,47,6016
379,48,6144
380,48,6144
381,48,6144
382,48,6144
383,49,6272
384,48,6144
385,48,6144
386,48,6144
387,48,6144
388,47,6016
389,47,6016
390,47,6016
391,46,5888
392,46,5888
393,47,6016
394,47,6016
395,46,5888
396,46,5888
397,46,5888
398,47,6016
399,47,6016
400,47,6016
401,46,5888
402,47,6016
403,47,6016
404,47,6016
405,47,6016
406,47,6016
407,47,6016
408,48,6144
409,48,6144
410,47,6016
411,47,6016
412,48,6144
413,48,6144
414,48,6144
415,47,6016
416,47,6016
417,47,6016
418,48,6144
419,48,6144
420,47,6016
421,47,6016
422,47,6016
423,48,6144
424,47,6016
425,47,6016
426,47,6016
427,47,6016
428,47,6016
429,48,6144
430,47,6016
431,46,5888
432,47,6016
433,50,6400
434,50,6400
435,50,6400
436,51,6528
437,49,6272
438,49,6272
439,48,6144
440,48,6144
441,47,6016
442,46,5888
443,46,5888
444,47,6016
445,46,5888
446,46,5888
447,47,6016
448,47,6016
449,48,6144
450,48,6144
451,48,6144
452,48,6144
453,48,6144
454,48,6144
455,48,6144
456,48,6144
457,48,6144
458,47,6016
459,46,5888
460,46,5888
461,46,5888
462,47,6016
463,46,5888
464,46,5888
465,47,6016
466,46,5888
467,47,6016
468,47,6016
469,47,6016
470,47,6016
471,47,6016
472,47,6016
473,47,6016
474,46,5888
475,46,5888
476,47,6016
477,47,6016
478,47,6016
479,47,6016
480,47,6016
481,47,6016
482,47,6016
483,47,6016
484,47,6016
485,47,6016
486,48,6144
487,48,6144
488,47,6016
489,47,6016
490,47,6016
491,47,6016
492,47,6016
493,47,6016
494,47,6016
495,47,6016
496,47,6016
497,48,6144
498,48,6144
499,48,6144
500,48,6144
501,48,6144
502,49,6272
503,50,6400
504,50,6400
505,50,6400
506,50,6400
507,50,6400
508,50,6400
509,50,6400
510,50,6400
511,50,6400
512,50,6400
513,50,6400
514,50,6400
515,50,6400
516,49,6272
517,49,6272
518,49,6272
519,49,6272
520,50,6400
521,49,6272
522,50,6400
523,50,6400
524,50,6400
525,49,6272
526,49,6272
527,49,6272
528,49,6272
529,49,6272
530,49,6272
531,49,6272
532,50,6400
533,49,6272
534,48,6144
535,48,6144
536,49,6272
537,49,6272
538,49,6272
539,49,6272
540,49,6272
541,50,6400
542,50,6400
543,50,6400
544,50,6400
545,50,6400
546,50,6400
547,49,6272
548,49,6272
549,51,6528
550,51,6528
551,49,6272
552,49,6272
553,49,6272
554,49,6272
555,49,6272
556,49,6272
557,50,6400
558,49,6272
559,49,6272
560,49,6272
561,49,6272
562,49,6272
563,49,6272
564,50,6400
565,49,6272
566,48,6144
567,48,6144
568,48,6144
569,49,6272
570,49,6272
571,49,6272
572,49,6272
573,49,6272
574,49,6272
575,50,6400
576,50,6400
577,49,6272
578,49,6272
579,49,6272
580,49,6272
581,49,6272
582,49,6272
583,48,6144
584,49,6272
585,48,6144
586,47,6016
587,48,6144
588,47,6016
589,47,6016
590,48,6144
591,48,6144
592,48,6144
593,48,6144
594,47,6016
595,47,6016
596,48,6144
597,48,6144
598,47,6016
599,47,6016
600,47,6016
601,47,6016
602,48,6144
603,49,6272
604,47,6016
605,47,6016
606,47,6016
607,48,6144
608,48,6144
609,49,6272
610,48,6144
611,48,6144
612,48,6144
613,48,6144
614,45,5760
615,46,5888
616,45,5760
617,45,5760
618,45,5760
619,45,5760
620,45,5760
621,45,5760
622,45,5760
623,45,5760
624,47,6016
625,48,6144
626,49,6272
627,49,6272
628,50,6400
629,49,6272
630,49,6272
631,48,6144
632,48,6144
633,48,6144
634,49,6272
635,49,6272
636,49,6272
637,49,6272
638,49,6272
639,49,6272
640,49,6272
641,49,6272
642,48,6144
643,48,6144
644,48,6144
645,48,6144
646,48,6144
647,49,6272
648,49,6272
649,49,6272
650,49,6272
651,50,6400
652,50,6400
653,50,6400
654,50,6400
655,50,6400
656,50,6400
657,50,6400
658,50,6400
659,50,6400
660,50,6400
661,50,6400
662,50,6400
663,51,6528
664,51,6528
665,51,6528
666,51,6528
667,51,6528
668,51,6528
669,51,6528
670,51,6528
671,51,6528
672,52,6656
673,51,6528
674,51,6528
675,51,6528
676,51,6528
677,51,6528
678,51,6528
679,51,6528
680,48,6144
681,49,6272
682,49,6272
683,49,6272
684,49,6272
685,50,6400
686,50,6400
687,48,6144
688,48,6144
689,48,6144
690,48,6144
691,48,6144
692,47,6016
693,47,6016
694,47,6016
695,47,6016
696,47,6016
697,47,6016
698,46,5888
699,46,5888
700,46,5888
701,47,6016
702,47,6016
703,47,6016
704,48,6144
705,48,6144
706,48,6144
707,46,5888
708,46,5888
709,46,5888
710,45,5760
711,46,5888
712,46,5888
713,47,6016
714,47,6016
715,47,6016
716,47,6016
717,48,6144
718,48,6144
719,49,6272
720,47,6016
721,47,6016
722,47,6016
723,48,6144
724,48,6144
725,48,6144
726,48,6144
727,48,6144
728,47,6016
729,47,6016
730,47,6016
731,47,6016
732,48,6144
733,48,6144
734,50,6400
735,50,6400
736,51,6528
737,49,6272
738,49,6272
739,49,6272
740,49,6272
741,49,6272
742,50,6400
743,50,6400
744,50,6400
745,50,6400
746,50,6400
747,50,6400
748,50,6400
749,50,6400
750,50,6400
751,50,6400
752,50,6400
753,50,6400
754,51,6528
755,50,6400
756,50,6400
757,51,6528
758,50,6400
759,48,6144
760,47,6016
761,48,6144
762,48,6144
763,48,6144
764,48,6144
765,49,6272
766,48,6144
767,49,6272
768,49,6272
769,49,6272
770,48,6144
771,48,6144
772,48,6144
773,48,6144
774,48,6144
775,49,6272
776,49,6272
777,48,6144
778,48,6144
779,47,6016
780,47,6016
781,48,6144
782,48,6144
783,48,6144
784,48,6144
785,48,6144
786,48,6144
787,48,6144
788,48,6144
789,48,6144
790,48,6144
791,48,6144
792,48,6144
793,47,6016
794,47,6016
795,48,6144
796,47,6016
797,47,6016
798,48,6144
799,47,6016
800,48,6144
801,47,6016
802,47,6016
803,47,6016
804,47,6016
805,48,6144
806,48,6144
807,48,6144
808,47,6016
809,47,6016
810,47,6016
811,46,5888
812,46,5888
813,46,5888
814,46,5888
815,46,5888
816,46,5888
817,46,5888
818,46,5888
819,46,5888
820,47,6016
821,47,6016
822,46,5888
823,46,5888
824,47,6016
825,47,6016
826,46,5888
827,47,6016
828,48,6144
829,49,6272
830,47,6016
831,47,6016
832,48,6144
833,48,6144
834,48,6144
835,48,6144
836,48,6144
837,48,6144
838,48,6144
839,47,6016
840,46,5888
841,46,5888
842,46,5888
843,47,6016
844,48,6144
845,47,6016
846,49,6272
847,49,6272
848,49,6272
849,50,6400
850,49,6272
851,49,6272
852,50,6400
853,49,6272
854,49,6272
855,50,6400
856,50,6400
857,50,6400
858,50,6400
859,49,6272
860,49,6272
861,49,6272
862,49,6272
863,49,6272
864,49,6272
865,49,6272
866,49,6272
867,50,6400
868,48,6144
869,49,6272
870,49,6272
871,49,6272
872,49,6272
873,49,6272
874,49,6272
875,50,6400
876,49,6272
877,49,6272
878,46,5888
879,47,6016
880,47,6016
881,46,5888
882,46,5888
883,46,5888
884,46,5888
885,45,5760
886,46,5888
887,46,5888
888,46,5888
889,45,5760
890,46,5888
891,46,5888
892,46,5888
893,47,6016
894,46,5888
895,46,5888
896,46,5888
897,46,5888
898,46,5888
899,46,5888
900,47,6016
901,48,6144
902,47,6016
903,47,6016
904,48,6144
905,48,6144
906,47,6016
907,48,6144
908,47,6016
909,47,6016
910,47,6016
911,47,6016
912,47,6016
913,47,6016
914,47,6016
915,49,6272
916,47,6016
917,48,6144
918,49,6272
919,48,6144
920,48,6144
921,48,6144
922,48,6144
923,48,6144
924,48,6144
925,48,6144
926,49,6272
927,48,6144
928,49,6272
929,49,6272
930,50,6400
931,49,6272
932,50,6400
933,49,6272
934,49,6272
935,49,6272
936,49,6272
937,50,6400
938,50,6400
939,49,6272
940,49,6272
941,49,6272
942,49,6272
943,49,6272
944,49,6272
945,50,6400
946,50,6400
947,51,6528
948,51,6528
949,51,6528
950,51,6528
951,51,6528
952,51,6528
953,49,6272
954,49,6272
955,49,6272
956,49,6272
957,50,6400
958,50,6400
959,50,6400
960,50,6400
961,50,6400
962,50,6400
963,50,6400
964,50,6400
965,50,6400
966,50,6400
967,51,6528
968,50,6400
969,50,6400
970,50,6400
971,51,6528
972,51,6528
973,50,6400
974,50,6400
975,50,6400
976,50,6400
977,50,6400
978,50,6400
979,50,6400
980,50,6400
981,49,6272
982,49,6272
983,50,6400
984,50,6400
985,51,6528
986,50,6400
987,50,6400
988,50,6400
989,49,6272
990,49,6272
991,49,6272
992,49,6272
993,50,6400
994,50,6400
995,50,6400
996,50,6400
997,50,6400
998,50,6400
999,50,6400
1000,50,6400
1001,50,6400
1002,50,6400
1003,50,6400
1004,50,6400
1005,50,6400
1006,50,6400
1007,50,6400
1008,49,6272
1009,49,6272
1010,49,6272
1011,49,6272
1012,50,6400
1013,51,6528
1014,51,6528
1015,51,6528
1016,51,6528
1017,51,6528
1018,52,6656
1019,53,6784
1020,52,6656
1021,51,6528
1022,51,6528
1023,51,6528
1024,51,6528
1025,52,6656
1026,52,6656
1027,52,6656
1028,53,6784
1029,53,6784
1030,54,6912
1031,55,7040
1032,55,7040
1033,55,7040
1034,55,7040
1035,55,7040
1036,55,7040
1037,55,7040
1038,55,7040
1039,55,7040
1040,55,7040
1041,55,7040
1042,55,7040
1043,55,7040
1044,54,6912
1045,54,6912
1046,54,6912
1047,54,6912
1048,54,6912
1049,54,6912
1050,54,6912
1051,54,6912
1052,53,6784
1053,53,6784
1054,53,6784
1055,53,6784
1056,53,6784
1057,53,6784
1058,53,6784
1059,53,6784
1060,53,6784
1061,53,6784
1062,51,6528
1063,52,6656
1064,52,6656
1065,52,6656
1066,52,6656
1067,52,6656
1068,52,6656
1069,52,6656
1070,53,6784
1071,53,6784
1072,52,6656
1073,52,6656
1074,52,6656
1075,52,6656
1076,52,6656
1077,52,6656
1078,52,6656
1079,53,6784
1080,51,6528
1081,51,6528
1082,53,6784
1083,51,6528
1084,51,6528
1085,51,6528
1086,51,6528
1087,51,6528
1088,51,6528
1089,51,6528
1090,51,6528
1091,51,6528
1092,52,6656
1093,52,6656
1094,52,6656
1095,51,6528
1096,52,6656
1097,50,6400
1098,50,6400
1099,49,6272
1100,49,6272
1101,49,6272
1102,49,6272
1103,50,6400
1104,50,6400
1105,49,6272
1106,49,6272
1107,50,6400
1108,50,6400
1109,50,6400
1110,51,6528
1111,51,6528
1112,51,6528
1113,52,6656
1114,52,6656
1115,52,6656
1116,52,6656
1117,52,6656
1118,53,6784
1119,53,6784
1120,54,6912
1121,54,6912
1122,54,6912
1123,54,6912
1124,54,6912
1125,54,6912
1126,54,6912
1127,54,6912
1128,54,6912
1129,55,7040
1130,55,7040
1131,53,6784
1132,54,6912
1133,55,7040
1134,55,7040
1135,55,7040
1136,55,7040
1137,55,7040
1138,56,7168
1139,55,7040
1140,55,7040
1141,55,7040
1142,55,7040
1143,55,7040
1144,51,6528
1145,52,6656
1146,52,6656
1147,51,6528
1148,51,6528
1149,51,6528
1150,51,6528
1151,51,6528
1152,51,6528
1153,51,6528
1154,49,6272
1155,49,6272
1156,50,6400
1157,49,6272
1158,49,6272
1159,50,6400
1160,50,6400
1161,50,6400
1162,50,6400
1163,50,6400
1164,49,6272
1165,50,6400
1166,48,6144
1167,48,6144
1168,48,6144
1169,49,6272
1170,47,6016
1171,47,6016
1172,47,6016
1173,47,6016
1174,48,6144
1175,48,6144
1176,48,6144
1177,48,6144
1178,48,6144
1179,48,6144
1180,48,6144
1181,48,6144
1182,48,6144
1183,47,6016
1184,48,6144
1185,48,6144
1186,48,6144
1187,47,6016
1188,48,6144
1189,47,6016
1190,48,6144
1191,48,6144
1192,47,6016
1193,47,6016
1194,47,6016
1195,47,6016
1196,46,5888
1197,46,5888
1198,46,5888
1199,46,5888
1200,46,5888
1201,46,5888
1202,46,5888
1203,46,5888
1204,46,5888
1205,46,5888
1206,46,5888
1207,46,5888
1208,47,6016
1209,47,6016
1210,48,6144
1211,47,6016
1212,47,6016
1213,47,6016
1214,47,6016
1215,47,6016
1216,46,5888
1217,46,5888
1218,45,5760
1219,46,5888
1220,46,5888
1221,47,6016
1222,47,6016
1223,47,6016
1224,48,6144
1225,48,6144
1226,48,6144
1227,48,6144
1228,49,6272
1229,49,6272
1230,49,6272
1231,49,6272
1232,49,6272
1233,49,6272
1234,49,6272
1235,50,6400
1236,50,6400
1237,49,6272
1238,50,6400
1239,49,6272
1240,50,6400
1241,50,6400
1242,50,6400
1243,50,6400
1244,49,6272
1245,49,6272
1246,49,6272
1247,49,6272
1248,48,6144
1249,48,6144
1250,48,6144
1251,49,6272
1252,49,6272
1253,49,6272
1254,49,6272
1255,49,6272
1256,49,6272
1257,49,6272
1258,47,6016
1259,47,6016
1260,46,5888
1261,46,5888
1262,46,5888
1263,46,5888
1264,46,5888
1265,46,5888
1266,46,5888
1267,46,5888
1268,46,5888
1269,47,6016
1270,48,6144
1271,48,6144
1272,47,6016
1273,48,6144
1274,47,6016
1275,46,5888
1276,46,5888
1277,46,5888
1278,45,5760
1279,45,5760
1280,45,5760
1281,45,5760
1282,45,5760
1283,45,5760
1284,46,5888
1285,45,5760
1286,45,5760
1287,46,5888
1288,46,5888
1289,46,5888
1290,46,5888
1291,47,6016
1292,47,6016
1293,47,6016
1294,47,6016
1295,47,6016
1296,46,5888
1297,47,6016
1298,47,6016
1299,47,6016
1300,46,5888
1301,47,6016
1302,47,6016
1303,47,6016
1304,46,5888
1305,47,6016
1306,46,5888
1307,46,5888
1308,47,6016
1309,47,6016
1310,46,5888
1311,47,6016
1312,47,6016
1313,47,6016
1314,47,6016
1315,47,6016
1316,47,6016
1317,46,5888
1318,46,5888
1319,47,6016
1320,47,6016
1321,46,5888
1322,46,5888
1323,46,5888
1324,46,5888
1325,47,6016
1326,46,5888
1327,46,5888
1328,47,6016
1329,47,6016
1330,47,6016
1331,47,6016
1332,45,5760
1333,45,5760
1334,45,5760
1335,45,5760
1336,45,5760
1337,46,5888
1338,45,5760
1339,46,5888
1340,45,5760
1341,45,5760
1342,45,5760
1343,46,5888
1344,46,5888
1345,45,5760
1346,46,5888
1347,46,5888
1348,45,5760
1349,45,5760
1350,45,5760
1351,46,5888
1352,46,5888
1353,47,6016
1354,47,6016
1355,45,5760
1356,45,5760
1357,44,5632
1358,43,5504
1359,44,5632
1360,46,5888
1361,46,5888
1362,46,5888
1363,44,5632
1364,44,5632
1365,44,5632
1366,44,5632
1367,44,5632
1368,44,5632
1369,44,5632
1370,45,5760
1371,45,5760
1372,45,5760
1373,45,5760
1374,45,5760
1375,45,5760
1376,45,5760
1377,45,5760
1378,44,5632
1379,44,5632
1380,45,5760
1381,45,5760
1382,45,5760
1383,45,5760
1384,45,5760
1385,45,5760
1386,44,5632
1387,44,5632
1388,44,5632
1389,44,5632
1390,44,5632
1391,45,5760
1392,44,5632
1393,44,5632
1394,44,5632
1395,44,5632
1396,44,5632
1397,46,5888
1398,46,5888
1399,46,5888
1400,47,6016
1401,46,5888
1402,46,5888
1403,46,5888
1404,46,5888
1405,46,5888
1406,46,5888
1407,44,5632
1408,44,5632
1409,44,5632
1410,44,5632
1411,45,5760
1412,45,5760
1413,45,5760
1414,45,5760
1415,45,5760
1416,45,5760
1417,44,5632
1418,45,5760
1419,46,5888
1420,45,5760
1421,44,5632
1422,44,5632
1423,44,5632
1424,44,5632
1425,45,5760
1426,45,5760
1427,44,5632
1428,45,5760
1429,44,5632
1430,44,5632
1431,45,5760
1432,45,5760
1433,45,5760
1434,46,5888
1435,47,6016
1436,46,5888
1437,45,5760
1438,45,5760
1439,45,5760
1440,45,5760
1441,45,5760
1442,45,5760
1443,46,5888
1444,46,5888
1445,46,5888
1446,46,5888
1447,48,6144
1448,46,5888
1449,46,5888
1450,46,5888
1451,47,6016
1452,47,6016
1453,47,6016
1454,47,6016
1455,47,6016
1456,48,6144
1457,48,6144
1458,48,6144
1459,47,6016
1460,47,6016
1461,48,6144
1462,47,6016
1463,47,6016
1464,48,6144
1465,48,6144
1466,48,6144
1467,49,6272
1468,48,6144
1469,48,6144
1470,48,6144
1471,47,6016
1472,47,6016
1473,47,6016
1474,48,6144
1475,49,6272
1476,50,6400
1477,49,6272
1478,49,6272
1479,49,6272
1480,48,6144
1481,48,6144
1482,49,6272
1483,47,6016
1484,47,6016
1485,47,6016
1486,47,6016
1487,46,5888
1488,46,5888
1489,46,5888
1490,47,6016
1491,47,6016
1492,47,6016
1493,47,6016
1494,47,6016
1495,47,6016
1496,46,5888
1497,46,5888
1498,47,6016
1499,47,6016
1500,46,5888
1501,46,5888
1502,46,5888
1503,46,5888
1504,46,5888
1505,46,5888
1506,48,6144
1507,46,5888
1508,46,5888
1509,47,6016
1510,47,6016
1511,47,6016
1512,48,6144
1513,49,6272
1514,47,6016
1515,47,6016
1516,47,6016
1517,47,6016
1518,47,6016
1519,47,6016
1520,47,6016
1521,47,6016
1522,47,6016
1523,47,6016
1524,47,6016
1525,48,6144
1526,47,6016
1527,47,6016
1528,47,6016
1529,47,6016
1530,47,6016
1531,47,6016
1532,47,6016
1533,47,6016
1534,48,6144
1535,48,6144
1536,48,6144
1537,47,6016
1538,47,6016
1539,48,6144
1540,48,6144
1541,48,6144
1542,49,6272
1543,49,6272
1544,49,6272
1545,49,6272
1546,48,6144
1547,49,6272
1548,50,6400
1549,49,6272
1550,49,6272
1551,49,6272
1552,49,6272
1553,50,6400
1554,51,6528
1555,51,6528
1556,51,6528
1557,51,6528
1558,51,6528
1559,50,6400
1560,50,6400
1561,50,6400
1562,51,6528
1563,50,6400
1564,50,6400
1565,50,6400
1566,50,6400
1567,50,6400
1568,50,6400
1569,50,6400
1570,50,6400
1571,50,6400
1572,50,6400
1573,50,6400
1574,50,6400
1575,50,6400
1576,49,6272
1577,49,6272
1578,49,6272
1579,49,6272
1580,49,6272
1581,48,6144
1582,48,6144
1583,47,6016
1584,48,6144
1585,48,6144
1586,48,6144
1587,48,6144
1588,49,6272
1589,48,6144
1590,48,6144
1591,49,6272
1592,48,6144
1593,48,6144
1594,48,6144
1595,48,6144
1596,49,6272
1597,48,6144
1598,48,6144
1599,48,6144
1600,47,6016
1601,48,6144
1602,48,6144
1603,48,6144
1604,49,6272
1605,49,6272
1606,49,6272
1607,49,6272
1608,49,6272
1609,50,6400
1610,47,6016
1611,48,6144
1612,48,6144
1613,48,6144
1614,47,6016
1615,47,6016
1616,47,6016
1617,47,6016
1618,47,6016
1619,47,6016
1620,47,6016
1621,47,6016
1622,47,6016
1623,47,6016
1624,47,6016
1625,47,6016
1626,47,6016
1627,47,6016
1628,47,6016
1629,48,6144
1630,48,6144
1631,48,6144
1632,48,6144
1633,50,6400
1634,49,6272
1635,50,6400
1636,51,6528
1637,49,6272
1638,49,6272
1639,48,6144
1640,49,6272
1641,49,6272
1642,48,6144
1643,49,6272
1644,48,6144
1645,49,6272
1646,48,6144
1647,48,6144
1648,48,6144
1649,47,6016
1650,47,6016
1651,47,6016
1652,47,6016
1653,48,6144
1654,48,6144
1655,48,6144
1656,47,6016
1657,48,6144
1658,47,6016
1659,48,6144
1660,49,6272
1661,48,6144
1662,48,6144
1663,48,6144
1664,48,6144
1665,47,6016
1666,46,5888
1667,47,6016
1668,47,6016
1669,47,6016
1670,48,6144
1671,48,6144
1672,47,6016
1673,47,6016
1674,47,6016
1675,47,6016
1676,47,6016
1677,47,6016
1678,47,6016
1679,47,6016
1680,47,6016
1681,48,6144
1682,48,6144
1683,48,6144
1684,48,6144
1685,49,6272
1686,49,6272
1687,49,6272
1688,49,6272
1689,49,6272
1690,48,6144
1691,49,6272
1692,49,6272
1693,49,6272
1694,49,6272
1695,49,6272
1696,48,6144
1697,47,6016
1698,47,6016
1699,48,6144
1700,48,6144
1701,48,6144
1702,49,6272
1703,48,6144
1704,49,6272
1705,50,6400
1706,50,6400
1707,50,6400
1708,50,6400
1709,49,6272
1710,49,6272
1711,49,6272
1712,50,6400
1713,50,6400
1714,50,6400
1715,49,6272
1716,49,6272
1717,49,6272
1718,49,6272
1719,49,6272
1720,49,6272
1721,50,6400
1722,50,6400
1723,51,6528
1724,49,6272
1725,49,6272
1726,50,6400
1727,49,6272
1728,49,6272
1729,48,6144
1730,48,6144
1731,49,6272
1732,48,6144
1733,49,6272
1734,48,6144
1735,48,6144
1736,49,6272
1737,49,6272
1738,48,6144
1739,48,6144
1740,47,6016
1741,47,6016
1742,48,6144
1743,48,6144
1744,48,6144
1745,48,6144
1746,48,6144
1747,48,6144
1748,48,6144
1749,47,6016
1750,47,6016
1751,49,6272
1752,49,6272
1753,49,6272
1754,50,6400
1755,50,6400
1756,50,6400
1757,50,6400
1758,50,6400
1759,50,6400
1760,49,6272
1761,49,6272
1762,49,6272
1763,48,6144
1764,49,6272
1765,48,6144
1766,48,6144
1767,48,6144
1768,48,6144
1769,48,6144
1770,49,6272
1771,50,6400
1772,50,6400
1773,49,6272
1774,49,6272
1775,49,6272
1776,48,6144
1777,48,6144
1778,48,6144
1779,48,6144
1780,48,6144
1781,48,6144
1782,48,6144
1783,49,6272
1784,49,6272
1785,49,6272
1786,49,6272
1787,49,6272
1788,50,6400
1789,50,6400
1790,49,6272
1791,48,6144
1792,48,6144
1793,48,6144
1794,48,6144
1795,49,6272
1796,50,6400
1797,48,6144
1798,48,6144
1799,49,6272
1800,48,6144
1801,48,6144
1802,48,6144
1803,49,6272
1804,48,6144
1805,49,6272
1806,49,6272
1807,49,6272
1808,49,6272
1809,49,6272
1810,49,6272
1811,49,6272
1812,49,6272
1813,49,6272
1814,49,6272
1815,49,6272
1816,49,6272
1817,49,6272
1818,48,6144
1819,48,6144
1820,48,6144
1821,48,6144
1822,48,6144
1823,48,6144
1824,48,6144
1825,47,6016
1826,47,6016
1827,48,6144
1828,48,6144
1829,48,6144
1830,48,6144
1831,49,6272
1832,49,6272
1833,48,6144
1834,48,6144
1835,48,6144
1836,49,6272
1837,50,6400
1838,49,6272
1839,48,6144
1840,48,6144
1841,48,6144
1842,46,5888
1843,47,6016
1844,47,6016
1845,47,6016
1846,47,6016
1847,49,6272
1848,46,5888
1849,46,5888
1850,46,5888
1851,46,5888
1852,46,5888
1853,46,5888
1854,46,5888
1855,46,5888
1856,45,5760
1857,46,5888
1858,46,5888
1859,46,5888
1860,45,5760
1861,46,5888
1862,46,5888
1863,46,5888
1864,47,6016
1865,47,6016
1866,47,6016
1867,47,6016
1868,47,6016
1869,46,5888
1870,46,5888
1871,47,6016
1872,47,6016
1873,47,6016
1874,46,5888
1875,45,5760
1876,45,5760
1877,44,5632
1878,46,5888
1879,46,5888
1880,46,5888
1881,46,5888
1882,46,5888
1883,47,6016
1884,47,6016
1885,48,6144
1886,48,6144
1887,48,6144
1888,48,6144
1889,48,6144
1890,48,6144
1891,48,6144
1892,48,6144
1893,47,6016
1894,47,6016
1895,48,6144
1896,47,6016
1897,48,6144
1898,48,6144
1899,47,6016
1900,48,6144
1901,47,6016
1902,47,6016
1903,47,6016
1904,46,5888
1905,46,5888
1906,47,6016
1907,48,6144
1908,48,6144
1909,48,6144
1910,48,6144
1911,48,6144
1912,48,6144
1913,48,6144
1914,48,6144
1915,48,6144
1916,49,6272
1917,49,6272
1918,49,6272
1919,49,6272
1920,49,6272
1921,49,6272
1922,49,6272
1923,49,6272
1924,49,6272
1925,49,6272
1926,49,6272
1927,50,6400
1928,48,6144
1929,48,6144
1930,48,6144
1931,48,6144
1932,48,6144
1933,46,5888
1934,47,6016
1935,47,6016
1936,48,6144
1937,48,6144
1938,48,6144
1939,48,6144
1940,49,6272
1941,49,6272
1942,49,6272
1943,49,6272
1944,48,6144
1945,49,6272
1946,49,6272
1947,49,6272
1948,47,6016
1949,47,6016
1950,47,6016
1951,47,6016
1952,47,6016
1953,47,6016
1954,47,6016
1955,48,6144
1956,47,6016
1957,47,6016
1958,47,6016
1959,47,6016
1960,47,6016
1961,46,5888
1962,46,5888
1963,46,5888
1964,46,5888
1965,47,6016
1966,47,6016
1967,47,6016
1968,47,6016
1969,47,6016
1970,47,6016
1971,47,6016
1972,47,6016
1973,47,6016
1974,47,6016
1975,47,6016
1976,47,6016
1977,46,5888
1978,46,5888
1979,47,6016
1980,47,6016
1981,47,6016
1982,47,6016
1983,47,6016
1984,47,6016
1985,47,6016
1986,47,6016
1987,48,6144
1988,47,6016
1989,48,6144
1990,48,6144
1991,48,6144
1992,48,6144
1993,48,6144
1994,46,5888
1995,47,6016
1996,47,6016
1997,47,6016
1998,48,6144
1999,46,5888
2000,46,5888
