RandomSeed,26579,Population size:128,Bit Length:64,Crossover Rate:0,Mutation Rate:0.005
gen,BestFitness,FitnessEval
1,41,5248
2,41,5248
3,40,5120
4,40,5120
5,40,5120
6,41,5248
7,41,5248
8,41,5248
9,40,5120
10,40,5120
11,41,5248
12,41,5248
13,41,5248
14,41,5248
15,41,5248
16,41,5248
17,41,5248
18,41,5248
19,41,5248
20,40,5120
21,40,5120
22,41,5248
23,42,5376
24,42,5376
25,43,5504
26,43,5504
27,43,5504
28,43,5504
29,43,5504
30,43,5504
31,43,5504
32,43,5504
33,43,5504
34,44,5632
35,45,5760
36,46,5888
37,45,5760
38,45,5760
39,43,5504
40,43,5504
41,43,5504
42,44,5632
43,43,5504
44,42,5376
45,42,5376
46,43,5504
47,43,5504
48,43,5504
49,43,5504
50,43,5504
51,43,5504
52,43,5504
53,43,5504
54,43,5504
55,43,5504
56,43,5504
57,44,5632
58,43,5504
59,43,5504
60,43,5504
61,43,5504
62,43,5504
63,43,5504
64,42,5376
65,43,5504
66,43,5504
67,44,5632
68,43,5504
69,43,5504
70,43,5504
71,43,5504
72,43,5504
73,44,5632
74,43,5504
75,43,5504
76,42,5376
77,43,5504
78,43,5504
79,43,5504
80,43,5504
81,44,5632
82,43,5504
83,44,5632
84,43,5504
85,43,5504
86,44,5632
87,44,5632
88,44,5632
89,43,5504
90,44,5632
91,44,5632
92,44,5632
93,44,5632
94,44,5632
95,44,5632
96,44,5632
97,44,5632
98,44,5632
99,44,5632
100,44,5632
101,44,5632
102,44,5632
103,44,5632
104,44,5632
105,44,5632
106,44,5632
107,44,5632
108,44,5632
109,44,5632
110,44,5632
111,44,5632
112,44,5632
113,45,5760
114,45,5760
115,45,5760
116,45,5760
117,45,5760
118,45,5760
119,45,5760
120,46,5888
121,46,5888
122,46,5888
123,46,5888
124,45,5760
125,45,5760
126,45,5760
127,46,5888
128,46,5888
129,45,5760
130,45,5760
131,46,5888
132,45,5760
133,45,5760
134,46,5888
135,45,5760
136,46,5888
137,46,5888
138,46,5888
139,46,5888
140,46,5888
141,46,5888
142,46,5888
143,47,6016
144,46,5888
145,46,5888
146,47,6016
147,47,6016
148,47,6016
149,47,6016
150,46,5888
151,46,5888
152,46,5888
153,46,5888
154,47,6016
155,47,6016
156,48,6144
157,48,6144
158,49,6272
159,49,6272
160,49,6272
161,49,6272
162,49,6272
163,49,6272
164,49,6272
165,49,6272
166,49,6272
167,50,6400
168,49,6272
169,50,6400
170,50,6400
171,50,6400
172,50,6400
173,50,6400
174,50,6400
175,49,6272
176,49,6272
177,49,6272
178,48,6144
179,49,6272
180,49,6272
181,49,6272
182,49,6272
183,48,6144
184,49,6272
185,49,6272
186,49,6272
187,50,6400
188,50,6400
189,50,6400
190,50,6400
191,51,6528
192,51,6528
193,51,6528
194,50,6400
195,49,6272
196,50,6400
197,49,6272
198,49,6272
199,49,6272
200,49,6272
201,49,6272
202,49,6272
203,49,6272
204,49,6272
205,49,6272
206,50,6400
207,50,6400
208,50,6400
209,50,6400
210,50,6400
211,49,6272
212,49,6272
213,49,6272
214,49,6272
215,48,6144
216,48,6144
217,48,6144
218,49,6272
219,48,6144
220,48,6144
221,48,6144
222,49,6272
223,49,6272
224,49,6272
225,49,6272
226,49,6272
227,49,6272
228,49,6272
229,49,6272
230,49,6272
231,48,6144
232,48,6144
233,48,6144
234,48,6144
235,47,6016
236,47,6016
237,47,6016
238,47,6016
239,47,6016
240,47,6016
241,47,6016
242,46,5888
243,46,5888
244,46,5888
245,46,5888
246,46,5888
247,47,6016
248,47,6016
249,46,5888
250,47,6016
251,47,6016
252,47,6016
253,47,6016
254,46,5888
255,46,5888
256,47,6016
257,47,6016
258,47,6016
259,47,6016
260,47,6016
261,48,6144
262,48,6144
263,48,6144
264,48,6144
265,48,6144
266,47,6016
267,49,6272
268,48,6144
269,48,6144
270,48,6144
271,48,6144
272,49,6272
273,49,6272
274,49,6272
275,49,6272
276,49,6272
277,49,6272
278,49,6272
279,50,6400
280,49,6272
281,49,6272
282,49,6272
283,49,6272
284,50,6400
285,50,6400
286,50,6400
287,50,6400
288,51,6528
289,50,6400
290,49,6272
291,48,6144
292,48,6144
293,48,6144
294,48,6144
295,49,6272
296,50,6400
297,50,6400
298,50,6400
299,50,6400
300,50,6400
301,50,6400
302,50,6400
303,50,6400
304,50,6400
305,50,6400
306,50,6400
307,51,6528
308,51,6528
309,50,6400
310,50,6400
311,50,6400
312,50,6400
313,50,6400
314,50,6400
315,50,6400
316,50,6400
317,50,6400
318,50,6400
319,50,6400
320,51,6528
321,51,6528
322,51,6528
323,51,6528
324,50,6400
325,51,6528
326,51,6528
327,51,6528
328,51,6528
329,51,6528
330,49,6272
331,49,6272
332,48,6144
333,49,6272
334,49,6272
335,49,6272
336,49,6272
337,49,6272
338,49,6272
339,48,6144
340,48,6144
341,48,6144
342,49,6272
343,49,6272
344,48,6144
345,48,6144
346,48,6144
347,49,6272
348,51,6528
349,51,6528
350,51,6528
351,51,6528
352,48,6144
353,47,6016
354,47,6016
355,47,6016
356,47,6016
357,48,6144
358,47,6016
359,48,6144
360,46,5888
361,47,6016
362,47,6016
363,46,5888
364,47,6016
365,47,6016
366,47,6016
367,47,6016
368,47,6016
369,47,6016
370,47,6016
371,47,6016
372,47,6016
373,47,6016
374,47,6016
375,48,6144
376,49,6272
377,50,6400
378,48,6144
379,49,6272
380,49,6272
381,49,6272
382,49,6272
383,49,6272
384,50,6400
385,51,6528
386,51,6528
387,51,6528
388,51,6528
389,51,6528
390,51,6528
391,50,6400
392,50,6400
393,50,6400
394,50,6400
395,50,6400
396,50,6400
397,50,6400
398,50,6400
399,49,6272
400,49,6272
401,49,6272
402,49,6272
403,49,6272
404,49,6272
405,50,6400
406,49,6272
407,47,6016
408,47,6016
409,47,6016
410,47,6016
411,47,6016
412,49,6272
413,49,6272
414,49,6272
415,49,6272
416,49,6272
417,48,6144
418,48,6144
419,48,6144
420,48,6144
421,48,6144
422,48,6144
423,48,6144
424,48,6144
425,49,6272
426,48,6144
427,47,6016
428,47,6016
429,47,6016
430,47,6016
431,47,6016
432,48,6144
433,48,6144
434,47,6016
435,48,6144
436,48,6144
437,47,6016
438,47,6016
439,47,6016
440,47,6016
441,47,6016
442,47,6016
443,48,6144
444,47,6016
445,47,6016
446,47,6016
447,47,6016
448,47,6016
449,47,6016
450,47,6016
451,47,6016
452,47,6016
453,47,6016
454,47,6016
455,48,6144
456,48,6144
457,47,6016
458,47,6016
459,47,6016
460,47,6016
461,46,5888
462,46,5888
463,46,5888
464,46,5888
465,46,5888
466,46,5888
467,46,5888
468,46,5888
469,46,5888
470,46,5888
471,46,5888
472,47,6016
473,46,5888
474,46,5888
475,46,5888
476,46,5888
477,46,5888
478,46,5888
479,46,5888
480,45,5760
481,46,5888
482,46,5888
483,46,5888
484,46,5888
485,46,5888
486,46,5888
487,47,6016
488,47,6016
489,47,6016
490,47,6016
491,47,6016
492,48,6144
493,48,6144
494,49,6272
495,49,6272
496,51,6528
497,49,6272
498,49,6272
499,49,6272
500,50,6400
501,50,6400
502,50,6400
503,50,6400
504,50,6400
505,50,6400
506,51,6528
507,51,6528
508,50,6400
509,50,6400
510,51,6528
511,50,6400
512,51,6528
513,52,6656
514,52,6656
515,51,6528
516,52,6656
517,52,6656
518,52,6656
519,52,6656
520,53,6784
521,53,6784
522,52,6656
523,52,6656
524,52,6656
525,52,6656
526,53,6784
527,53,6784
528,52,6656
529,52,6656
530,52,6656
531,52,6656
532,51,6528
533,51,6528
534,51,6528
535,53,6784
536,53,6784
537,50,6400
538,50,6400
539,50,6400
540,50,6400
541,50,6400
542,50,6400
543,50,6400
544,49,6272
545,50,6400
546,50,6400
547,50,6400
548,50,6400
549,49,6272
550,49,6272
551,50,6400
552,50,6400
553,50,6400
554,50,6400
555,50,6400
556,51,6528
557,51,6528
558,51,6528
559,51,6528
560,51,6528
561,51,6528
562,51,6528
563,52,6656
564,52,6656
565,52,6656
566,52,6656
567,52,6656
568,52,6656
569,52,6656
570,51,6528
571,51,6528
572,52,6656
573,52,6656
574,52,6656
575,52,6656
576,52,6656
577,52,6656
578,52,6656
579,52,6656
580,52,6656
581,52,6656
582,51,6528
583,51,6528
584,52,6656
585,52,6656
586,52,6656
587,52,6656
588,51,6528
589,52,6656
590,52,6656
591,52,6656
592,52,6656
593,52,6656
594,51,6528
595,52,6656
596,52,6656
597,52,6656
598,52,6656
599,52,6656
600,52,6656
601,51,6528
602,52,6656
603,52,6656
604,52,6656
605,52,6656
606,52,6656
607,53,6784
608,52,6656
609,52,6656
610,52,6656
611,52,6656
612,52,6656
613,52,6656
614,54,6912
615,54,6912
616,54,6912
617,54,6912
618,53,6784
619,52,6656
620,52,6656
621,52,6656
622,52,6656
623,53,6784
624,53,6784
625,54,6912
626,53,6784
627,53,6784
628,53,6784
629,53,6784
630,53,6784
631,54,6912
632,54,6912
633,54,6912
634,54,6912
635,53,6784
636,53,6784
637,53,6784
638,53,6784
639,54,6912
640,54,6912
641,54,6912
642,54,6912
643,53,6784
644,52,6656
645,52,6656
646,53,6784
647,52,6656
648,52,6656
649,52,6656
650,52,6656
651,52,6656
652,52,6656
653,52,6656
654,52,6656
655,52,6656
656,52,6656
657,52,6656
658,52,6656
659,52,6656
660,51,6528
661,51,6528
662,51,6528
663,51,6528
664,52,6656
665,52,6656
666,52,6656
667,51,6528
668,50,6400
669,51,6528
670,51,6528
671,51,6528
672,51,6528
673,51,6528
674,51,6528
675,52,6656
676,52,6656
677,52,6656
678,52,6656
679,53,6784
680,53,6784
681,53,6784
682,53,6784
683,53,6784
684,52,6656
685,52,6656
686,52,6656
687,53,6784
688,52,6656
689,52,6656
690,52,6656
691,52,6656
692,51,6528
693,52,6656
694,53,6784
695,53,6784
696,53,6784
697,54,6912
698,54,6912
699,54,6912
700,55,7040
701,55,7040
702,55,7040
703,55,7040
704,55,7040
705,55,7040
706,55,7040
707,55,7040
708,55,7040
709,54,6912
710,54,6912
711,54,6912
712,52,6656
713,52,6656
714,51,6528
715,51,6528
716,52,6656
717,52,6656
718,52,6656
719,52,6656
720,53,6784
721,53,6784
722,53,6784
723,53,6784
724,53,6784
725,53,6784
726,53,6784
727,54,6912
728,54,6912
729,53,6784
730,53,6784
731,53,6784
732,54,6912
733,54,6912
734,54,6912
735,54,6912
736,55,7040
737,54,6912
738,53,6784
739,53,6784
740,52,6656
741,52,6656
742,52,6656
743,53,6784
744,53,6784
745,52,6656
746,52,6656
747,52,6656
748,51,6528
749,52,6656
750,52,6656
751,52,6656
752,52,6656
753,52,6656
754,52,6656
755,52,6656
756,52,6656
757,52,6656
758,52,6656
759,53,6784
760,52,6656
761,53,6784
762,53,6784
763,53,6784
764,54,6912
765,54,6912
766,55,7040
767,54,6912
768,54,6912
769,54,6912
770,54,6912
771,53,6784
772,53,6784
773,53,6784
774,53,6784
775,53,6784
776,53,6784
777,53,6784
778,52,6656
779,52,6656
780,52,6656
781,52,6656
782,52,6656
783,52,6656
784,51,6528
785,51,6528
786,51,6528
787,51,6528
788,51,6528
789,51,6528
790,50,6400
791,51,6528
792,51,6528
793,51,6528
794,52,6656
795,52,6656
796,53,6784
797,53,6784
798,53,6784
799,53,6784
800,52,6656
801,53,6784
802,53,6784
803,53,6784
804,52,6656
805,53,6784
806,54,6912
807,54,6912
808,54,6912
809,54,6912
810,53,6784
811,53,6784
812,53,6784
813,54,6912
814,52,6656
815,52,6656
816,53,6784
817,53,6784
818,52,6656
819,51,6528
820,51,6528
821,51,6528
822,52,6656
823,52,6656
824,53,6784
825,52,6656
826,53,6784
827,52,6656
828,52,6656
829,52,6656
830,52,6656
831,52,6656
832,52,6656
833,52,6656
834,52,6656
835,52,6656
836,53,6784
837,53,6784
838,53,6784
839,53,6784
840,53,6784
841,53,6784
842,53,6784
843,54,6912
844,54,6912
845,54,6912
846,53,6784
847,54,6912
848,54,6912
849,54,6912
850,54,6912
851,54,6912
852,54,6912
853,54,6912
854,53,6784
855,53,6784
856,52,6656
857,53,6784
858,52,6656
859,52,6656
860,52,6656
861,52,6656
862,53,6784
863,52,6656
864,52,6656
865,52,6656
866,52,6656
867,52,6656
868,52,6656
869,52,6656
870,52,6656
871,52,6656
872,51,6528
873,52,6656
874,52,6656
875,51,6528
876,51,6528
877,52,6656
878,52,6656
879,52,6656
880,51,6528
881,51,6528
882,51,6528
883,51,6528
884,50,6400
885,51,6528
886,51,6528
887,52,6656
888,52,6656
889,52,6656
890,53,6784
891,52,6656
892,52,6656
893,52,6656
894,52,6656
895,54,6912
896,54,6912
897,54,6912
898,54,6912
899,54,6912
900,54,6912
901,54,6912
902,54,6912
903,54,6912
904,54,6912
905,54,6912
906,53,6784
907,52,6656
908,50,6400
909,50,6400
910,50,6400
911,50,6400
912,50,6400
913,50,6400
914,50,6400
915,50,6400
916,50,6400
917,50,6400
918,51,6528
919,50,6400
920,50,6400
921,50,6400
922,50,6400
923,50,6400
924,49,6272
925,49,6272
926,49,6272
927,49,6272
928,50,6400
929,50,6400
930,50,6400
931,51,6528
932,51,6528
933,50,6400
934,51,6528
935,50,6400
936,50,6400
937,50,6400
938,50,6400
939,51,6528
940,50,6400
941,50,6400
942,51,6528
943,49,6272
944,49,6272
945,49,6272
946,49,6272
947,49,6272
948,50,6400
949,51,6528
950,50,6400
951,50,6400
952,50,6400
953,50,6400
954,49,6272
955,49,6272
956,49,6272
957,50,6400
958,51,6528
959,48,6144
960,48,6144
961,48,6144
962,49,6272
963,49,6272
964,49,6272
965,49,6272
966,50,6400
967,50,6400
968,50,6400
969,49,6272
970,50,6400
971,50,6400
972,47,6016
973,47,6016
974,47,6016
975,48,6144
976,48,6144
977,48,6144
978,48,6144
979,48,6144
980,49,6272
981,48,6144
982,49,6272
983,49,6272
984,49,6272
985,49,6272
986,49,6272
987,49,6272
988,50,6400
989,50,6400
990,50,6400
991,50,6400
992,51,6528
993,51,6528
994,51,6528
995,51,6528
996,50,6400
997,50,6400
998,50,6400
999,50,6400
1000,50,6400
1001,51,6528
1002,51,6528
1003,51,6528
1004,48,6144
1005,48,6144
1006,47,6016
1007,47,6016
1008,47,6016
1009,48,6144
1010,48,6144
1011,47,6016
1012,47,6016
1013,47,6016
1014,47,6016
1015,47,6016
1016,47,6016
1017,47,6016
1018,47,6016
1019,47,6016
1020,47,6016
1021,47,6016
1022,48,6144
1023,48,6144
1024,48,6144
1025,48,6144
1026,47,6016
1027,47,6016
1028,47,6016
1029,47,6016
1030,48,6144
1031,47,6016
1032,48,6144
1033,49,6272
1034,49,6272
1035,50,6400
1036,50,6400
1037,48,6144
1038,47,6016
1039,47,6016
1040,47,6016
1041,47,6016
1042,47,6016
1043,47,6016
1044,47,6016
1045,47,6016
1046,48,6144
1047,48,6144
1048,48,6144
1049,48,6144
1050,49,6272
1051,49,6272
1052,50,6400
1053,49,6272
1054,48,6144
1055,49,6272
1056,50,6400
1057,49,6272
1058,49,6272
1059,49,6272
1060,49,6272
1061,49,6272
1062,49,6272
1063,49,6272
1064,49,6272
1065,49,6272
1066,49,6272
1067,48,6144
1068,48,6144
1069,48,6144
1070,48,6144
1071,48,6144
1072,48,6144
1073,50,6400
1074,50,6400
1075,51,6528
1076,51,6528
1077,50,6400
1078,49,6272
1079,49,6272
1080,49,6272
1081,48,6144
1082,48,6144
1083,48,6144
1084,48,6144
1085,49,6272
1086,49,6272
1087,49,6272
1088,49,6272
1089,49,6272
1090,49,6272
1091,49,6272
1092,49,6272
1093,49,6272
1094,49,6272
1095,48,6144
1096,48,6144
1097,48,6144
1098,48,6144
1099,48,6144
1100,48,6144
1101,47,6016
1102,48,6144
1103,49,6272
1104,48,6144
1105,48,6144
1106,48,6144
1107,48,6144
1108,48,6144
1109,49,6272
1110,48,6144
1111,49,6272
1112,49,6272
1113,49,6272
1114,48,6144
1115,49,6272
1116,49,6272
1117,49,6272
1118,49,6272
1119,50,6400
1120,50,6400
1121,49,6272
1122,50,6400
1123,50,6400
1124,50,6400
1125,50,6400
1126,50,6400
1127,50,6400
1128,50,6400
1129,49,6272
1130,49,6272
1131,48,6144
1132,49,6272
1133,49,6272
1134,49,6272
1135,50,6400
1136,49,6272
1137,49,6272
1138,48,6144
1139,48,6144
1140,48,6144
1141,48,6144
1142,48,6144
1143,48,6144
1144,48,6144
1145,48,6144
1146,48,6144
1147,48,6144
1148,48,6144
1149,47,6016
1150,47,6016
1151,47,6016
1152,47,6016
1153,47,6016
1154,47,6016
1155,47,6016
1156,47,6016
1157,47,6016
1158,47,6016
1159,47,6016
1160,47,6016
1161,47,6016
1162,47,6016
1163,48,6144
1164,49,6272
1165,49,6272
1166,48,6144
1167,48,6144
1168,48,6144
1169,48,6144
1170,48,6144
1171,48,6144
1172,49,6272
1173,50,6400
1174,50,6400
1175,50,6400
1176,50,6400
1177,50,6400
1178,47,6016
1179,46,5888
1180,46,5888
1181,46,5888
1182,44,5632
1183,44,5632
1184,43,5504
1185,43,5504
1186,43,5504
1187,43,5504
1188,44,5632
1189,44,5632
1190,45,5760
1191,43,5504
1192,43,5504
1193,44,5632
1194,44,5632
1195,43,5504
1196,43,5504
1197,44,5632
1198,44,5632
1199,43,5504
1200,43,5504
1201,44,5632
1202,44,5632
1203,44,5632
1204,45,5760
1205,45,5760
1206,45,5760
1207,45,5760
1208,45,5760
1209,45,5760
1210,43,5504
1211,43,5504
1212,43,5504
1213,44,5632
1214,44,5632
1215,44,5632
1216,44,5632
1217,45,5760
1218,45,5760
1219,45,5760
1220,45,5760
1221,45,5760
1222,46,5888
1223,46,5888
1224,46,5888
1225,46,5888
1226,46,5888
1227,46,5888
1228,46,5888
1229,47,6016
1230,47,6016
1231,47,6016
1232,47,6016
1233,47,6016
1234,47,6016
1235,47,6016
1236,46,5888
1237,47,6016
1238,47,6016
1239,47,6016
1240,48,6144
1241,46,5888
1242,45,5760
1243,46,5888
1244,46,5888
1245,46,5888
1246,47,6016
1247,46,5888
1248,47,6016
1249,48,6144
1250,49,6272
1251,49,6272
1252,50,6400
1253,50,6400
1254,49,6272
1255,49,6272
1256,49,6272
1257,49,6272
1258,49,6272
1259,49,6272
1260,49,6272
1261,49,6272
1262,50,6400
1263,50,6400
1264,51,6528
1265,51,6528
1266,50,6400
1267,50,6400
1268,50,6400
1269,50,6400
1270,49,6272
1271,49,6272
1272,48,6144
1273,48,6144
1274,48,6144
1275,48,6144
1276,49,6272
1277,48,6144
1278,49,6272
1279,49,6272
1280,49,6272
1281,50,6400
1282,48,6144
1283,48,6144
1284,48,6144
1285,48,6144
1286,48,6144
1287,48,6144
1288,46,5888
1289,46,5888
1290,46,5888
1291,46,5888
1292,47,6016
1293,46,5888
1294,46,5888
1295,46,5888
1296,46,5888
1297,47,6016
1298,47,6016
1299,47,6016
1300,47,6016
1301,47,6016
1302,47,6016
1303,47,6016
1304,47,6016
1305,47,6016
1306,48,6144
1307,48,6144
1308,48,6144
1309,49,6272
1310,49,6272
1311,49,6272
1312,49,6272
1313,49,6272
1314,46,5888
1315,47,6016
1316,47,6016
1317,47,6016
1318,48,6144
1319,47,6016
1320,47,6016
1321,47,6016
1322,47,6016
1323,47,6016
1324,47,6016
1325,47,6016
1326,47,6016
1327,47,6016
1328,46,5888
1329,47,6016
1330,46,5888
1331,46,5888
1332,46,5888
1333,46,5888
1334,46,5888
1335,45,5760
1336,46,5888
1337,46,5888
1338,47,6016
1339,47,6016
1340,47,6016
1341,46,5888
1342,45,5760
1343,46,5888
1344,46,5888
1345,47,6016
1346,47,6016
1347,48,6144
1348,48,6144
1349,48,6144
1350,47,6016
1351,47,6016
1352,48,6144
1353,48,6144
1354,48,6144
1355,49,6272
1356,49,6272
1357,49,6272
1358,49,6272
1359,50,6400
1360,48,6144
1361,48,6144
1362,48,6144
1363,48,6144
1364,46,5888
1365,46,5888
1366,47,6016
1367,47,6016
1368,47,6016
1369,46,5888
1370,46,5888
1371,46,5888
1372,46,5888
1373,47,6016
1374,47,6016
1375,47,6016
1376,47,6016
1377,47,6016
1378,47,6016
1379,46,5888
1380,47,6016
1381,47,6016
1382,47,6016
1383,47,6016
1384,47,6016
1385,46,5888
1386,46,5888
1387,46,5888
1388,46,5888
1389,46,5888
1390,45,5760
1391,45,5760
1392,45,5760
1393,46,5888
1394,45,5760
1395,45,5760
1396,45,5760
1397,45,5760
1398,46,5888
1399,46,5888
1400,46,5888
1401,46,5888
1402,45,5760
1403,45,5760
1404,45,5760
1405,45,5760
1406,45,5760
1407,45,5760
1408,46,5888
1409,46,5888
1410,47,6016
1411,47,6016
1412,48,6144
1413,45,5760
1414,46,5888
1415,45,5760
1416,45,5760
1417,44,5632
1418,44,5632
1419,44,5632
1420,44,5632
1421,44,5632
1422,44,5632
1423,44,5632
1424,45,5760
1425,45,5760
1426,46,5888
1427,46,5888
1428,46,5888
1429,46,5888
1430,46,5888
1431,45,5760
1432,46,5888
1433,46,5888
1434,47,6016
1435,47,6016
1436,48,6144
1437,48,6144
1438,48,6144
1439,48,6144
1440,47,6016
1441,47,6016
1442,47,6016
1443,47,6016
1444,46,5888
1445,46,5888
1446,46,5888
1447,46,5888
1448,46,5888
1449,47,6016
1450,47,6016
1451,47,6016
1452,47,6016
1453,48,6144
1454,48,6144
1455,48,6144
1456,47,6016
1457,47,6016
1458,47,6016
1459,46,5888
1460,46,5888
1461,46,5888
1462,47,6016
1463,47,6016
1464,47,6016
1465,48,6144
1466,47,6016
1467,48,6144
1468,49,6272
1469,49,6272
1470,49,6272
1471,48,6144
1472,48,6144
1473,48,6144
1474,48,6144
1475,48,6144
1476,48,6144
1477,49,6272
1478,49,6272
1479,49,6272
1480,48,6144
1481,48,6144
1482,48,6144
1483,48,6144
1484,48,6144
1485,48,6144
1486,49,6272
1487,49,6272
1488,49,6272
1489,49,6272
1490,50,6400
1491,50,6400
1492,49,6272
1493,48,6144
1494,48,6144
1495,48,6144
1496,48,6144
1497,49,6272
1498,49,6272
1499,49,6272
1500,49,6272
1501,50,6400
1502,50,6400
1503,50,6400
1504,50,6400
1505,50,6400
1506,50,6400
1507,50,6400
1508,51,6528
1509,51,6528
1510,51,6528
1511,52,6656
1512,49,6272
1513,49,6272
1514,49,6272
1515,49,6272
1516,50,6400
1517,50,6400
1518,50,6400
1519,49,6272
1520,49,6272
1521,50,6400
1522,50,6400
1523,49,6272
1524,49,6272
1525,50,6400
1526,50,6400
1527,50,6400
1528,50,6400
1529,50,6400
1530,50,6400
1531,48,6144
1532,49,6272
1533,48,6144
1534,48,6144
1535,48,6144
1536,48,6144
1537,48,6144
1538,48,6144
1539,49,6272
1540,49,6272
1541,50,6400
1542,49,6272
1543,49,6272
1544,49,6272
1545,48,6144
1546,47,6016
1547,47,6016
1548,47,6016
1549,48,6144
1550,48,6144
1551,49,6272
1552,49,6272
1553,49,6272
1554,49,6272
1555,49,6272
1556,49,6272
1557,49,6272
1558,49,6272
1559,49,6272
1560,49,6272
1561,48,6144
1562,49,6272
1563,49,6272
1564,48,6144
1565,49,6272
1566,48,6144
1567,48,6144
1568,48,6144
1569,48,6144
1570,48,6144
1571,48,6144
1572,49,6272
1573,49,6272
1574,48,6144
1575,48,6144
1576,48,6144
1577,48,6144
1578,48,6144
1579,48,6144
1580,48,6144
1581,48,6144
1582,48,6144
1583,48,6144
1584,49,6272
1585,49,6272
1586,48,6144
1587,48,6144
1588,48,6144
1589,48,6144
1590,46,5888
1591,46,5888
1592,46,5888
1593,46,5888
1594,46,5888
1595,46,5888
1596,46,5888
1597,47,6016
1598,47,6016
1599,47,6016
1600,47,6016
1601,47,6016
1602,47,6016
1603,47,6016
1604,47,6016
1605,47,6016
1606,47,6016
1607,47,6016
1608,48,6144
1609,48,6144
1610,49,6272
1611,49,6272
1612,49,6272
1613,49,6272
1614,49,6272
1615,48,6144
1616,49,6272
1617,49,6272
1618,49,6272
1619,49,6272
1620,49,6272
1621,49,6272
1622,49,6272
1623,49,6272
1624,49,6272
1625,49,6272
1626,49,6272
1627,48,6144
1628,47,6016
1629,48,6144
1630,48,6144
1631,48,6144
1632,47,6016
1633,47,6016
1634,47,6016
1635,47,6016
1636,48,6144
1637,48,6144
1638,49,6272
1639,47,6016
1640,47,6016
1641,47,6016
1642,47,6016
1643,48,6144
1644,48,6144
1645,47,6016
1646,48,6144
1647,47,6016
1648,48,6144
1649,48,6144
1650,48,6144
1651,48,6144
1652,48,6144
1653,48,6144
1654,48,6144
1655,48,6144
1656,48,6144
1657,47,6016
1658,47,6016
1659,47,6016
1660,47,6016
1661,47,6016
1662,48,6144
1663,49,6272
1664,48,6144
1665,48,6144
1666,49,6272
1667,50,6400
1668,49,6272
1669,48,6144
1670,48,6144
1671,48,6144
1672,48,6144
1673,48,6144
1674,48,6144
1675,48,6144
1676,49,6272
1677,49,6272
1678,49,6272
1679,48,6144
1680,48,6144
1681,49,6272
1682,49,6272
1683,49,6272
1684,49,6272
1685,49,6272
1686,49,6272
1687,49,6272
1688,50,6400
1689,49,6272
1690,50,6400
1691,49,6272
1692,49,6272
1693,51,6528
1694,49,6272
1695,49,6272
1696,49,6272
1697,50,6400
1698,50,6400
1699,51,6528
1700,51,6528
1701,51,6528
1702,51,6528
1703,51,6528
1704,51,6528
1705,51,6528
1706,51,6528
1707,51,6528
1708,51,6528
1709,52,6656
1710,52,6656
1711,51,6528
1712,51,6528
1713,51,6528
1714,50,6400
1715,51,6528
1716,51,6528
1717,51,6528
1718,51,6528
1719,51,6528
1720,51,6528
1721,50,6400
1722,50,6400
1723,50,6400
1724,49,6272
1725,49,6272
1726,49,6272
1727,49,6272
1728,49,6272
1729,49,6272
1730,49,6272
1731,48,6144
1732,48,6144
1733,49,6272
1734,49,6272
1735,48,6144
1736,47,6016
1737,47,6016
1738,47,6016
1739,47,6016
1740,47,6016
1741,48,6144
1742,48,6144
1743,48,6144
1744,48,6144
1745,48,6144
1746,48,6144
1747,47,6016
1748,46,5888
1749,47,6016
1750,47,6016
1751,47,6016
1752,48,6144
1753,48,6144
1754,50,6400
1755,48,6144
1756,48,6144
1757,47,6016
1758,47,6016
1759,48,6144
1760,47,6016
1761,48,6144
1762,47,6016
1763,47,6016
1764,48,6144
1765,46,5888
1766,46,5888
1767,46,5888
1768,46,5888
1769,46,5888
1770,46,5888
1771,47,6016
1772,47,6016
1773,47,6016
1774,47,6016
1775,47,6016
1776,47,6016
1777,47,6016
1778,47,6016
1779,48,6144
1780,48,6144
1781,48,6144
1782,48,6144
1783,48,6144
1784,48,6144
1785,48,6144
1786,48,6144
1787,49,6272
1788,49,6272
1789,49,6272
1790,49,6272
1791,49,6272
1792,49,6272
1793,48,6144
1794,48,6144
1795,48,6144
1796,49,6272
1797,49,6272
1798,49,6272
1799,49,6272
1800,49,6272
1801,50,6400
1802,51,6528
1803,51,6528
1804,50,6400
1805,50,6400
1806,50,6400
1807,50,6400
1808,50,6400
1809,50,6400
1810,51,6528
1811,51,6528
1812,50,6400
1813,51,6528
1814,51,6528
1815,52,6656
1816,51,6528
1817,51,6528
1818,51,6528
1819,51,6528
1820,51,6528
1821,51,6528
1822,50,6400
1823,50,6400
1824,50,6400
1825,50,6400
1826,50,6400
1827,50,6400
1828,50,6400
1829,49,6272
1830,49,6272
1831,50,6400
1832,50,6400
1833,50,6400
1834,50,6400
1835,50,6400
1836,49,6272
1837,49,6272
1838,50,6400
1839,49,6272
1840,49,6272
1841,49,6272
1842,48,6144
1843,48,6144
1844,48,6144
1845,48,6144
1846,48,6144
1847,48,6144
1848,48,6144
1849,49,6272
1850,48,6144
1851,49,6272
1852,49,6272
1853,49,6272
1854,48,6144
1855,49,6272
1856,49,6272
1857,49,6272
1858,49,6272
1859,49,6272
1860,49,6272
1861,49,6272
1862,48,6144
1863,48,6144
1864,48,6144
1865,49,6272
1866,48,6144
1867,49,6272
1868,49,6272
1869,50,6400
1870,49,6272
1871,50,6400
1872,49,6272
1873,49,6272
1874,49,6272
1875,49,6272
1876,49,6272
1877,49,6272
1878,49,6272
1879,49,6272
1880,48,6144
1881,47,6016
1882,47,6016
1883,48,6144
1884,49,6272
1885,46,5888
1886,46,5888
1887,46,5888
1888,46,5888
1889,47,6016
1890,46,5888
1891,46,5888
1892,46,5888
1893,46,5888
1894,46,5888
1895,47,6016
1896,47,6016
1897,48,6144
1898,47,6016
1899,47,6016
1900,48,6144
1901,49,6272
1902,48,6144
1903,49,6272
1904,48,6144
1905,49,6272
1906,49,6272
1907,47,6016
1908,47,6016
1909,48,6144
1910,48,6144
1911,48,6144
1912,48,6144
1913,47,6016
1914,47,6016
1915,46,5888
1916,47,6016
1917,47,6016
1918,48,6144
1919,48,6144
1920,49,6272
1921,49,6272
1922,50,6400
1923,50,6400
1924,49,6272
1925,49,6272
1926,49,6272
1927,49,6272
1928,47,6016
1929,47,6016
1930,47,6016
1931,47,6016
1932,47,6016
1933,47,6016
1934,49,6272
1935,48,6144
1936,47,6016
1937,47,6016
1938,47,6016
1939,47,6016
1940,47,6016
1941,48,6144
1942,47,6016
1943,48,6144
1944,48,6144
1945,47,6016
1946,47,6016
1947,48,6144
1948,48,6144
1949,48,6144
1950,48,6144
1951,47,6016
1952,47,6016
1953,48,6144
1954,48,6144
1955,48,6144
1956,48,6144
1957,48,6144
1958,48,6144
1959,48,6144
1960,49,6272
1961,49,6272
1962,49,6272
1963,49,6272
1964,49,6272
1965,49,6272
1966,49,6272
1967,48,6144
1968,48,6144
1969,47,6016
1970,47,6016
1971,48,6144
1972,49,6272
1973,48,6144
1974,46,5888
1975,46,5888
1976,46,5888
1977,48,6144
1978,46,5888
1979,47,6016
1980,47,6016
1981,47,6016
1982,47,6016
1983,47,6016
1984,47,6016
1985,45,5760
1986,46,5888
1987,47,6016
1988,46,5888
1989,47,6016
1990,47,6016
1991,47,6016
1992,46,5888
1993,47,6016
1994,47,6016
1995,47,6016
1996,47,6016
1997,47,6016
1998,47,6016
1999,46,5888
2000,46,5888
