RandomSeed,13768,Population size:128,Bit Length:64,Crossover Rate:0,Mutation Rate:0.005
gen,BestFitness,FitnessEval
1,39,4992
2,40,5120
3,40,5120
4,40,5120
5,41,5248
6,39,4992
7,39,4992
8,39,4992
9,39,4992
10,39,4992
11,39,4992
12,40,5120
13,40,5120
14,40,5120
15,40,5120
16,40,5120
17,40,5120
18,41,5248
19,41,5248
20,40,5120
21,40,5120
22,41,5248
23,41,5248
24,41,5248
25,41,5248
26,41,5248
27,41,5248
28,41,5248
29,41,5248
30,40,5120
31,40,5120
32,41,5248
33,41,5248
34,41,5248
35,41,5248
36,41,5248
37,41,5248
38,41,5248
39,41,5248
40,41,5248
41,41,5248
42,41,5248
43,42,5376
44,42,5376
45,42,5376
46,42,5376
47,42,5376
48,42,5376
49,43,5504
50,43,5504
51,43,5504
52,42,5376
53,42,5376
54,43,5504
55,43,5504
56,43,5504
57,44,5632
58,43,5504
59,43,5504
60,44,5632
61,45,5760
62,45,5760
63,45,5760
64,45,5760
65,45,5760
66,45,5760
67,45,5760
68,45,5760
69,45,5760
70,46,5888
71,45,5760
72,46,5888
73,46,5888
74,46,5888
75,46,5888
76,47,6016
77,47,6016
78,46,5888
79,47,6016
80,46,5888
81,47,6016
82,47,6016
83,47,6016
84,46,5888
85,47,6016
86,47,6016
87,47,6016
88,47,6016
89,48,6144
90,48,6144
91,47,6016
92,47,6016
93,47,6016
94,47,6016
95,47,6016
96,47,6016
97,47,6016
98,48,6144
99,48,6144
100,47,6016
101,47,6016
102,47,6016
103,47,6016
104,47,6016
105,48,6144
106,48,6144
107,48,6144
108,48,6144
109,48,6144
110,47,6016
111,47,6016
112,47,6016
113,47,6016
114,47,6016
115,46,5888
116,46,5888
117,47,6016
118,47,6016
119,48,6144
120,48,6144
121,48,6144
122,47,6016
123,47,6016
124,48,6144
125,48,6144
126,50,6400
127,51,6528
128,51,6528
129,52,6656
130,52,6656
131,51,6528
132,51,6528
133,51,6528
134,52,6656
135,52,6656
136,52,6656
137,52,6656
138,52,6656
139,52,6656
140,53,6784
141,53,6784
142,53,6784
143,53,6784
144,52,6656
145,52,6656
146,52,6656
147,52,6656
148,52,6656
149,52,6656
150,52,6656
151,52,6656
152,52,6656
153,52,6656
154,52,6656
155,52,6656
156,52,6656
157,50,6400
158,50,6400
159,51,6528
160,51,6528
161,51,6528
162,51,6528
163,51,6528
164,50,6400
165,51,6528
166,51,6528
167,50,6400
168,50,6400
169,50,6400
170,50,6400
171,50,6400
172,50,6400
173,50,6400
174,50,6400
175,50,6400
176,50,6400
177,49,6272
178,50,6400
179,50,6400
180,50,6400
181,50,6400
182,50,6400
183,50,6400
184,50,6400
185,51,6528
186,51,6528
187,51,6528
188,52,6656
189,52,6656
190,51,6528
191,51,6528
192,51,6528
193,51,6528
194,51,6528
195,51,6528
196,51,6528
197,51,6528
198,51,6528
199,51,6528
200,51,6528
201,51,6528
202,50,6400
203,50,6400
204,49,6272
205,49,6272
206,49,6272
207,49,6272
208,49,6272
209,49,6272
210,49,6272
211,49,6272
212,49,6272
213,50,6400
214,50,6400
215,51,6528
216,51,6528
217,50,6400
218,51,6528
219,51,6528
220,50,6400
221,50,6400
222,50,6400
223,51,6528
224,52,6656
225,52,6656
226,51,6528
227,51,6528
228,51,6528
229,51,6528
230,51,6528
231,52,6656
232,51,6528
233,51,6528
234,52,6656
235,52,6656
236,52,6656
237,52,6656
238,52,6656
239,52,6656
240,52,6656
241,52,6656
242,52,6656
243,52,6656
244,52,6656
245,53,6784
246,53,6784
247,53,6784
248,52,6656
249,53,6784
250,53,6784
251,53,6784
252,53,6784
253,53,6784
254,53,6784
255,53,6784
256,53,6784
257,53,6784
258,53,6784
259,52,6656
260,52,6656
261,53,6784
262,53,6784
263,53,6784
264,53,6784
265,53,6784
266,53,6784
267,53,6784
268,54,6912
269,53,6784
270,53,6784
271,53,6784
272,53,6784
273,53,6784
274,53,6784
275,53,6784
276,53,6784
277,53,6784
278,53,6784
279,53,6784
280,53,6784
281,53,6784
282,53,6784
283,53,6784
284,53,6784
285,52,6656
286,52,6656
287,52,6656
288,51,6528
289,51,6528
290,52,6656
291,53,6784
292,53,6784
293,53,6784
294,53,6784
295,53,6784
296,53,6784
297,53,6784
298,52,6656
299,52,6656
300,53,6784
301,53,6784
302,53,6784
303,53,6784
304,53,6784
305,53,6784
306,53,6784
307,53,6784
308,53,6784
309,53,6784
310,53,6784
311,53,6784
312,53,6784
313,53,6784
314,54,6912
315,54,6912
316,53,6784
317,54,6912
318,53,6784
319,53,6784
320,53,6784
321,54,6912
322,53,6784
323,53,6784
324,53,6784
325,53,6784
326,53,6784
327,53,6784
328,51,6528
329,52,6656
330,52,6656
331,52,6656
332,54,6912
333,52,6656
334,52,6656
335,51,6528
336,51,6528
337,51,6528
338,51,6528
339,51,6528
340,50,6400
341,50,6400
342,50,6400
343,50,6400
344,50,6400
345,51,6528
346,51,6528
347,51,6528
348,51,6528
349,51,6528
350,50,6400
351,50,6400
352,50,6400
353,51,6528
354,51,6528
355,51,6528
356,51,6528
357,50,6400
358,51,6528
359,52,6656
360,52,6656
361,52,6656
362,52,6656
363,52,6656
364,51,6528
365,51,6528
366,51,6528
367,52,6656
368,51,6528
369,52,6656
370,52,6656
371,52,6656
372,50,6400
373,50,6400
374,50,6400
375,49,6272
376,47,6016
377,48,6144
378,48,6144
379,48,6144
380,48,6144
381,50,6400
382,50,6400
383,50,6400
384,49,6272
385,49,6272
386,49,6272
387,49,6272
388,49,6272
389,49,6272
390,49,6272
391,49,6272
392,49,6272
393,49,6272
394,50,6400
395,50,6400
396,50,6400
397,51,6528
398,50,6400
399,50,6400
400,50,6400
401,50,6400
402,51,6528
403,51,6528
404,49,6272
405,50,6400
406,50,6400
407,50,6400
408,50,6400
409,50,6400
410,50,6400
411,50,6400
412,50,6400
413,50,6400
414,51,6528
415,50,6400
416,50,6400
417,50,6400
418,50,6400
419,50,6400
420,50,6400
421,50,6400
422,50,6400
423,49,6272
424,49,6272
425,50,6400
426,49,6272
427,50,6400
428,50,6400
429,50,6400
430,49,6272
431,49,6272
432,50,6400
433,51,6528
434,51,6528
435,51,6528
436,51,6528
437,52,6656
438,50,6400
439,50,6400
440,50,6400
441,49,6272
442,49,6272
443,48,6144
444,49,6272
445,49,6272
446,49,6272
447,49,6272
448,48,6144
449,48,6144
450,47,6016
451,48,6144
452,47,6016
453,47,6016
454,48,6144
455,48,6144
456,48,6144
457,48,6144
458,48,6144
459,48,6144
460,48,6144
461,48,6144
462,48,6144
463,49,6272
464,48,6144
465,49,6272
466,48,6144
467,48,6144
468,49,6272
469,49,6272
470,50,6400
471,47,6016
472,47,6016
473,48,6144
474,48,6144
475,47,6016
476,47,6016
477,47,6016
478,47,6016
479,48,6144
480,47,6016
481,47,6016
482,48,6144
483,47,6016
484,47,6016
485,47,6016
486,47,6016
487,47,6016
488,47,6016
489,47,6016
490,47,6016
491,48,6144
492,47,6016
493,47,6016
494,47,6016
495,47,6016
496,48,6144
497,48,6144
498,48,6144
499,48,6144
500,48,6144
501,48,6144
502,48,6144
503,48,6144
504,48,6144
505,48,6144
506,47,6016
507,47,6016
508,47,6016
509,47,6016
510,47,6016
511,47,6016
512,47,6016
513,47,6016
514,48,6144
515,48,6144
516,49,6272
517,49,6272
518,48,6144
519,48,6144
520,47,6016
521,46,5888
522,46,5888
523,46,5888
524,45,5760
525,46,5888
526,46,5888
527,46,5888
528,47,6016
529,47,6016
530,47,6016
531,47,6016
532,47,6016
533,47,6016
534,47,6016
535,48,6144
536,47,6016
537,48,6144
538,49,6272
539,48,6144
540,48,6144
541,48,6144
542,48,6144
543,48,6144
544,49,6272
545,48,6144
546,48,6144
547,48,6144
548,48,6144
549,49,6272
550,49,6272
551,48,6144
552,48,6144
553,49,6272
554,49,6272
555,49,6272
556,47,6016
557,47,6016
558,47,6016
559,48,6144
560,47,6016
561,47,6016
562,46,5888
563,47,6016
564,48,6144
565,48,6144
566,48,6144
567,48,6144
568,48,6144
569,48,6144
570,49,6272
571,49,6272
572,49,6272
573,49,6272
574,49,6272
575,48,6144
576,49,6272
577,48,6144
578,48,6144
579,48,6144
580,48,6144
581,48,6144
582,48,6144
583,48,6144
584,48,6144
585,49,6272
586,49,6272
587,49,6272
588,50,6400
589,50,6400
590,50,6400
591,50,6400
592,49,6272
593,49,6272
594,50,6400
595,50,6400
596,49,6272
597,49,6272
598,49,6272
599,49,6272
600,50,6400
601,50,6400
602,49,6272
603,49,6272
604,51,6528
605,50,6400
606,50,6400
607,51,6528
608,51,6528
609,51,6528
610,49,6272
611,49,6272
612,50,6400
613,51,6528
614,49,6272
615,50,6400
616,48,6144
617,48,6144
618,48,6144
619,48,6144
620,49,6272
621,49,6272
622,49,6272
623,49,6272
624,47,6016
625,47,6016
626,47,6016
627,48,6144
628,48,6144
629,48,6144
630,48,6144
631,48,6144
632,48,6144
633,48,6144
634,48,6144
635,47,6016
636,46,5888
637,46,5888
638,47,6016
639,48,6144
640,46,5888
641,47,6016
642,47,6016
643,47,6016
644,47,6016
645,47,6016
646,47,6016
647,47,6016
648,46,5888
649,46,5888
650,46,5888
651,46,5888
652,46,5888
653,47,6016
654,47,6016
655,46,5888
656,47,6016
657,47,6016
658,47,6016
659,47,6016
660,47,6016
661,47,6016
662,46,5888
663,46,5888
664,46,5888
665,47,6016
666,46,5888
667,46,5888
668,46,5888
669,46,5888
670,46,5888
671,47,6016
672,47,6016
673,47,6016
674,47,6016
675,47,6016
676,47,6016
677,47,6016
678,45,5760
679,45,5760
680,46,5888
681,46,5888
682,46,5888
683,46,5888
684,45,5760
685,45,5760
686,45,5760
687,45,5760
688,46,5888
689,45,5760
690,45,5760
691,45,5760
692,45,5760
693,45,5760
694,45,5760
695,45,5760
696,45,5760
697,46,5888
698,46,5888
699,46,5888
700,45,5760
701,46,5888
702,46,5888
703,46,5888
704,46,5888
705,46,5888
706,46,5888
707,46,5888
708,47,6016
709,47,6016
710,46,5888
711,46,5888
712,46,5888
713,46,5888
714,47,6016
715,48,6144
716,46,5888
717,45,5760
718,46,5888
719,45,5760
720,46,5888
721,46,5888
722,46,5888
723,46,5888
724,46,5888
725,47,6016
726,46,5888
727,46,5888
728,46,5888
729,46,5888
730,45,5760
731,45,5760
732,46,5888
733,46,5888
734,46,5888
735,46,5888
736,46,5888
737,46,5888
738,47,6016
739,46,5888
740,46,5888
741,46,5888
742,48,6144
743,48,6144
744,47,6016
745,47,6016
746,47,6016
747,47,6016
748,47,6016
749,47,6016
750,47,6016
751,47,6016
752,47,6016
753,47,6016
754,47,6016
755,47,6016
756,48,6144
757,49,6272
758,50,6400
759,48,6144
760,48,6144
761,48,6144
762,49,6272
763,50,6400
764,50,6400
765,50,6400
766,49,6272
767,50,6400
768,52,6656
769,50,6400
770,50,6400
771,50,6400
772,50,6400
773,49,6272
774,49,6272
775,49,6272
776,49,6272
777,50,6400
778,50,6400
779,51,6528
780,50,6400
781,50,6400
782,50,6400
783,50,6400
784,50,6400
785,50,6400
786,50,6400
787,49,6272
788,48,6144
789,48,6144
790,49,6272
791,49,6272
792,49,6272
793,50,6400
794,50,6400
795,49,6272
796,49,6272
797,50,6400
798,50,6400
799,50,6400
800,50,6400
801,49,6272
802,50,6400
803,49,6272
804,49,6272
805,49,6272
806,49,6272
807,49,6272
808,49,6272
809,49,6272
810,49,6272
811,49,6272
812,49,6272
813,49,6272
814,49,6272
815,50,6400
816,50,6400
817,50,6400
818,51,6528
819,50,6400
820,50,6400
821,51,6528
822,51,6528
823,51,6528
824,51,6528
825,51,6528
826,51,6528
827,51,6528
828,50,6400
829,50,6400
830,51,6528
831,51,6528
832,51,6528
833,51,6528
834,51,6528
835,50,6400
836,49,6272
837,49,6272
838,50,6400
839,48,6144
840,49,6272
841,49,6272
842,49,6272
843,48,6144
844,49,6272
845,49,6272
846,48,6144
847,48,6144
848,49,6272
849,48,6144
850,48,6144
851,48,6144
852,48,6144
853,48,6144
854,48,6144
855,48,6144
856,49,6272
857,48,6144
858,49,6272
859,49,6272
860,49,6272
861,49,6272
862,49,6272
863,49,6272
864,48,6144
865,48,6144
866,48,6144
867,47,6016
868,48,6144
869,48,6144
870,48,6144
871,48,6144
872,48,6144
873,48,6144
874,49,6272
875,49,6272
876,48,6144
877,48,6144
878,48,6144
879,48,6144
880,48,6144
881,49,6272
882,49,6272
883,49,6272
884,49,6272
885,49,6272
886,46,5888
887,47,6016
888,46,5888
889,46,5888
890,46,5888
891,47,6016
892,46,5888
893,47,6016
894,47,6016
895,46,5888
896,46,5888
897,46,5888
898,47,6016
899,47,6016
900,47,6016
901,48,6144
902,48,6144
903,47,6016
904,47,6016
905,48,6144
906,47,6016
907,47,6016
908,48,6144
909,48,6144
910,49,6272
911,48,6144
912,48,6144
913,48,6144
914,48,6144
915,48,6144
916,48,6144
917,49,6272
918,49,6272
919,49,6272
920,48,6144
921,48,6144
922,49,6272
923,48,6144
924,50,6400
925,50,6400
926,50,6400
927,50,6400
928,50,6400
929,47,6016
930,47,6016
931,47,6016
932,47,6016
933,47,6016
934,47,6016
935,47,6016
936,48,6144
937,48,6144
938,48,6144
939,48,6144
940,49,6272
941,48,6144
942,48,6144
943,48,6144
944,48,6144
945,48,6144
946,48,6144
947,48,6144
948,48,6144
949,49,6272
950,49,6272
951,49,6272
952,50,6400
953,50,6400
954,50,6400
955,50,6400
956,50,6400
957,50,6400
958,50,6400
959,50,6400
960,51,6528
961,51,6528
962,51,6528
963,51,6528
964,51,6528
965,51,6528
966,51,6528
967,51,6528
968,51,6528
969,51,6528
970,50,6400
971,51,6528
972,51,6528
973,51,6528
974,51,6528
975,52,6656
976,52,6656
977,52,6656
978,52,6656
979,52,6656
980,53,6784
981,53,6784
982,52,6656
983,52,6656
984,52,6656
985,51,6528
986,51,6528
987,51,6528
988,52,6656
989,52,6656
990,51,6528
991,51,6528
992,52,6656
993,50,6400
994,50,6400
995,50,6400
996,50,6400
997,50,6400
998,50,6400
999,51,6528
1000,51,6528
1001,51,6528
1002,51,6528
1003,51,6528
1004,52,6656
1005,52,6656
1006,52,6656
1007,52,6656
1008,52,6656
1009,51,6528
1010,52,6656
1011,52,6656
1012,52,6656
1013,51,6528
1014,51,6528
1015,51,6528
1016,51,6528
1017,51,6528
1018,50,6400
1019,49,6272
1020,49,6272
1021,50,6400
1022,50,6400
1023,50,6400
1024,50,6400
1025,50,6400
1026,51,6528
1027,50,6400
1028,51,6528
1029,51,6528
1030,51,6528
1031,51,6528
1032,50,6400
1033,50,6400
1034,49,6272
1035,49,6272
1036,49,6272
1037,50,6400
1038,50,6400
1039,49,6272
1040,49,6272
1041,49,6272
1042,49,6272
1043,50,6400
1044,51,6528
1045,51,6528
1046,51,6528
1047,49,6272
1048,49,6272
1049,50,6400
1050,50,6400
1051,51,6528
1052,50,6400
1053,50,6400
1054,49,6272
1055,48,6144
1056,48,6144
1057,48,6144
1058,49,6272
1059,49,6272
1060,48,6144
1061,48,6144
1062,48,6144
1063,48,6144
1064,48,6144
1065,47,6016
1066,47,6016
1067,47,6016
1068,47,6016
1069,47,6016
1070,46,5888
1071,47,6016
1072,48,6144
1073,48,6144
1074,49,6272
1075,49,6272
1076,50,6400
1077,51,6528
1078,50,6400
1079,49,6272
1080,49,6272
1081,50,6400
1082,49,6272
1083,49,6272
1084,49,6272
1085,49,6272
1086,49,6272
1087,49,6272
1088,49,6272
1089,49,6272
1090,49,6272
1091,49,6272
1092,49,6272
1093,49,6272
1094,49,6272
1095,50,6400
1096,49,6272
1097,49,6272
1098,49,6272
1099,50,6400
1100,50,6400
1101,49,6272
1102,49,6272
1103,49,6272
1104,48,6144
1105,48,6144
1106,47,6016
1107,47,6016
1108,48,6144
1109,48,6144
1110,48,6144
1111,48,6144
1112,48,6144
1113,48,6144
1114,49,6272
1115,49,6272
1116,50,6400
1117,50,6400
1118,50,6400
1119,51,6528
1120,50,6400
1121,50,6400
1122,50,6400
1123,51,6528
1124,50,6400
1125,51,6528
1126,51,6528
1127,52,6656
1128,50,6400
1129,51,6528
1130,51,6528
1131,51,6528
1132,51,6528
1133,52,6656
1134,52,6656
1135,52,6656
1136,51,6528
1137,50,6400
1138,51,6528
1139,51,6528
1140,51,6528
1141,50,6400
1142,50,6400
1143,51,6528
1144,51,6528
1145,51,6528
1146,50,6400
1147,50,6400
1148,51,6528
1149,51,6528
1150,51,6528
1151,51,6528
1152,51,6528
1153,51,6528
1154,52,6656
1155,52,6656
1156,52,6656
1157,52,6656
1158,52,6656
1159,52,6656
1160,53,6784
1161,52,6656
1162,52,6656
1163,52,6656
1164,52,6656
1165,52,6656
1166,52,6656
1167,52,6656
1168,51,6528
1169,51,6528
1170,52,6656
1171,51,6528
1172,50,6400
1173,51,6528
1174,51,6528
1175,51,6528
1176,50,6400
1177,51,6528
1178,50,6400
1179,52,6656
1180,52,6656
1181,52,6656
1182,51,6528
1183,51,6528
1184,51,6528
1185,51,6528
1186,51,6528
1187,51,6528
1188,51,6528
1189,51,6528
1190,50,6400
1191,50,6400
1192,50,6400
1193,50,6400
1194,50,6400
1195,50,6400
1196,51,6528
1197,51,6528
1198,51,6528
1199,51,6528
1200,51,6528
1201,51,6528
1202,51,6528
1203,51,6528
1204,51,6528
1205,51,6528
1206,52,6656
1207,52,6656
1208,52,6656
1209,52,6656
1210,52,6656
1211,53,6784
1212,52,6656
1213,52,6656
1214,52,6656
1215,53,6784
1216,52,6656
1217,51,6528
1218,51,6528
1219,52,6656
1220,51,6528
1221,51,6528
1222,51,6528
1223,51,6528
1224,51,6528
1225,51,6528
1226,51,6528
1227,51,6528
1228,51,6528
1229,51,6528
1230,51,6528
1231,51,6528
1232,51,6528
1233,51,6528
1234,51,6528
1235,51,6528
1236,51,6528
1237,51,6528
1238,51,6528
1239,51,6528
1240,51,6528
1241,50,6400
1242,50,6400
1243,51,6528
1244,50,6400
1245,49,6272
1246,50,6400
1247,50,6400
1248,49,6272
1249,50,6400
1250,49,6272
1251,49,6272
1252,49,6272
1253,49,6272
1254,48,6144
1255,47,6016
1256,47,6016
1257,47,6016
1258,47,6016
1259,48,6144
1260,48,6144
1261,48,6144
1262,48,6144
1263,48,6144
1264,48,6144
1265,47,6016
1266,47,6016
1267,47,6016
1268,46,5888
1269,47,6016
1270,47,6016
1271,47,6016
1272,47,6016
1273,47,6016
1274,48,6144
1275,48,6144
1276,48,6144
1277,48,6144
1278,48,6144
1279,48,6144
1280,49,6272
1281,49,6272
1282,49,6272
1283,49,6272
1284,49,6272
1285,49,6272
1286,49,6272
1287,49,6272
1288,49,6272
1289,49,6272
1290,50,6400
1291,50,6400
1292,50,6400
1293,51,6528
1294,51,6528
1295,51,6528
1296,49,6272
1297,49,6272
1298,49,6272
1299,49,6272
1300,49,6272
1301,49,6272
1302,49,6272
1303,50,6400
1304,50,6400
1305,50,6400
1306,50,6400
1307,50,6400
1308,51,6528
1309,51,6528
1310,51,6528
1311,51,6528
1312,51,6528
1313,51,6528
1314,51,6528
1315,52,6656
1316,50,6400
1317,51,6528
1318,50,6400
1319,51,6528
1320,51,6528
1321,52,6656
1322,52,6656
1323,53,6784
1324,53,6784
1325,53,6784
1326,53,6784
1327,53,6784
1328,54,6912
1329,53,6784
1330,54,6912
1331,54,6912
1332,54,6912
1333,54,6912
1334,54,6912
1335,54,6912
1336,54,6912
1337,54,6912
1338,54,6912
1339,54,6912
1340,55,7040
1341,55,7040
1342,54,6912
1343,54,6912
1344,54,6912
1345,54,6912
1346,54,6912
1347,54,6912
1348,54,6912
1349,53,6784
1350,53,6784
1351,54,6912
1352,53,6784
1353,53,6784
1354,53,6784
1355,53,6784
1356,53,6784
1357,53,6784
1358,53,6784
1359,54,6912
1360,54,6912
1361,54,6912
1362,54,6912
1363,54,6912
1364,55,7040
1365,55,7040
1366,55,7040
1367,55,7040
1368,56,7168
1369,56,7168
1370,56,7168
1371,56,7168
1372,56,7168
1373,56,7168
1374,56,7168
1375,56,7168
1376,55,7040
1377,55,7040
1378,56,7168
1379,55,7040
1380,55,7040
1381,55,7040
1382,55,7040
1383,55,7040
1384,55,7040
1385,55,7040
1386,55,7040
1387,55,7040
1388,55,7040
1389,55,7040
1390,55,7040
1391,55,7040
1392,55,7040
1393,54,6912
1394,54,6912
1395,54,6912
1396,55,7040
1397,55,7040
1398,53,6784
1399,53,6784
1400,54,6912
1401,53,6784
1402,53,6784
1403,54,6912
1404,54,6912
1405,54,6912
1406,54,6912
1407,54,6912
1408,54,6912
1409,54,6912
1410,55,7040
1411,55,7040
1412,55,7040
1413,55,7040
1414,55,7040
1415,55,7040
1416,55,7040
1417,55,7040
1418,55,7040
1419,53,6784
1420,53,6784
1421,53,6784
1422,53,6784
1423,53,6784
1424,53,6784
1425,54,6912
1426,52,6656
1427,53,6784
1428,53,6784
1429,53,6784
1430,53,6784
1431,53,6784
1432,51,6528
1433,52,6656
1434,51,6528
1435,51,6528
1436,51,6528
1437,51,6528
1438,51,6528
1439,51,6528
1440,50,6400
1441,50,6400
1442,50,6400
1443,50,6400
1444,50,6400
1445,50,6400
1446,50,6400
1447,49,6272
1448,50,6400
1449,50,6400
1450,50,6400
1451,49,6272
1452,49,6272
1453,49,6272
1454,49,6272
1455,49,6272
1456,48,6144
1457,48,6144
1458,49,6272
1459,49,6272
1460,49,6272
1461,49,6272
1462,49,6272
1463,49,6272
1464,49,6272
1465,49,6272
1466,49,6272
1467,49,6272
1468,49,6272
1469,49,6272
1470,49,6272
1471,49,6272
1472,50,6400
1473,50,6400
1474,50,6400
1475,51,6528
1476,50,6400
1477,50,6400
1478,50,6400
1479,50,6400
1480,50,6400
1481,51,6528
1482,51,6528
1483,51,6528
1484,52,6656
1485,50,6400
1486,50,6400
1487,50,6400
1488,50,6400
1489,50,6400
1490,50,6400
1491,50,6400
1492,50,6400
1493,50,6400
1494,50,6400
1495,50,6400
1496,50,6400
1497,50,6400
1498,51,6528
1499,52,6656
1500,51,6528
1501,51,6528
1502,51,6528
1503,51,6528
1504,51,6528
1505,51,6528
1506,52,6656
1507,52,6656
1508,50,6400
1509,50,6400
1510,50,6400
1511,50,6400
1512,51,6528
1513,51,6528
1514,51,6528
1515,52,6656
1516,51,6528
1517,51,6528
1518,50,6400
1519,49,6272
1520,49,6272
1521,49,6272
1522,49,6272
1523,49,6272
1524,49,6272
1525,50,6400
1526,49,6272
1527,50,6400
1528,50,6400
1529,50,6400
1530,50,6400
1531,50,6400
1532,51,6528
1533,51,6528
1534,51,6528
1535,51,6528
1536,51,6528
1537,51,6528
1538,51,6528
1539,49,6272
1540,49,6272
1541,49,6272
1542,49,6272
1543,49,6272
1544,49,6272
1545,49,6272
1546,49,6272
1547,51,6528
1548,50,6400
1549,50,6400
1550,50,6400
1551,50,6400
1552,49,6272
1553,50,6400
1554,50,6400
1555,50,6400
1556,51,6528
1557,50,6400
1558,49,6272
1559,49,6272
1560,49,6272
1561,50,6400
1562,50,6400
1563,50,6400
1564,50,6400
1565,52,6656
1566,52,6656
1567,52,6656
1568,52,6656
1569,52,6656
1570,52,6656
1571,52,6656
1572,51,6528
1573,51,6528
1574,51,6528
1575,49,6272
1576,49,6272
1577,49,6272
1578,49,6272
1579,50,6400
1580,50,6400
1581,49,6272
1582,49,6272
1583,49,6272
1584,49,6272
1585,50,6400
1586,50,6400
1587,48,6144
1588,48,6144
1589,48,6144
1590,48,6144
1591,48,6144
1592,48,6144
1593,48,6144
1594,48,6144
1595,48,6144
1596,48,6144
1597,49,6272
1598,49,6272
1599,48,6144
1600,48,6144
1601,48,6144
1602,48,6144
1603,49,6272
1604,49,6272
1605,48,6144
1606,47,6016
1607,48,6144
1608,48,6144
1609,48,6144
1610,48,6144
1611,48,6144
1612,48,6144
1613,48,6144
1614,48,6144
1615,48,6144
1616,48,6144
1617,48,6144
1618,47,6016
1619,47,6016
1620,47,6016
1621,47,6016
1622,45,5760
1623,46,5888
1624,46,5888
1625,47,6016
1626,47,6016
1627,48,6144
1628,48,6144
1629,48,6144
1630,48,6144
1631,48,6144
1632,48,6144
1633,48,6144
1634,48,6144
1635,48,6144
1636,48,6144
1637,48,6144
1638,49,6272
1639,49,6272
1640,50,6400
1641,50,6400
1642,50,6400
1643,50,6400
1644,49,6272
1645,49,6272
1646,50,6400
1647,50,6400
1648,51,6528
1649,50,6400
1650,50,6400
1651,50,6400
1652,50,6400
1653,49,6272
1654,50,6400
1655,50,6400
1656,50,6400
1657,52,6656
1658,52,6656
1659,49,6272
1660,50,6400
1661,50,6400
1662,49,6272
1663,49,6272
1664,50,6400
1665,50,6400
1666,50,6400
1667,50,6400
1668,50,6400
1669,51,6528
1670,50,6400
1671,50,6400
1672,50,6400
1673,50,6400
1674,50,6400
1675,50,6400
1676,50,6400
1677,50,6400
1678,49,6272
1679,49,6272
1680,50,6400
1681,51,6528
1682,50,6400
1683,50,6400
1684,51,6528
1685,50,6400
1686,50,6400
1687,50,6400
1688,49,6272
1689,50,6400
1690,50,6400
1691,50,6400
1692,49,6272
1693,49,6272
1694,49,6272
1695,49,6272
1696,50,6400
1697,50,6400
1698,50,6400
1699,50,6400
1700,50,6400
1701,50,6400
1702,50,6400
1703,50,6400
1704,50,6400
1705,50,6400
1706,50,6400
1707,50,6400
1708,50,6400
1709,51,6528
1710,51,6528
1711,51,6528
1712,51,6528
1713,50,6400
1714,50,6400
1715,50,6400
1716,50,6400
1717,50,6400
1718,50,6400
1719,50,6400
1720,49,6272
1721,50,6400
1722,51,6528
1723,51,6528
1724,50,6400
1725,50,6400
1726,51,6528
1727,51,6528
1728,50,6400
1729,50,6400
1730,51,6528
1731,51,6528
1732,51,6528
1733,51,6528
1734,51,6528
1735,51,6528
1736,50,6400
1737,50,6400
1738,50,6400
1739,50,6400
1740,50,6400
1741,50,6400
1742,50,6400
1743,51,6528
1744,51,6528
1745,51,6528
1746,51,6528
1747,49,6272
1748,49,6272
1749,48,6144
1750,47,6016
1751,48,6144
1752,48,6144
1753,48,6144
1754,48,6144
1755,48,6144
1756,49,6272
1757,47,6016
1758,47,6016
1759,47,6016
1760,47,6016
1761,48,6144
1762,48,6144
1763,48,6144
1764,48,6144
1765,49,6272
1766,48,6144
1767,48,6144
1768,48,6144
1769,49,6272
1770,49,6272
1771,49,6272
1772,50,6400
1773,50,6400
1774,50,6400
1775,50,6400
1776,51,6528
1777,50,6400
1778,50,6400
1779,50,6400
1780,51,6528
1781,50,6400
1782,50,6400
1783,49,6272
1784,49,6272
1785,49,6272
1786,49,6272
1787,49,6272
1788,49,6272
1789,49,6272
1790,49,6272
1791,49,6272
1792,49,6272
1793,49,6272
1794,49,6272
1795,49,6272
1796,49,6272
1797,49,6272
1798,49,6272
1799,49,6272
1800,49,6272
1801,49,6272
1802,49,6272
1803,49,6272
1804,48,6144
1805,48,6144
1806,48,6144
1807,48,6144
1808,48,6144
1809,48,6144
1810,48,6144
1811,48,6144
1812,48,6144
1813,49,6272
1814,49,6272
1815,49,6272
1816,49,6272
1817,50,6400
1818,50,6400
1819,50,6400
1820,50,6400
1821,50,6400
1822,50,6400
1823,50,6400
1824,49,6272
1825,49,6272
1826,48,6144
1827,48,6144
1828,48,6144
1829,48,6144
1830,48,6144
1831,49,6272
1832,49,6272
1833,48,6144
1834,48,6144
1835,48,6144
1836,48,6144
1837,48,6144
1838,48,6144
1839,48,6144
1840,47,6016
1841,49,6272
1842,50,6400
1843,50,6400
1844,49,6272
1845,49,6272
1846,49,6272
1847,50,6400
1848,49,6272
1849,49,6272
1850,49,6272
1851,49,6272
1852,48,6144
1853,49,6272
1854,48,6144
1855,48,6144
1856,48,6144
1857,48,6144
1858,48,6144
1859,48,6144
1860,48,6144
1861,48,6144
1862,48,6144
1863,49,6272
1864,49,6272
1865,49,6272
1866,49,6272
1867,50,6400
1868,50,6400
1869,50,6400
1870,50,6400
1871,50,6400
1872,50,6400
1873,49,6272
1874,49,6272
1875,49,6272
1876,49,6272
1877,49,6272
1878,49,6272
1879,49,6272
1880,49,6272
1881,49,6272
1882,49,6272
1883,49,6272
1884,49,6272
1885,49,6272
1886,50,6400
1887,50,6400
1888,50,6400
1889,50,6400
1890,50,6400
1891,50,6400
1892,50,6400
1893,51,6528
1894,51,6528
1895,50,6400
1896,51,6528
1897,50,6400
1898,50,6400
1899,51,6528
1900,51,6528
1901,48,6144
1902,48,6144
1903,48,6144
1904,48,6144
1905,48,6144
1906,48,6144
1907,48,6144
1908,49,6272
1909,49,6272
1910,49,6272
1911,49,6272
1912,47,6016
1913,47,6016
1914,48,6144
1915,48,6144
1916,48,6144
1917,48,6144
1918,48,6144
1919,48,6144
1920,48,6144
1921,48,6144
1922,48,6144
1923,48,6144
1924,48,6144
1925,49,6272
1926,49,6272
1927,49,6272
1928,49,6272
1929,50,6400
1930,50,6400
1931,50,6400
1932,50,6400
1933,50,6400
1934,50,6400
1935,50,6400
1936,49,6272
1937,49,6272
1938,49,6272
1939,49,6272
1940,48,6144
1941,48,6144
1942,48,6144
1943,47,6016
1944,48,6144
1945,49,6272
1946,49,6272
1947,50,6400
1948,49,6272
1949,49,6272
1950,48,6144
1951,48,6144
1952,48,6144
1953,48,6144
1954,49,6272
1955,49,6272
1956,49,6272
1957,49,6272
1958,50,6400
1959,50,6400
1960,50,6400
1961,50,6400
1962,51,6528
1963,51,6528
1964,49,6272
1965,49,6272
1966,49,6272
1967,49,6272
1968,50,6400
1969,49,6272
1970,49,6272
1971,49,6272
1972,49,6272
1973,49,6272
1974,49,6272
1975,49,6272
1976,50,6400
1977,50,6400
1978,50,6400
1979,50,6400
1980,50,6400
1981,50,6400
1982,50,6400
1983,50,6400
1984,51,6528
1985,51,6528
1986,51,6528
1987,51,6528
1988,50,6400
1989,51,6528
1990,51,6528
1991,51,6528
1992,51,6528
1993,52,6656
1994,50,6400
1995,50,6400
1996,50,6400
1997,50,6400
1998,51,6528
1999,51,6528
2000,51,6528
