RandomSeed,95847,Population size:128,Bit Length:64,Crossover Rate:0,Mutation Rate:0.005
gen,BestFitness,FitnessEval
1,42,5376
2,37,4736
3,37,4736
4,37,4736
5,38,4864
6,38,4864
7,40,5120
8,40,5120
9,40,5120
10,40,5120
11,40,5120
12,39,4992
13,40,5120
14,40,5120
15,41,5248
16,42,5376
17,41,5248
18,41,5248
19,42,5376
20,42,5376
21,42,5376
22,43,5504
23,43,5504
24,43,5504
25,43,5504
26,43,5504
27,43,5504
28,43,5504
29,43,5504
30,43,5504
31,43,5504
32,43,5504
33,43,5504
34,44,5632
35,43,5504
36,44,5632
37,44,5632
38,44,5632
39,44,5632
40,44,5632
41,45,5760
42,45,5760
43,44,5632
44,44,5632
45,44,5632
46,44,5632
47,44,5632
48,44,5632
49,44,5632
50,45,5760
51,45,5760
52,45,5760
53,46,5888
54,46,5888
55,46,5888
56,46,5888
57,44,5632
58,45,5760
59,45,5760
60,45,5760
61,45,5760
62,45,5760
63,45,5760
64,45,5760
65,45,5760
66,45,5760
67,45,5760
68,45,5760
69,45,5760
70,45,5760
71,45,5760
72,45,5760
73,45,5760
74,45,5760
75,46,5888
76,44,5632
77,43,5504
78,43,5504
79,43,5504
80,43,5504
81,43,5504
82,43,5504
83,44,5632
84,44,5632
85,44,5632
86,44,5632
87,44,5632
88,44,5632
89,46,5888
90,46,5888
91,46,5888
92,44,5632
93,45,5760
94,45,5760
95,44,5632
96,44,5632
97,44,5632
98,44,5632
99,44,5632
100,43,5504
101,43,5504
102,43,5504
103,43,5504
104,44,5632
105,44,5632
106,44,5632
107,45,5760
108,45,5760
109,46,5888
110,46,5888
111,44,5632
112,44,5632
113,46,5888
114,45,5760
115,45,5760
116,43,5504
117,43,5504
118,44,5632
119,44,5632
120,44,5632
121,43,5504
122,43,5504
123,42,5376
124,43,5504
125,44,5632
126,44,5632
127,44,5632
128,44,5632
129,45,5760
130,45,5760
131,45,5760
132,45,5760
133,45,5760
134,45,5760
135,45,5760
136,45,5760
137,45,5760
138,46,5888
139,46,5888
140,45,5760
141,45,5760
142,46,5888
143,45,5760
144,46,5888
145,46,5888
146,46,5888
147,46,5888
148,46,5888
149,46,5888
150,46,5888
151,46,5888
152,46,5888
153,46,5888
154,46,5888
155,46,5888
156,45,5760
157,45,5760
158,45,5760
159,45,5760
160,45,5760
161,45,5760
162,46,5888
163,46,5888
164,46,5888
165,46,5888
166,46,5888
167,47,6016
168,48,6144
169,49,6272
170,48,6144
171,48,6144
172,49,6272
173,49,6272
174,49,6272
175,49,6272
176,50,6400
177,50,6400
178,50,6400
179,50,6400
180,48,6144
181,48,6144
182,48,6144
183,48,6144
184,48,6144
185,49,6272
186,49,6272
187,49,6272
188,50,6400
189,50,6400
190,51,6528
191,51,6528
192,51,6528
193,51,6528
194,52,6656
195,52,6656
196,52,6656
197,52,6656
198,52,6656
199,52,6656
200,52,6656
201,52,6656
202,52,6656
203,51,6528
204,51,6528
205,52,6656
206,51,6528
207,51,6528
208,51,6528
209,51,6528
210,51,6528
211,51,6528
212,52,6656
213,52,6656
214,52,6656
215,52,6656
216,50,6400
217,51,6528
218,51,6528
219,51,6528
220,51,6528
221,51,6528
222,51,6528
223,51,6528
224,52,6656
225,51,6528
226,51,6528
227,52,6656
228,52,6656
229,52,6656
230,52,6656
231,52,6656
232,51,6528
233,52,6656
234,51,6528
235,51,6528
236,50,6400
237,50,6400
238,50,6400
239,50,6400
240,50,6400
241,50,6400
242,50,6400
243,49,6272
244,50,6400
245,50,6400
246,49,6272
247,49,6272
248,49,6272
249,50,6400
250,49,6272
251,49,6272
252,50,6400
253,50,6400
254,50,6400
255,50,6400
256,51,6528
257,51,6528
258,51,6528
259,51,6528
260,51,6528
261,50,6400
262,50,6400
263,50,6400
264,50,6400
265,50,6400
266,50,6400
267,51,6528
268,51,6528
269,51,6528
270,51,6528
271,51,6528
272,51,6528
273,50,6400
274,50,6400
275,49,6272
276,49,6272
277,50,6400
278,49,6272
279,50,6400
280,50,6400
281,51,6528
282,51,6528
283,52,6656
284,51,6528
285,51,6528
286,51,6528
287,51,6528
288,51,6528
289,51,6528
290,52,6656
291,51,6528
292,51,6528
293,52,6656
294,52,6656
295,52,6656
296,52,6656
297,53,6784
298,50,6400
299,49,6272
300,49,6272
301,48,6144
302,48,6144
303,49,6272
304,49,6272
305,49,6272
306,49,6272
307,49,6272
308,50,6400
309,50,6400
310,49,6272
311,49,6272
312,49,6272
313,49,6272
314,48,6144
315,48,6144
316,49,6272
317,49,6272
318,49,6272
319,48,6144
320,48,6144
321,49,6272
322,50,6400
323,50,6400
324,50,6400
325,51,6528
326,50,6400
327,50,6400
328,50,6400
329,52,6656
330,52,6656
331,52,6656
332,52,6656
333,52,6656
334,50,6400
335,51,6528
336,50,6400
337,50,6400
338,50,6400
339,50,6400
340,50,6400
341,50,6400
342,50,6400
343,49,6272
344,49,6272
345,50,6400
346,51,6528
347,51,6528
348,51,6528
349,51,6528
350,51,6528
351,51,6528
352,51,6528
353,51,6528
354,51,6528
355,52,6656
356,51,6528
357,51,6528
358,51,6528
359,51,6528
360,51,6528
361,51,6528
362,51,6528
363,51,6528
364,51,6528
365,52,6656
366,52,6656
367,52,6656
368,52,6656
369,52,6656
370,53,6784
371,53,6784
372,53,6784
373,53,6784
374,52,6656
375,52,6656
376,53,6784
377,53,6784
378,53,6784
379,52,6656
380,52,6656
381,52,6656
382,52,6656
383,52,6656
384,52,6656
385,52,6656
386,52,6656
387,52,6656
388,52,6656
389,52,6656
390,52,6656
391,52,6656
392,52,6656
393,52,6656
394,51,6528
395,52,6656
396,52,6656
397,52,6656
398,52,6656
399,52,6656
400,52,6656
401,52,6656
402,52,6656
403,52,6656
404,52,6656
405,52,6656
406,52,6656
407,53,6784
408,53,6784
409,52,6656
410,52,6656
411,51,6528
412,51,6528
413,51,6528
414,51,6528
415,51,6528
416,52,6656
417,51,6528
418,51,6528
419,52,6656
420,53,6784
421,52,6656
422,52,6656
423,52,6656
424,52,6656
425,52,6656
426,52,6656
427,52,6656
428,52,6656
429,52,6656
430,52,6656
431,52,6656
432,52,6656
433,51,6528
434,51,6528
435,52,6656
436,51,6528
437,52,6656
438,53,6784
439,51,6528
440,52,6656
441,52,6656
442,51,6528
443,51,6528
444,51,6528
445,51,6528
446,51,6528
447,51,6528
448,51,6528
449,52,6656
450,51,6528
451,51,6528
452,51,6528
453,52,6656
454,51,6528
455,51,6528
456,51,6528
457,51,6528
458,51,6528
459,51,6528
460,51,6528
461,51,6528
462,52,6656
463,52,6656
464,52,6656
465,51,6528
466,51,6528
467,51,6528
468,51,6528
469,50,6400
470,50,6400
471,50,6400
472,51,6528
473,50,6400
474,50,6400
475,50,6400
476,51,6528
477,51,6528
478,51,6528
479,51,6528
480,51,6528
481,51,6528
482,51,6528
483,51,6528
484,50,6400
485,51,6528
486,51,6528
487,51,6528
488,51,6528
489,51,6528
490,52,6656
491,53,6784
492,53,6784
493,53,6784
494,54,6912
495,54,6912
496,52,6656
497,53,6784
498,53,6784
499,53,6784
500,53,6784
501,53,6784
502,53,6784
503,52,6656
504,52,6656
505,52,6656
506,53,6784
507,53,6784
508,51,6528
509,52,6656
510,52,6656
511,52,6656
512,52,6656
513,51,6528
514,51,6528
515,51,6528
516,51,6528
517,51,6528
518,51,6528
519,51,6528
520,51,6528
521,51,6528
522,51,6528
523,51,6528
524,51,6528
525,51,6528
526,51,6528
527,51,6528
528,51,6528
529,51,6528
530,51,6528
531,50,6400
532,50,6400
533,50,6400
534,50,6400
535,50,6400
536,50,6400
537,50,6400
538,48,6144
539,48,6144
540,48,6144
541,48,6144
542,47,6016
543,47,6016
544,47,6016
545,48,6144
546,47,6016
547,47,6016
548,48,6144
549,48,6144
550,48,6144
551,48,6144
552,48,6144
553,47,6016
554,47,6016
555,47,6016
556,47,6016
557,48,6144
558,48,6144
559,47,6016
560,48,6144
561,48,6144
562,48,6144
563,49,6272
564,48,6144
565,48,6144
566,48,6144
567,49,6272
568,50,6400
569,49,6272
570,49,6272
571,49,6272
572,49,6272
573,50,6400
574,50,6400
575,49,6272
576,49,6272
577,49,6272
578,52,6656
579,50,6400
580,49,6272
581,48,6144
582,48,6144
583,47,6016
584,47,6016
585,48,6144
586,48,6144
587,48,6144
588,47,6016
589,48,6144
590,48,6144
591,48,6144
592,49,6272
593,49,6272
594,49,6272
595,49,6272
596,49,6272
597,49,6272
598,49,6272
599,49,6272
600,49,6272
601,49,6272
602,47,6016
603,48,6144
604,48,6144
605,48,6144
606,48,6144
607,48,6144
608,47,6016
609,48,6144
610,48,6144
611,48,6144
612,48,6144
613,48,6144
614,48,6144
615,49,6272
616,48,6144
617,48,6144
618,48,6144
619,48,6144
620,46,5888
621,47,6016
622,47,6016
623,47,6016
624,47,6016
625,48,6144
626,48,6144
627,48,6144
628,48,6144
629,48,6144
630,48,6144
631,48,6144
632,48,6144
633,49,6272
634,49,6272
635,49,6272
636,49,6272
637,49,6272
638,49,6272
639,49,6272
640,49,6272
641,49,6272
642,49,6272
643,49,6272
644,49,6272
645,49,6272
646,49,6272
647,49,6272
648,49,6272
649,49,6272
650,49,6272
651,49,6272
652,49,6272
653,50,6400
654,50,6400
655,50,6400
656,49,6272
657,50,6400
658,50,6400
659,50,6400
660,49,6272
661,49,6272
662,49,6272
663,49,6272
664,48,6144
665,49,6272
666,49,6272
667,48,6144
668,49,6272
669,48,6144
670,48,6144
671,48,6144
672,49,6272
673,47,6016
674,48,6144
675,48,6144
676,48,6144
677,49,6272
678,49,6272
679,50,6400
680,50,6400
681,50,6400
682,50,6400
683,50,6400
684,50,6400
685,50,6400
686,49,6272
687,49,6272
688,49,6272
689,50,6400
690,48,6144
691,48,6144
692,48,6144
693,48,6144
694,48,6144
695,49,6272
696,49,6272
697,48,6144
698,48,6144
699,48,6144
700,48,6144
701,48,6144
702,48,6144
703,47,6016
704,48,6144
705,46,5888
706,47,6016
707,46,5888
708,46,5888
709,47,6016
710,47,6016
711,47,6016
712,47,6016
713,47,6016
714,47,6016
715,48,6144
716,48,6144
717,46,5888
718,46,5888
719,47,6016
720,46,5888
721,46,5888
722,46,5888
723,47,6016
724,47,6016
725,48,6144
726,48,6144
727,46,5888
728,47,6016
729,47,6016
730,47,6016
731,47,6016
732,47,6016
733,47,6016
734,48,6144
735,49,6272
736,49,6272
737,49,6272
738,49,6272
739,50,6400
740,49,6272
741,49,6272
742,50,6400
743,50,6400
744,48,6144
745,48,6144
746,48,6144
747,49,6272
748,50,6400
749,50,6400
750,49,6272
751,48,6144
752,48,6144
753,48,6144
754,48,6144
755,48,6144
756,49,6272
757,49,6272
758,49,6272
759,49,6272
760,50,6400
761,50,6400
762,50,6400
763,50,6400
764,50,6400
765,50,6400
766,50,6400
767,50,6400
768,51,6528
769,51,6528
770,51,6528
771,51,6528
772,51,6528
773,51,6528
774,51,6528
775,52,6656
776,51,6528
777,51,6528
778,51,6528
779,51,6528
780,52,6656
781,52,6656
782,52,6656
783,52,6656
784,52,6656
785,53,6784
786,53,6784
787,53,6784
788,53,6784
789,52,6656
790,52,6656
791,51,6528
792,51,6528
793,49,6272
794,50,6400
795,50,6400
796,50,6400
797,51,6528
798,51,6528
799,50,6400
800,50,6400
801,50,6400
802,50,6400
803,49,6272
804,49,6272
805,49,6272
806,50,6400
807,50,6400
808,50,6400
809,51,6528
810,51,6528
811,51,6528
812,51,6528
813,51,6528
814,51,6528
815,52,6656
816,52,6656
817,51,6528
818,51,6528
819,52,6656
820,52,6656
821,52,6656
822,52,6656
823,52,6656
824,52,6656
825,52,6656
826,52,6656
827,52,6656
828,52,6656
829,52,6656
830,52,6656
831,52,6656
832,52,6656
833,52,6656
834,53,6784
835,54,6912
836,54,6912
837,55,7040
838,54,6912
839,54,6912
840,54,6912
841,54,6912
842,54,6912
843,53,6784
844,54,6912
845,54,6912
846,54,6912
847,55,7040
848,54,6912
849,55,7040
850,55,7040
851,55,7040
852,55,7040
853,55,7040
854,55,7040
855,54,6912
856,54,6912
857,54,6912
858,53,6784
859,53,6784
860,53,6784
861,53,6784
862,53,6784
863,53,6784
864,52,6656
865,53,6784
866,53,6784
867,53,6784
868,53,6784
869,54,6912
870,54,6912
871,54,6912
872,54,6912
873,54,6912
874,54,6912
875,54,6912
876,54,6912
877,54,6912
878,54,6912
879,54,6912
880,54,6912
881,54,6912
882,54,6912
883,54,6912
884,54,6912
885,54,6912
886,52,6656
887,51,6528
888,51,6528
889,51,6528
890,51,6528
891,51,6528
892,51,6528
893,51,6528
894,50,6400
895,49,6272
896,49,6272
897,48,6144
898,49,6272
899,49,6272
900,50,6400
901,50,6400
902,50,6400
903,50,6400
904,49,6272
905,48,6144
906,47,6016
907,47,6016
908,47,6016
909,47,6016
910,47,6016
911,46,5888
912,47,6016
913,47,6016
914,47,6016
915,47,6016
916,47,6016
917,46,5888
918,46,5888
919,46,5888
920,46,5888
921,47,6016
922,47,6016
923,47,6016
924,46,5888
925,46,5888
926,47,6016
927,46,5888
928,46,5888
929,47,6016
930,46,5888
931,45,5760
932,45,5760
933,46,5888
934,46,5888
935,46,5888
936,45,5760
937,46,5888
938,45,5760
939,46,5888
940,46,5888
941,46,5888
942,46,5888
943,46,5888
944,46,5888
945,46,5888
946,45,5760
947,47,6016
948,47,6016
949,47,6016
950,49,6272
951,47,6016
952,47,6016
953,48,6144
954,47,6016
955,47,6016
956,47,6016
957,47,6016
958,47,6016
959,47,6016
960,47,6016
961,47,6016
962,48,6144
963,48,6144
964,47,6016
965,47,6016
966,47,6016
967,47,6016
968,47,6016
969,47,6016
970,48,6144
971,48,6144
972,45,5760
973,45,5760
974,46,5888
975,46,5888
976,46,5888
977,45,5760
978,45,5760
979,45,5760
980,44,5632
981,45,5760
982,45,5760
983,45,5760
984,45,5760
985,45,5760
986,44,5632
987,45,5760
988,45,5760
989,44,5632
990,44,5632
991,46,5888
992,46,5888
993,48,6144
994,46,5888
995,46,5888
996,46,5888
997,46,5888
998,46,5888
999,47,6016
1000,47,6016
1001,48,6144
1002,46,5888
1003,46,5888
1004,46,5888
1005,46,5888
1006,46,5888
1007,47,6016
1008,46,5888
1009,46,5888
1010,47,6016
1011,46,5888
1012,47,6016
1013,47,6016
1014,46,5888
1015,47,6016
1016,47,6016
1017,47,6016
1018,47,6016
1019,47,6016
1020,47,6016
1021,47,6016
1022,47,6016
1023,47,6016
1024,48,6144
1025,47,6016
1026,47,6016
1027,48,6144
1028,47,6016
1029,48,6144
1030,48,6144
1031,48,6144
1032,49,6272
1033,49,6272
1034,49,6272
1035,49,6272
1036,48,6144
1037,48,6144
1038,47,6016
1039,47,6016
1040,46,5888
1041,46,5888
1042,46,5888
1043,47,6016
1044,47,6016
1045,47,6016
1046,46,5888
1047,46,5888
1048,46,5888
1049,46,5888
1050,46,5888
1051,46,5888
1052,46,5888
1053,46,5888
1054,46,5888
1055,46,5888
1056,46,5888
1057,46,5888
1058,46,5888
1059,47,6016
1060,47,6016
1061,47,6016
1062,47,6016
1063,46,5888
1064,46,5888
1065,46,5888
1066,47,6016
1067,47,6016
1068,48,6144
1069,48,6144
1070,47,6016
1071,47,6016
1072,46,5888
1073,47,6016
1074,47,6016
1075,46,5888
1076,46,5888
1077,46,5888
1078,46,5888
1079,46,5888
1080,46,5888
1081,46,5888
1082,46,5888
1083,46,5888
1084,46,5888
1085,46,5888
1086,45,5760
1087,46,5888
1088,46,5888
1089,46,5888
1090,46,5888
1091,46,5888
1092,46,5888
1093,46,5888
1094,46,5888
1095,46,5888
1096,46,5888
1097,46,5888
1098,46,5888
1099,46,5888
1100,47,6016
1101,47,6016
1102,46,5888
1103,46,5888
1104,46,5888
1105,48,6144
1106,47,6016
1107,47,6016
1108,47,6016
1109,48,6144
1110,48,6144
1111,49,6272
1112,49,6272
1113,50,6400
1114,49,6272
1115,50,6400
1116,48,6144
1117,48,6144
1118,48,6144
1119,48,6144
1120,48,6144
1121,47,6016
1122,48,6144
1123,49,6272
1124,49,6272
1125,49,6272
1126,49,6272
1127,50,6400
1128,49,6272
1129,48,6144
1130,48,6144
1131,48,6144
1132,49,6272
1133,48,6144
1134,48,6144
1135,48,6144
1136,49,6272
1137,48,6144
1138,49,6272
1139,49,6272
1140,48,6144
1141,48,6144
1142,49,6272
1143,49,6272
1144,49,6272
1145,49,6272
1146,50,6400
1147,50,6400
1148,50,6400
1149,51,6528
1150,51,6528
1151,50,6400
1152,50,6400
1153,50,6400
1154,50,6400
1155,50,6400
1156,50,6400
1157,52,6656
1158,52,6656
1159,52,6656
1160,52,6656
1161,53,6784
1162,52,6656
1163,52,6656
1164,51,6528
1165,51,6528
1166,51,6528
1167,50,6400
1168,48,6144
1169,48,6144
1170,48,6144
1171,48,6144
1172,48,6144
1173,49,6272
1174,49,6272
1175,49,6272
1176,49,6272
1177,48,6144
1178,48,6144
1179,49,6272
1180,49,6272
1181,49,6272
1182,49,6272
1183,49,6272
1184,50,6400
1185,49,6272
1186,49,6272
1187,48,6144
1188,49,6272
1189,48,6144
1190,49,6272
1191,49,6272
1192,49,6272
1193,49,6272
1194,48,6144
1195,48,6144
1196,49,6272
1197,49,6272
1198,49,6272
1199,49,6272
1200,49,6272
1201,49,6272
1202,49,6272
1203,49,6272
1204,49,6272
1205,49,6272
1206,50,6400
1207,50,6400
1208,49,6272
1209,49,6272
1210,50,6400
1211,50,6400
1212,50,6400
1213,50,6400
1214,50,6400
1215,50,6400
1216,50,6400
1217,51,6528
1218,51,6528
1219,50,6400
1220,51,6528
1221,51,6528
1222,51,6528
1223,51,6528
1224,51,6528
1225,51,6528
1226,51,6528
1227,52,6656
1228,52,6656
1229,51,6528
1230,51,6528
1231,52,6656
1232,52,6656
1233,52,6656
1234,50,6400
1235,50,6400
1236,50,6400
1237,50,6400
1238,49,6272
1239,50,6400
1240,50,6400
1241,50,6400
1242,50,6400
1243,50,6400
1244,50,6400
1245,50,6400
1246,50,6400
1247,50,6400
1248,49,6272
1249,49,6272
1250,48,6144
1251,48,6144
1252,48,6144
1253,48,6144
1254,48,6144
1255,48,6144
1256,48,6144
1257,49,6272
1258,48,6144
1259,48,6144
1260,48,6144
1261,49,6272
1262,50,6400
1263,50,6400
1264,51,6528
1265,51,6528
1266,51,6528
1267,51,6528
1268,51,6528
1269,51,6528
1270,51,6528
1271,51,6528
1272,49,6272
1273,49,6272
1274,49,6272
1275,49,6272
1276,50,6400
1277,49,6272
1278,50,6400
1279,50,6400
1280,51,6528
1281,51,6528
1282,51,6528
1283,51,6528
1284,52,6656
1285,52,6656
1286,52,6656
1287,52,6656
1288,52,6656
1289,52,6656
1290,51,6528
1291,50,6400
1292,50,6400
1293,50,6400
1294,50,6400
1295,51,6528
1296,51,6528
1297,51,6528
1298,51,6528
1299,51,6528
1300,51,6528
1301,51,6528
1302,51,6528
1303,51,6528
1304,52,6656
1305,52,6656
1306,50,6400
1307,50,6400
1308,51,6528
1309,50,6400
1310,50,6400
1311,50,6400
1312,49,6272
1313,50,6400
1314,50,6400
1315,49,6272
1316,50,6400
1317,50,6400
1318,49,6272
1319,49,6272
1320,49,6272
1321,49,6272
1322,48,6144
1323,49,6272
1324,49,6272
1325,49,6272
1326,49,6272
1327,49,6272
1328,50,6400
1329,49,6272
1330,49,6272
1331,50,6400
1332,50,6400
1333,50,6400
1334,50,6400
1335,50,6400
1336,50,6400
1337,51,6528
1338,51,6528
1339,52,6656
1340,52,6656
1341,50,6400
1342,51,6528
1343,51,6528
1344,48,6144
1345,48,6144
1346,48,6144
1347,48,6144
1348,47,6016
1349,47,6016
1350,47,6016
1351,47,6016
1352,47,6016
1353,47,6016
1354,47,6016
1355,46,5888
1356,46,5888
1357,46,5888
1358,46,5888
1359,47,6016
1360,48,6144
1361,47,6016
1362,47,6016
1363,47,6016
1364,47,6016
1365,47,6016
1366,46,5888
1367,46,5888
1368,47,6016
1369,47,6016
1370,48,6144
1371,48,6144
1372,50,6400
1373,50,6400
1374,50,6400
1375,49,6272
1376,49,6272
1377,49,6272
1378,49,6272
1379,48,6144
1380,48,6144
1381,48,6144
1382,48,6144
1383,48,6144
1384,48,6144
1385,48,6144
1386,48,6144
1387,49,6272
1388,48,6144
1389,48,6144
1390,47,6016
1391,47,6016
1392,48,6144
1393,49,6272
1394,47,6016
1395,47,6016
1396,48,6144
1397,47,6016
1398,47,6016
1399,47,6016
1400,47,6016
1401,48,6144
1402,48,6144
1403,49,6272
1404,49,6272
1405,49,6272
1406,49,6272
1407,49,6272
1408,49,6272
1409,50,6400
1410,50,6400
1411,50,6400
1412,50,6400
1413,51,6528
1414,47,6016
1415,48,6144
1416,46,5888
1417,46,5888
1418,47,6016
1419,48,6144
1420,49,6272
1421,48,6144
1422,48,6144
1423,48,6144
1424,47,6016
1425,47,6016
1426,47,6016
1427,47,6016
1428,47,6016
1429,46,5888
1430,46,5888
1431,46,5888
1432,47,6016
1433,47,6016
1434,47,6016
1435,47,6016
1436,46,5888
1437,46,5888
1438,46,5888
1439,46,5888
1440,46,5888
1441,46,5888
1442,46,5888
1443,46,5888
1444,47,6016
1445,46,5888
1446,46,5888
1447,46,5888
1448,46,5888
1449,46,5888
1450,46,5888
1451,46,5888
1452,46,5888
1453,46,5888
1454,46,5888
1455,47,6016
1456,46,5888
1457,46,5888
1458,47,6016
1459,47,6016
1460,47,6016
1461,48,6144
1462,48,6144
1463,48,6144
1464,48,6144
1465,48,6144
1466,48,6144
1467,48,6144
1468,48,6144
1469,49,6272
1470,49,6272
1471,50,6400
1472,49,6272
1473,49,6272
1474,49,6272
1475,49,6272
1476,49,6272
1477,49,6272
1478,50,6400
1479,50,6400
1480,50,6400
1481,50,6400
1482,50,6400
1483,50,6400
1484,50,6400
1485,50,6400
1486,49,6272
1487,49,6272
1488,49,6272
1489,49,6272
1490,49,6272
1491,49,6272
1492,50,6400
1493,49,6272
1494,50,6400
1495,50,6400
1496,50,6400
1497,51,6528
1498,51,6528
1499,51,6528
1500,51,6528
1501,51,6528
1502,50,6400
1503,50,6400
1504,50,6400
1505,49,6272
1506,49,6272
1507,50,6400
1508,49,6272
1509,51,6528
1510,51,6528
1511,51,6528
1512,51,6528
1513,51,6528
1514,50,6400
1515,50,6400
1516,50,6400
1517,50,6400
1518,50,6400
1519,50,6400
1520,51,6528
1521,50,6400
1522,50,6400
1523,51,6528
1524,51,6528
1525,51,6528
1526,50,6400
1527,50,6400
1528,50,6400
1529,50,6400
1530,50,6400
1531,50,6400
1532,49,6272
1533,49,6272
1534,49,6272
1535,50,6400
1536,50,6400
1537,48,6144
1538,49,6272
1539,47,6016
1540,47,6016
1541,47,6016
1542,47,6016
1543,47,6016
1544,47,6016
1545,48,6144
1546,48,6144
1547,48,6144
1548,48,6144
1549,49,6272
1550,47,6016
1551,48,6144
1552,48,6144
1553,48,6144
1554,49,6272
1555,49,6272
1556,49,6272
1557,49,6272
1558,50,6400
1559,50,6400
1560,50,6400
1561,50,6400
1562,49,6272
1563,48,6144
1564,48,6144
1565,48,6144
1566,48,6144
1567,49,6272
1568,49,6272
1569,49,6272
1570,49,6272
1571,49,6272
1572,49,6272
1573,49,6272
1574,49,6272
1575,49,6272
1576,49,6272
1577,49,6272
1578,49,6272
1579,48,6144
1580,48,6144
1581,48,6144
1582,49,6272
1583,49,6272
1584,49,6272
1585,49,6272
1586,49,6272
1587,50,6400
1588,50,6400
1589,49,6272
1590,49,6272
1591,49,6272
1592,50,6400
1593,50,6400
1594,49,6272
1595,48,6144
1596,48,6144
1597,47,6016
1598,47,6016
1599,47,6016
1600,47,6016
1601,47,6016
1602,47,6016
1603,47,6016
1604,47,6016
1605,47,6016
1606,47,6016
1607,47,6016
1608,47,6016
1609,48,6144
1610,48,6144
1611,48,6144
1612,48,6144
1613,49,6272
1614,47,6016
1615,47,6016
1616,48,6144
1617,48,6144
1618,48,6144
1619,48,6144
1620,47,6016
1621,47,6016
1622,47,6016
1623,47,6016
1624,47,6016
1625,47,6016
1626,47,6016
1627,47,6016
1628,48,6144
1629,48,6144
1630,48,6144
1631,47,6016
1632,48,6144
1633,49,6272
1634,46,5888
1635,47,6016
1636,47,6016
1637,47,6016
1638,48,6144
1639,47,6016
1640,47,6016
1641,47,6016
1642,47,6016
1643,48,6144
1644,48,6144
1645,48,6144
1646,48,6144
1647,48,6144
1648,49,6272
1649,49,6272
1650,48,6144
1651,49,6272
1652,49,6272
1653,49,6272
1654,48,6144
1655,47,6016
1656,48,6144
1657,47,6016
1658,47,6016
1659,47,6016
1660,47,6016
1661,47,6016
1662,47,6016
1663,47,6016
1664,47,6016
1665,47,6016
1666,47,6016
1667,47,6016
1668,48,6144
1669,48,6144
1670,49,6272
1671,49,6272
1672,49,6272
1673,48,6144
1674,48,6144
1675,50,6400
1676,48,6144
1677,49,6272
1678,48,6144
1679,49,6272
1680,48,6144
1681,49,6272
1682,49,6272
1683,49,6272
1684,49,6272
1685,50,6400
1686,49,6272
1687,49,6272
1688,49,6272
1689,49,6272
1690,49,6272
1691,49,6272
1692,49,6272
1693,49,6272
1694,50,6400
1695,50,6400
1696,51,6528
1697,51,6528
1698,50,6400
1699,50,6400
1700,50,6400
1701,50,6400
1702,50,6400
1703,51,6528
1704,52,6656
1705,53,6784
1706,53,6784
1707,53,6784
1708,53,6784
1709,53,6784
1710,52,6656
1711,53,6784
1712,53,6784
1713,53,6784
1714,53,6784
1715,53,6784
1716,53,6784
1717,53,6784
1718,53,6784
1719,53,6784
1720,53,6784
1721,53,6784
1722,53,6784
1723,53,6784
1724,53,6784
1725,53,6784
1726,53,6784
1727,52,6656
1728,52,6656
1729,52,6656
1730,52,6656
1731,53,6784
1732,53,6784
1733,53,6784
1734,53,6784
1735,52,6656
1736,52,6656
1737,52,6656
1738,52,6656
1739,52,6656
1740,53,6784
1741,53,6784
1742,53,6784
1743,54,6912
1744,54,6912
1745,54,6912
1746,54,6912
1747,54,6912
1748,54,6912
1749,54,6912
1750,54,6912
1751,54,6912
1752,53,6784
1753,53,6784
1754,51,6528
1755,50,6400
1756,50,6400
1757,50,6400
1758,50,6400
1759,50,6400
1760,51,6528
1761,50,6400
1762,51,6528
1763,51,6528
1764,51,6528
1765,51,6528
1766,51,6528
1767,50,6400
1768,50,6400
1769,50,6400
1770,50,6400
1771,49,6272
1772,49,6272
1773,49,6272
1774,49,6272
1775,50,6400
1776,49,6272
1777,50,6400
1778,50,6400
1779,50,6400
1780,50,6400
1781,50,6400
1782,50,6400
1783,50,6400
1784,51,6528
1785,51,6528
1786,50,6400
1787,50,6400
1788,50,6400
1789,50,6400
1790,50,6400
1791,50,6400
1792,50,6400
1793,50,6400
1794,50,6400
1795,49,6272
1796,49,6272
1797,49,6272
1798,49,6272
1799,49,6272
1800,49,6272
1801,49,6272
1802,49,6272
1803,49,6272
1804,50,6400
1805,50,6400
1806,50,6400
1807,50,6400
1808,50,6400
1809,49,6272
1810,49,6272
1811,49,6272
1812,49,6272
1813,49,6272
1814,50,6400
1815,49,6272
1816,49,6272
1817,49,6272
1818,49,6272
1819,48,6144
1820,48,6144
1821,48,6144
1822,50,6400
1823,50,6400
1824,50,6400
1825,51,6528
1826,51,6528
1827,51,6528
1828,51,6528
1829,51,6528
1830,51,6528
1831,52,6656
1832,52,6656
1833,50,6400
1834,50,6400
1835,51,6528
1836,51,6528
1837,51,6528
1838,51,6528
1839,51,6528
1840,51,6528
1841,51,6528
1842,50,6400
1843,49,6272
1844,49,6272
1845,49,6272
1846,49,6272
1847,50,6400
1848,50,6400
1849,50,6400
1850,50,6400
1851,50,6400
1852,50,6400
1853,50,6400
1854,49,6272
1855,50,6400
1856,49,6272
1857,49,6272
1858,49,6272
1859,49,6272
1860,49,6272
1861,50,6400
1862,50,6400
1863,50,6400
1864,50,6400
1865,50,6400
1866,50,6400
1867,50,6400
1868,50,6400
1869,49,6272
1870,49,6272
1871,49,6272
1872,49,6272
1873,49,6272
1874,49,6272
1875,50,6400
1876,50,6400
1877,49,6272
1878,50,6400
1879,50,6400
1880,50,6400
1881,50,6400
1882,50,6400
1883,50,6400
1884,51,6528
1885,51,6528
1886,51,6528
1887,50,6400
1888,50,6400
1889,50,6400
1890,50,6400
1891,50,6400
1892,50,6400
1893,49,6272
1894,48,6144
1895,48,6144
1896,48,6144
1897,49,6272
1898,49,6272
1899,49,6272
1900,49,6272
1901,49,6272
1902,49,6272
1903,49,6272
1904,50,6400
1905,50,6400
1906,50,6400
1907,49,6272
1908,50,6400
1909,51,6528
1910,51,6528
1911,51,6528
1912,51,6528
1913,52,6656
1914,52,6656
1915,51,6528
1916,51,6528
1917,51,6528
1918,51,6528
1919,51,6528
1920,51,6528
1921,51,6528
1922,50,6400
1923,50,6400
1924,50,6400
1925,50,6400
1926,50,6400
1927,51,6528
1928,51,6528
1929,51,6528
1930,51,6528
1931,51,6528
1932,51,6528
1933,52,6656
1934,52,6656
1935,52,6656
1936,52,6656
1937,52,6656
1938,52,6656
1939,52,6656
1940,52,6656
1941,52,6656
1942,52,6656
1943,51,6528
1944,51,6528
1945,51,6528
1946,51,6528
1947,50,6400
1948,50,6400
1949,50,6400
1950,50,6400
1951,50,6400
1952,51,6528
1953,50,6400
1954,50,6400
1955,50,6400
1956,50,6400
1957,50,6400
1958,51,6528
1959,51,6528
1960,51,6528
1961,51,6528
1962,51,6528
1963,51,6528
1964,51,6528
1965,51,6528
1966,51,6528
1967,51,6528
1968,51,6528
1969,52,6656
1970,52,6656
1971,52,6656
1972,52,6656
1973,51,6528
1974,51,6528
1975,52,6656
1976,52,6656
1977,52,6656
1978,52,6656
1979,52,6656
1980,52,6656
1981,52,6656
1982,52,6656
1983,53,6784
1984,53,6784
1985,53,6784
1986,51,6528
1987,52,6656
1988,50,6400
1989,50,6400
1990,51,6528
1991,50,6400
1992,50,6400
1993,51,6528
1994,51,6528
1995,51,6528
1996,51,6528
1997,50,6400
1998,50,6400
1999,51,6528
2000,51,6528
