RandomSeed,26960,Population size:128,Bit Length:64,Crossover Rate:0,Mutation Rate:0.005
gen,BestFitness,FitnessEval
1,40,5120
2,40,5120
3,40,5120
4,40,5120
5,39,4992
6,40,5120
7,39,4992
8,39,4992
9,39,4992
10,39,4992
11,39,4992
12,39,4992
13,39,4992
14,39,4992
15,40,5120
16,39,4992
17,39,4992
18,39,4992
19,39,4992
20,39,4992
21,40,5120
22,39,4992
23,39,4992
24,39,4992
25,39,4992
26,40,5120
27,40,5120
28,40,5120
29,40,5120
30,40,5120
31,41,5248
32,40,5120
33,41,5248
34,42,5376
35,42,5376
36,41,5248
37,40,5120
38,41,5248
39,41,5248
40,41,5248
41,41,5248
42,41,5248
43,42,5376
44,43,5504
45,43,5504
46,42,5376
47,41,5248
48,42,5376
49,42,5376
50,42,5376
51,42,5376
52,42,5376
53,43,5504
54,45,5760
55,45,5760
56,45,5760
57,42,5376
58,42,5376
59,43,5504
60,43,5504
61,43,5504
62,43,5504
63,43,5504
64,43,5504
65,43,5504
66,43,5504
67,42,5376
68,42,5376
69,42,5376
70,43,5504
71,43,5504
72,42,5376
73,42,5376
74,42,5376
75,42,5376
76,42,5376
77,42,5376
78,42,5376
79,42,5376
80,42,5376
81,43,5504
82,43,5504
83,42,5376
84,42,5376
85,42,5376
86,42,5376
87,42,5376
88,41,5248
89,43,5504
90,42,5376
91,42,5376
92,44,5632
93,44,5632
94,44,5632
95,44,5632
96,44,5632
97,45,5760
98,45,5760
99,45,5760
100,44,5632
101,44,5632
102,45,5760
103,46,5888
104,46,5888
105,46,5888
106,47,6016
107,47,6016
108,48,6144
109,49,6272
110,49,6272
111,48,6144
112,49,6272
113,48,6144
114,46,5888
115,47,6016
116,47,6016
117,48,6144
118,48,6144
119,48,6144
120,47,6016
121,47,6016
122,47,6016
123,47,6016
124,47,6016
125,47,6016
126,48,6144
127,48,6144
128,46,5888
129,46,5888
130,47,6016
131,46,5888
132,46,5888
133,47,6016
134,47,6016
135,47,6016
136,47,6016
137,48,6144
138,48,6144
139,48,6144
140,48,6144
141,48,6144
142,47,6016
143,47,6016
144,47,6016
145,48,6144
146,48,6144
147,48,6144
148,48,6144
149,49,6272
150,49,6272
151,49,6272
152,49,6272
153,49,6272
154,49,6272
155,50,6400
156,50,6400
157,50,6400
158,50,6400
159,50,6400
160,50,6400
161,49,6272
162,50,6400
163,50,6400
164,50,6400
165,49,6272
166,49,6272
167,49,6272
168,49,6272
169,50,6400
170,50,6400
171,49,6272
172,49,6272
173,49,6272
174,48,6144
175,48,6144
176,49,6272
177,49,6272
178,49,6272
179,48,6144
180,49,6272
181,49,6272
182,48,6144
183,48,6144
184,49,6272
185,48,6144
186,48,6144
187,47,6016
188,48,6144
189,48,6144
190,48,6144
191,47,6016
192,48,6144
193,49,6272
194,49,6272
195,49,6272
196,49,6272
197,49,6272
198,49,6272
199,48,6144
200,49,6272
201,49,6272
202,48,6144
203,48,6144
204,48,6144
205,48,6144
206,48,6144
207,48,6144
208,49,6272
209,49,6272
210,49,6272
211,49,6272
212,49,6272
213,49,6272
214,49,6272
215,50,6400
216,50,6400
217,50,6400
218,49,6272
219,49,6272
220,50,6400
221,50,6400
222,50,6400
223,50,6400
224,50,6400
225,49,6272
226,49,6272
227,50,6400
228,49,6272
229,49,6272
230,49,6272
231,49,6272
232,49,6272
233,50,6400
234,49,6272
235,49,6272
236,49,6272
237,49,6272
238,49,6272
239,50,6400
240,49,6272
241,49,6272
242,50,6400
243,48,6144
244,48,6144
245,48,6144
246,48,6144
247,48,6144
248,49,6272
249,49,6272
250,49,6272
251,49,6272
252,50,6400
253,49,6272
254,49,6272
255,49,6272
256,49,6272
257,49,6272
258,49,6272
259,48,6144
260,48,6144
261,48,6144
262,48,6144
263,48,6144
264,49,6272
265,49,6272
266,49,6272
267,49,6272
268,48,6144
269,48,6144
270,48,6144
271,48,6144
272,49,6272
273,49,6272
274,49,6272
275,50,6400
276,50,6400
277,49,6272
278,49,6272
279,49,6272
280,49,6272
281,50,6400
282,50,6400
283,49,6272
284,49,6272
285,49,6272
286,49,6272
287,50,6400
288,50,6400
289,50,6400
290,50,6400
291,50,6400
292,50,6400
293,50,6400
294,50,6400
295,50,6400
296,50,6400
297,50,6400
298,50,6400
299,51,6528
300,51,6528
301,51,6528
302,51,6528
303,51,6528
304,51,6528
305,51,6528
306,51,6528
307,51,6528
308,51,6528
309,52,6656
310,52,6656
311,52,6656
312,52,6656
313,50,6400
314,50,6400
315,50,6400
316,50,6400
317,50,6400
318,50,6400
319,50,6400
320,50,6400
321,50,6400
322,50,6400
323,49,6272
324,49,6272
325,49,6272
326,49,6272
327,49,6272
328,49,6272
329,49,6272
330,49,6272
331,50,6400
332,49,6272
333,50,6400
334,50,6400
335,50,6400
336,50,6400
337,50,6400
338,50,6400
339,51,6528
340,50,6400
341,51,6528
342,51,6528
343,51,6528
344,49,6272
345,49,6272
346,50,6400
347,49,6272
348,49,6272
349,49,6272
350,50,6400
351,50,6400
352,50,6400
353,50,6400
354,50,6400
355,49,6272
356,49,6272
357,50,6400
358,50,6400
359,50,6400
360,50,6400
361,50,6400
362,50,6400
363,50,6400
364,50,6400
365,50,6400
366,51,6528
367,49,6272
368,50,6400
369,50,6400
370,50,6400
371,50,6400
372,51,6528
373,50,6400
374,50,6400
375,50,6400
376,51,6528
377,53,6784
378,53,6784
379,52,6656
380,51,6528
381,51,6528
382,51,6528
383,52,6656
384,51,6528
385,51,6528
386,51,6528
387,50,6400
388,50,6400
389,51,6528
390,51,6528
391,51,6528
392,50,6400
393,50,6400
394,50,6400
395,50,6400
396,51,6528
397,51,6528
398,51,6528
399,51,6528
400,51,6528
401,52,6656
402,52,6656
403,51,6528
404,51,6528
405,51,6528
406,51,6528
407,51,6528
408,52,6656
409,53,6784
410,51,6528
411,50,6400
412,50,6400
413,50,6400
414,51,6528
415,51,6528
416,51,6528
417,51,6528
418,50,6400
419,50,6400
420,50,6400
421,51,6528
422,51,6528
423,50,6400
424,51,6528
425,52,6656
426,52,6656
427,52,6656
428,52,6656
429,52,6656
430,52,6656
431,52,6656
432,53,6784
433,53,6784
434,51,6528
435,51,6528
436,51,6528
437,52,6656
438,52,6656
439,52,6656
440,51,6528
441,50,6400
442,49,6272
443,49,6272
444,49,6272
445,49,6272
446,49,6272
447,48,6144
448,48,6144
449,48,6144
450,48,6144
451,48,6144
452,48,6144
453,48,6144
454,49,6272
455,49,6272
456,49,6272
457,49,6272
458,49,6272
459,49,6272
460,48,6144
461,48,6144
462,49,6272
463,49,6272
464,49,6272
465,49,6272
466,49,6272
467,50,6400
468,49,6272
469,48,6144
470,48,6144
471,48,6144
472,49,6272
473,50,6400
474,47,6016
475,47,6016
476,48,6144
477,48,6144
478,48,6144
479,49,6272
480,48,6144
481,48,6144
482,48,6144
483,48,6144
484,48,6144
485,48,6144
486,49,6272
487,48,6144
488,47,6016
489,48,6144
490,48,6144
491,48,6144
492,48,6144
493,48,6144
494,48,6144
495,48,6144
496,48,6144
497,49,6272
498,49,6272
499,49,6272
500,50,6400
501,50,6400
502,47,6016
503,47,6016
504,47,6016
505,47,6016
506,48,6144
507,48,6144
508,48,6144
509,48,6144
510,48,6144
511,49,6272
512,49,6272
513,49,6272
514,49,6272
515,50,6400
516,50,6400
517,50,6400
518,50,6400
519,50,6400
520,50,6400
521,49,6272
522,49,6272
523,50,6400
524,51,6528
525,51,6528
526,51,6528
527,51,6528
528,50,6400
529,50,6400
530,50,6400
531,47,6016
532,48,6144
533,48,6144
534,49,6272
535,47,6016
536,47,6016
537,47,6016
538,47,6016
539,47,6016
540,47,6016
541,47,6016
542,47,6016
543,47,6016
544,47,6016
545,47,6016
546,47,6016
547,47,6016
548,48,6144
549,48,6144
550,48,6144
551,48,6144
552,49,6272
553,49,6272
554,49,6272
555,49,6272
556,49,6272
557,47,6016
558,47,6016
559,48,6144
560,48,6144
561,48,6144
562,47,6016
563,46,5888
564,46,5888
565,46,5888
566,46,5888
567,46,5888
568,45,5760
569,45,5760
570,45,5760
571,46,5888
572,46,5888
573,45,5760
574,45,5760
575,46,5888
576,46,5888
577,45,5760
578,46,5888
579,46,5888
580,46,5888
581,45,5760
582,45,5760
583,45,5760
584,45,5760
585,45,5760
586,45,5760
587,45,5760
588,45,5760
589,45,5760
590,45,5760
591,45,5760
592,45,5760
593,45,5760
594,45,5760
595,45,5760
596,45,5760
597,45,5760
598,45,5760
599,46,5888
600,46,5888
601,46,5888
602,46,5888
603,46,5888
604,47,6016
605,47,6016
606,47,6016
607,46,5888
608,46,5888
609,46,5888
610,46,5888
611,46,5888
612,46,5888
613,46,5888
614,46,5888
615,46,5888
616,46,5888
617,46,5888
618,46,5888
619,46,5888
620,46,5888
621,46,5888
622,46,5888
623,46,5888
624,46,5888
625,46,5888
626,46,5888
627,46,5888
628,46,5888
629,46,5888
630,46,5888
631,46,5888
632,46,5888
633,46,5888
634,44,5632
635,45,5760
636,45,5760
637,45,5760
638,45,5760
639,45,5760
640,45,5760
641,44,5632
642,44,5632
643,44,5632
644,45,5760
645,45,5760
646,44,5632
647,45,5760
648,45,5760
649,46,5888
650,46,5888
651,45,5760
652,45,5760
653,45,5760
654,45,5760
655,45,5760
656,46,5888
657,48,6144
658,48,6144
659,47,6016
660,48,6144
661,48,6144
662,48,6144
663,48,6144
664,46,5888
665,47,6016
666,47,6016
667,46,5888
668,46,5888
669,46,5888
670,46,5888
671,46,5888
672,46,5888
673,46,5888
674,46,5888
675,46,5888
676,47,6016
677,46,5888
678,47,6016
679,47,6016
680,47,6016
681,47,6016
682,47,6016
683,47,6016
684,47,6016
685,47,6016
686,47,6016
687,47,6016
688,47,6016
689,47,6016
690,48,6144
691,48,6144
692,46,5888
693,47,6016
694,47,6016
695,46,5888
696,47,6016
697,47,6016
698,47,6016
699,47,6016
700,47,6016
701,47,6016
702,47,6016
703,48,6144
704,47,6016
705,47,6016
706,47,6016
707,46,5888
708,44,5632
709,44,5632
710,45,5760
711,45,5760
712,46,5888
713,46,5888
714,46,5888
715,45,5760
716,46,5888
717,45,5760
718,45,5760
719,45,5760
720,45,5760
721,45,5760
722,45,5760
723,46,5888
724,45,5760
725,46,5888
726,46,5888
727,46,5888
728,46,5888
729,47,6016
730,47,6016
731,48,6144
732,47,6016
733,48,6144
734,48,6144
735,48,6144
736,48,6144
737,49,6272
738,49,6272
739,49,6272
740,49,6272
741,49,6272
742,49,6272
743,49,6272
744,50,6400
745,48,6144
746,47,6016
747,48,6144
748,48,6144
749,49,6272
750,49,6272
751,48,6144
752,49,6272
753,49,6272
754,49,6272
755,49,6272
756,50,6400
757,50,6400
758,50,6400
759,50,6400
760,50,6400
761,49,6272
762,45,5760
763,46,5888
764,44,5632
765,44,5632
766,44,5632
767,46,5888
768,45,5760
769,45,5760
770,45,5760
771,45,5760
772,45,5760
773,45,5760
774,46,5888
775,44,5632
776,45,5760
777,44,5632
778,44,5632
779,44,5632
780,44,5632
781,44,5632
782,44,5632
783,45,5760
784,44,5632
785,43,5504
786,43,5504
787,43,5504
788,44,5632
789,44,5632
790,45,5760
791,45,5760
792,45,5760
793,46,5888
794,46,5888
795,45,5760
796,44,5632
797,44,5632
798,44,5632
799,43,5504
800,43,5504
801,44,5632
802,43,5504
803,43,5504
804,44,5632
805,44,5632
806,44,5632
807,45,5760
808,43,5504
809,43,5504
810,43,5504
811,43,5504
812,43,5504
813,43,5504
814,43,5504
815,44,5632
816,44,5632
817,43,5504
818,43,5504
819,43,5504
820,43,5504
821,43,5504
822,44,5632
823,45,5760
824,46,5888
825,44,5632
826,45,5760
827,45,5760
828,46,5888
829,43,5504
830,43,5504
831,43,5504
832,43,5504
833,43,5504
834,43,5504
835,44,5632
836,44,5632
837,44,5632
838,44,5632
839,43,5504
840,42,5376
841,42,5376
842,42,5376
843,42,5376
844,42,5376
845,42,5376
846,42,5376
847,42,5376
848,44,5632
849,44,5632
850,44,5632
851,45,5760
852,46,5888
853,46,5888
854,47,6016
855,47,6016
856,47,6016
857,46,5888
858,46,5888
859,46,5888
860,46,5888
861,47,6016
862,46,5888
863,47,6016
864,47,6016
865,48,6144
866,47,6016
867,47,6016
868,48,6144
869,48,6144
870,48,6144
871,48,6144
872,48,6144
873,49,6272
874,49,6272
875,49,6272
876,49,6272
877,48,6144
878,48,6144
879,49,6272
880,49,6272
881,47,6016
882,47,6016
883,48,6144
884,47,6016
885,47,6016
886,47,6016
887,47,6016
888,48,6144
889,48,6144
890,48,6144
891,48,6144
892,48,6144
893,48,6144
894,49,6272
895,49,6272
896,49,6272
897,49,6272
898,49,6272
899,48,6144
900,48,6144
901,48,6144
902,48,6144
903,48,6144
904,48,6144
905,48,6144
906,49,6272
907,48,6144
908,48,6144
909,48,6144
910,48,6144
911,46,5888
912,46,5888
913,46,5888
914,46,5888
915,46,5888
916,46,5888
917,47,6016
918,47,6016
919,46,5888
920,47,6016
921,46,5888
922,46,5888
923,46,5888
924,46,5888
925,46,5888
926,47,6016
927,47,6016
928,47,6016
929,47,6016
930,48,6144
931,47,6016
932,47,6016
933,47,6016
934,47,6016
935,46,5888
936,47,6016
937,46,5888
938,46,5888
939,46,5888
940,47,6016
941,46,5888
942,46,5888
943,47,6016
944,48,6144
945,47,6016
946,47,6016
947,47,6016
948,47,6016
949,47,6016
950,47,6016
951,48,6144
952,47,6016
953,47,6016
954,47,6016
955,47,6016
956,47,6016
957,47,6016
958,47,6016
959,47,6016
960,47,6016
961,47,6016
962,47,6016
963,47,6016
964,47,6016
965,47,6016
966,47,6016
967,46,5888
968,47,6016
969,46,5888
970,46,5888
971,45,5760
972,45,5760
973,46,5888
974,46,5888
975,46,5888
976,46,5888
977,46,5888
978,46,5888
979,46,5888
980,46,5888
981,46,5888
982,47,6016
983,47,6016
984,47,6016
985,46,5888
986,46,5888
987,46,5888
988,46,5888
989,46,5888
990,46,5888
991,47,6016
992,46,5888
993,47,6016
994,46,5888
995,46,5888
996,47,6016
997,47,6016
998,47,6016
999,49,6272
1000,47,6016
1001,47,6016
1002,47,6016
1003,47,6016
1004,47,6016
1005,47,6016
1006,48,6144
1007,48,6144
1008,48,6144
1009,48,6144
1010,48,6144
1011,49,6272
1012,47,6016
1013,47,6016
1014,45,5760
1015,45,5760
1016,45,5760
1017,46,5888
1018,45,5760
1019,46,5888
1020,46,5888
1021,46,5888
1022,46,5888
1023,46,5888
1024,46,5888
1025,46,5888
1026,47,6016
1027,47,6016
1028,47,6016
1029,47,6016
1030,48,6144
1031,48,6144
1032,48,6144
1033,49,6272
1034,49,6272
1035,46,5888
1036,46,5888
1037,47,6016
1038,46,5888
1039,46,5888
1040,46,5888
1041,46,5888
1042,46,5888
1043,46,5888
1044,46,5888
1045,47,6016
1046,47,6016
1047,47,6016
1048,47,6016
1049,47,6016
1050,46,5888
1051,46,5888
1052,46,5888
1053,46,5888
1054,46,5888
1055,46,5888
1056,47,6016
1057,47,6016
1058,47,6016
1059,47,6016
1060,47,6016
1061,47,6016
1062,47,6016
1063,47,6016
1064,47,6016
1065,48,6144
1066,49,6272
1067,47,6016
1068,48,6144
1069,49,6272
1070,49,6272
1071,49,6272
1072,49,6272
1073,50,6400
1074,50,6400
1075,49,6272
1076,49,6272
1077,49,6272
1078,48,6144
1079,48,6144
1080,48,6144
1081,48,6144
1082,48,6144
1083,48,6144
1084,48,6144
1085,48,6144
1086,48,6144
1087,49,6272
1088,48,6144
1089,48,6144
1090,48,6144
1091,48,6144
1092,48,6144
1093,48,6144
1094,49,6272
1095,49,6272
1096,49,6272
1097,49,6272
1098,50,6400
1099,49,6272
1100,49,6272
1101,49,6272
1102,49,6272
1103,49,6272
1104,47,6016
1105,47,6016
1106,48,6144
1107,48,6144
1108,48,6144
1109,49,6272
1110,46,5888
1111,47,6016
1112,47,6016
1113,47,6016
1114,47,6016
1115,46,5888
1116,46,5888
1117,46,5888
1118,47,6016
1119,47,6016
1120,45,5760
1121,45,5760
1122,45,5760
1123,46,5888
1124,48,6144
1125,48,6144
1126,47,6016
1127,47,6016
1128,47,6016
1129,47,6016
1130,47,6016
1131,47,6016
1132,47,6016
1133,48,6144
1134,48,6144
1135,48,6144
1136,48,6144
1137,48,6144
1138,49,6272
1139,50,6400
1140,50,6400
1141,49,6272
1142,49,6272
1143,50,6400
1144,50,6400
1145,50,6400
1146,50,6400
1147,50,6400
1148,49,6272
1149,49,6272
1150,49,6272
1151,50,6400
1152,50,6400
1153,50,6400
1154,50,6400
1155,50,6400
1156,50,6400
1157,51,6528
1158,51,6528
1159,50,6400
1160,51,6528
1161,51,6528
1162,51,6528
1163,51,6528
1164,52,6656
1165,52,6656
1166,52,6656
1167,52,6656
1168,52,6656
1169,51,6528
1170,51,6528
1171,51,6528
1172,52,6656
1173,50,6400
1174,50,6400
1175,51,6528
1176,51,6528
1177,51,6528
1178,51,6528
1179,51,6528
1180,52,6656
1181,51,6528
1182,51,6528
1183,50,6400
1184,50,6400
1185,50,6400
1186,50,6400
1187,50,6400
1188,50,6400
1189,50,6400
1190,51,6528
1191,51,6528
1192,50,6400
1193,50,6400
1194,50,6400
1195,49,6272
1196,50,6400
1197,51,6528
1198,49,6272
1199,50,6400
1200,50,6400
1201,50,6400
1202,50,6400
1203,49,6272
1204,50,6400
1205,50,6400
1206,50,6400
1207,50,6400
1208,50,6400
1209,49,6272
1210,50,6400
1211,48,6144
1212,49,6272
1213,49,6272
1214,48,6144
1215,48,6144
1216,48,6144
1217,50,6400
1218,50,6400
1219,50,6400
1220,50,6400
1221,50,6400
1222,50,6400
1223,50,6400
1224,50,6400
1225,50,6400
1226,50,6400
1227,50,6400
1228,50,6400
1229,49,6272
1230,49,6272
1231,49,6272
1232,49,6272
1233,50,6400
1234,49,6272
1235,49,6272
1236,49,6272
1237,48,6144
1238,48,6144
1239,48,6144
1240,48,6144
1241,48,6144
1242,48,6144
1243,48,6144
1244,49,6272
1245,49,6272
1246,48,6144
1247,48,6144
1248,49,6272
1249,49,6272
1250,49,6272
1251,49,6272
1252,48,6144
1253,49,6272
1254,48,6144
1255,48,6144
1256,48,6144
1257,48,6144
1258,48,6144
1259,48,6144
1260,48,6144
1261,49,6272
1262,49,6272
1263,48,6144
1264,49,6272
1265,49,6272
1266,49,6272
1267,47,6016
1268,47,6016
1269,47,6016
1270,47,6016
1271,48,6144
1272,47,6016
1273,46,5888
1274,46,5888
1275,46,5888
1276,47,6016
1277,47,6016
1278,46,5888
1279,46,5888
1280,47,6016
1281,47,6016
1282,49,6272
1283,49,6272
1284,49,6272
1285,49,6272
1286,49,6272
1287,49,6272
1288,48,6144
1289,48,6144
1290,49,6272
1291,49,6272
1292,49,6272
1293,49,6272
1294,49,6272
1295,49,6272
1296,49,6272
1297,49,6272
1298,49,6272
1299,49,6272
1300,49,6272
1301,50,6400
1302,50,6400
1303,50,6400
1304,49,6272
1305,48,6144
1306,49,6272
1307,49,6272
1308,50,6400
1309,50,6400
1310,49,6272
1311,49,6272
1312,49,6272
1313,48,6144
1314,48,6144
1315,48,6144
1316,48,6144
1317,48,6144
1318,48,6144
1319,48,6144
1320,48,6144
1321,48,6144
1322,48,6144
1323,48,6144
1324,48,6144
1325,48,6144
1326,48,6144
1327,47,6016
1328,48,6144
1329,49,6272
1330,49,6272
1331,49,6272
1332,49,6272
1333,48,6144
1334,48,6144
1335,48,6144
1336,48,6144
1337,49,6272
1338,49,6272
1339,49,6272
1340,49,6272
1341,49,6272
1342,49,6272
1343,49,6272
1344,49,6272
1345,49,6272
1346,50,6400
1347,50,6400
1348,51,6528
1349,50,6400
1350,50,6400
1351,50,6400
1352,49,6272
1353,50,6400
1354,49,6272
1355,49,6272
1356,49,6272
1357,49,6272
1358,49,6272
1359,49,6272
1360,49,6272
1361,49,6272
1362,49,6272
1363,50,6400
1364,50,6400
1365,50,6400
1366,51,6528
1367,51,6528
1368,51,6528
1369,50,6400
1370,50,6400
1371,50,6400
1372,51,6528
1373,51,6528
1374,51,6528
1375,51,6528
1376,50,6400
1377,50,6400
1378,50,6400
1379,51,6528
1380,52,6656
1381,52,6656
1382,52,6656
1383,52,6656
1384,52,6656
1385,52,6656
1386,52,6656
1387,52,6656
1388,52,6656
1389,52,6656
1390,52,6656
1391,52,6656
1392,52,6656
1393,53,6784
1394,53,6784
1395,53,6784
1396,53,6784
1397,53,6784
1398,53,6784
1399,53,6784
1400,54,6912
1401,54,6912
1402,54,6912
1403,53,6784
1404,53,6784
1405,52,6656
1406,52,6656
1407,52,6656
1408,52,6656
1409,53,6784
1410,52,6656
1411,52,6656
1412,52,6656
1413,52,6656
1414,52,6656
1415,52,6656
1416,52,6656
1417,53,6784
1418,52,6656
1419,53,6784
1420,53,6784
1421,52,6656
1422,52,6656
1423,52,6656
1424,52,6656
1425,52,6656
1426,51,6528
1427,51,6528
1428,52,6656
1429,52,6656
1430,51,6528
1431,52,6656
1432,52,6656
1433,51,6528
1434,51,6528
1435,51,6528
1436,51,6528
1437,51,6528
1438,51,6528
1439,52,6656
1440,52,6656
1441,52,6656
1442,52,6656
1443,52,6656
1444,52,6656
1445,53,6784
1446,53,6784
1447,53,6784
1448,53,6784
1449,53,6784
1450,53,6784
1451,54,6912
1452,53,6784
1453,53,6784
1454,52,6656
1455,52,6656
1456,53,6784
1457,53,6784
1458,53,6784
1459,53,6784
1460,53,6784
1461,52,6656
1462,53,6784
1463,52,6656
1464,52,6656
1465,52,6656
1466,52,6656
1467,52,6656
1468,52,6656
1469,52,6656
1470,52,6656
1471,52,6656
1472,51,6528
1473,52,6656
1474,52,6656
1475,52,6656
1476,52,6656
1477,53,6784
1478,53,6784
1479,53,6784
1480,53,6784
1481,53,6784
1482,53,6784
1483,53,6784
1484,54,6912
1485,54,6912
1486,54,6912
1487,54,6912
1488,53,6784
1489,52,6656
1490,52,6656
1491,53,6784
1492,54,6912
1493,54,6912
1494,55,7040
1495,55,7040
1496,55,7040
1497,55,7040
1498,52,6656
1499,51,6528
1500,51,6528
1501,52,6656
1502,52,6656
1503,52,6656
1504,52,6656
1505,54,6912
1506,53,6784
1507,52,6656
1508,53,6784
1509,53,6784
1510,54,6912
1511,53,6784
1512,53,6784
1513,53,6784
1514,52,6656
1515,52,6656
1516,53,6784
1517,53,6784
1518,53,6784
1519,53,6784
1520,53,6784
1521,53,6784
1522,53,6784
1523,53,6784
1524,53,6784
1525,53,6784
1526,53,6784
1527,53,6784
1528,53,6784
1529,53,6784
1530,53,6784
1531,53,6784
1532,53,6784
1533,52,6656
1534,53,6784
1535,52,6656
1536,52,6656
1537,52,6656
1538,52,6656
1539,51,6528
1540,51,6528
1541,51,6528
1542,51,6528
1543,51,6528
1544,51,6528
1545,50,6400
1546,51,6528
1547,50,6400
1548,51,6528
1549,51,6528
1550,51,6528
1551,51,6528
1552,51,6528
1553,51,6528
1554,50,6400
1555,51,6528
1556,51,6528
1557,51,6528
1558,51,6528
1559,52,6656
1560,52,6656
1561,52,6656
1562,52,6656
1563,52,6656
1564,51,6528
1565,51,6528
1566,52,6656
1567,51,6528
1568,51,6528
1569,51,6528
1570,51,6528
1571,51,6528
1572,51,6528
1573,50,6400
1574,50,6400
1575,50,6400
1576,50,6400
1577,50,6400
1578,50,6400
1579,50,6400
1580,51,6528
1581,51,6528
1582,51,6528
1583,51,6528
1584,51,6528
1585,51,6528
1586,51,6528
1587,51,6528
1588,52,6656
1589,52,6656
1590,52,6656
1591,52,6656
1592,52,6656
1593,52,6656
1594,52,6656
1595,52,6656
1596,52,6656
1597,52,6656
1598,52,6656
1599,52,6656
1600,52,6656
1601,53,6784
1602,53,6784
1603,51,6528
1604,51,6528
1605,51,6528
1606,51,6528
1607,51,6528
1608,51,6528
1609,51,6528
1610,51,6528
1611,52,6656
1612,52,6656
1613,52,6656
1614,53,6784
1615,53,6784
1616,53,6784
1617,53,6784
1618,53,6784
1619,54,6912
1620,54,6912
1621,53,6784
1622,53,6784
1623,53,6784
1624,53,6784
1625,53,6784
1626,53,6784
1627,53,6784
1628,53,6784
1629,53,6784
1630,54,6912
1631,53,6784
1632,53,6784
1633,53,6784
1634,53,6784
1635,53,6784
1636,53,6784
1637,53,6784
1638,54,6912
1639,54,6912
1640,54,6912
1641,54,6912
1642,55,7040
1643,53,6784
1644,53,6784
1645,53,6784
1646,54,6912
1647,53,6784
1648,52,6656
1649,53,6784
1650,53,6784
1651,53,6784
1652,53,6784
1653,53,6784
1654,52,6656
1655,51,6528
1656,51,6528
1657,51,6528
1658,51,6528
1659,50,6400
1660,50,6400
1661,50,6400
1662,50,6400
1663,50,6400
1664,50,6400
1665,49,6272
1666,49,6272
1667,50,6400
1668,50,6400
1669,50,6400
1670,50,6400
1671,51,6528
1672,51,6528
1673,51,6528
1674,51,6528
1675,51,6528
1676,50,6400
1677,50,6400
1678,50,6400
1679,50,6400
1680,51,6528
1681,51,6528
1682,51,6528
1683,50,6400
1684,51,6528
1685,51,6528
1686,51,6528
1687,52,6656
1688,52,6656
1689,50,6400
1690,49,6272
1691,49,6272
1692,49,6272
1693,50,6400
1694,49,6272
1695,50,6400
1696,50,6400
1697,50,6400
1698,50,6400
1699,50,6400
1700,50,6400
1701,50,6400
1702,50,6400
1703,51,6528
1704,51,6528
1705,51,6528
1706,51,6528
1707,51,6528
1708,50,6400
1709,50,6400
1710,50,6400
1711,50,6400
1712,50,6400
1713,51,6528
1714,50,6400
1715,50,6400
1716,50,6400
1717,50,6400
1718,51,6528
1719,51,6528
1720,51,6528
1721,51,6528
1722,52,6656
1723,52,6656
1724,51,6528
1725,51,6528
1726,51,6528
1727,51,6528
1728,51,6528
1729,51,6528
1730,51,6528
1731,51,6528
1732,51,6528
1733,51,6528
1734,51,6528
1735,51,6528
1736,51,6528
1737,51,6528
1738,51,6528
1739,52,6656
1740,50,6400
1741,50,6400
1742,50,6400
1743,49,6272
1744,49,6272
1745,49,6272
1746,50,6400
1747,50,6400
1748,49,6272
1749,49,6272
1750,50,6400
1751,49,6272
1752,50,6400
1753,50,6400
1754,50,6400
1755,50,6400
1756,51,6528
1757,50,6400
1758,50,6400
1759,49,6272
1760,49,6272
1761,49,6272
1762,49,6272
1763,49,6272
1764,47,6016
1765,48,6144
1766,48,6144
1767,48,6144
1768,49,6272
1769,49,6272
1770,49,6272
1771,49,6272
1772,49,6272
1773,49,6272
1774,49,6272
1775,49,6272
1776,50,6400
1777,51,6528
1778,51,6528
1779,51,6528
1780,51,6528
1781,51,6528
1782,51,6528
1783,50,6400
1784,50,6400
1785,49,6272
1786,49,6272
1787,50,6400
1788,50,6400
1789,49,6272
1790,50,6400
1791,50,6400
1792,49,6272
1793,49,6272
1794,49,6272
1795,49,6272
1796,50,6400
1797,50,6400
1798,50,6400
1799,50,6400
1800,50,6400
1801,51,6528
1802,51,6528
1803,51,6528
1804,51,6528
1805,51,6528
1806,50,6400
1807,51,6528
1808,51,6528
1809,50,6400
1810,51,6528
1811,51,6528
1812,50,6400
1813,50,6400
1814,51,6528
1815,51,6528
1816,52,6656
1817,52,6656
1818,52,6656
1819,52,6656
1820,52,6656
1821,52,6656
1822,51,6528
1823,52,6656
1824,51,6528
1825,51,6528
1826,51,6528
1827,51,6528
1828,51,6528
1829,51,6528
1830,51,6528
1831,51,6528
1832,52,6656
1833,52,6656
1834,51,6528
1835,51,6528
1836,51,6528
1837,50,6400
1838,51,6528
1839,51,6528
1840,50,6400
1841,50,6400
1842,50,6400
1843,51,6528
1844,51,6528
1845,48,6144
1846,48,6144
1847,47,6016
1848,47,6016
1849,48,6144
1850,48,6144
1851,48,6144
1852,48,6144
1853,48,6144
1854,47,6016
1855,47,6016
1856,48,6144
1857,48,6144
1858,48,6144
1859,47,6016
1860,48,6144
1861,48,6144
1862,48,6144
1863,48,6144
1864,48,6144
1865,48,6144
1866,49,6272
1867,48,6144
1868,50,6400
1869,50,6400
1870,50,6400
1871,47,6016
1872,47,6016
1873,46,5888
1874,47,6016
1875,47,6016
1876,47,6016
1877,47,6016
1878,47,6016
1879,47,6016
1880,48,6144
1881,48,6144
1882,48,6144
1883,48,6144
1884,48,6144
1885,48,6144
1886,47,6016
1887,47,6016
1888,48,6144
1889,48,6144
1890,48,6144
1891,48,6144
1892,48,6144
1893,48,6144
1894,47,6016
1895,47,6016
1896,47,6016
1897,47,6016
1898,47,6016
1899,47,6016
1900,47,6016
1901,47,6016
1902,48,6144
1903,48,6144
1904,48,6144
1905,48,6144
1906,48,6144
1907,49,6272
1908,46,5888
1909,46,5888
1910,46,5888
1911,46,5888
1912,46,5888
1913,48,6144
1914,47,6016
1915,47,6016
1916,46,5888
1917,46,5888
1918,47,6016
1919,47,6016
1920,47,6016
1921,47,6016
1922,47,6016
1923,48,6144
1924,48,6144
1925,47,6016
1926,47,6016
1927,47,6016
1928,47,6016
1929,47,6016
1930,47,6016
1931,47,6016
1932,48,6144
1933,47,6016
1934,48,6144
1935,47,6016
1936,47,6016
1937,46,5888
1938,46,5888
1939,46,5888
1940,46,5888
1941,46,5888
1942,46,5888
1943,46,5888
1944,45,5760
1945,45,5760
1946,46,5888
1947,45,5760
1948,45,5760
1949,45,5760
1950,45,5760
1951,45,5760
1952,46,5888
1953,46,5888
1954,47,6016
1955,45,5760
1956,45,5760
1957,45,5760
1958,45,5760
1959,45,5760
1960,45,5760
1961,47,6016
1962,45,5760
1963,46,5888
1964,46,5888
1965,46,5888
1966,46,5888
1967,45,5760
1968,45,5760
1969,44,5632
1970,45,5760
1971,45,5760
1972,45,5760
1973,44,5632
1974,44,5632
1975,45,5760
1976,44,5632
1977,44,5632
1978,44,5632
1979,45,5760
1980,44,5632
1981,44,5632
1982,44,5632
1983,45,5760
1984,44,5632
1985,44,5632
1986,44,5632
1987,45,5760
1988,44,5632
1989,45,5760
1990,45,5760
1991,45,5760
1992,46,5888
1993,46,5888
1994,46,5888
1995,46,5888
1996,45,5760
1997,45,5760
1998,44,5632
1999,45,5760
2000,45,5760
