RandomSeed,91829,Population size:128,Bit Length:64,Crossover Rate:0,Mutation Rate:0.005
gen,BestFitness,FitnessEval
1,40,5120
2,40,5120
3,41,5248
4,41,5248
5,40,5120
6,40,5120
7,41,5248
8,41,5248
9,41,5248
10,41,5248
11,41,5248
12,40,5120
13,40,5120
14,40,5120
15,40,5120
16,40,5120
17,40,5120
18,40,5120
19,39,4992
20,38,4864
21,38,4864
22,39,4992
23,39,4992
24,39,4992
25,38,4864
26,39,4992
27,39,4992
28,38,4864
29,37,4736
30,37,4736
31,38,4864
32,38,4864
33,38,4864
34,39,4992
35,39,4992
36,39,4992
37,40,5120
38,39,4992
39,39,4992
40,39,4992
41,39,4992
42,40,5120
43,40,5120
44,39,4992
45,39,4992
46,39,4992
47,39,4992
48,39,4992
49,40,5120
50,40,5120
51,41,5248
52,41,5248
53,41,5248
54,41,5248
55,41,5248
56,41,5248
57,42,5376
58,42,5376
59,42,5376
60,42,5376
61,43,5504
62,43,5504
63,42,5376
64,42,5376
65,43,5504
66,43,5504
67,42,5376
68,42,5376
69,42,5376
70,43,5504
71,43,5504
72,44,5632
73,43,5504
74,43,5504
75,43,5504
76,43,5504
77,44,5632
78,44,5632
79,43,5504
80,43,5504
81,43,5504
82,43,5504
83,43,5504
84,43,5504
85,44,5632
86,43,5504
87,43,5504
88,43,5504
89,43,5504
90,44,5632
91,44,5632
92,45,5760
93,45,5760
94,46,5888
95,46,5888
96,45,5760
97,45,5760
98,45,5760
99,45,5760
100,46,5888
101,46,5888
102,46,5888
103,46,5888
104,46,5888
105,45,5760
106,46,5888
107,46,5888
108,46,5888
109,46,5888
110,46,5888
111,45,5760
112,44,5632
113,45,5760
114,44,5632
115,45,5760
116,44,5632
117,44,5632
118,45,5760
119,45,5760
120,44,5632
121,44,5632
122,44,5632
123,45,5760
124,45,5760
125,45,5760
126,46,5888
127,46,5888
128,46,5888
129,46,5888
130,45,5760
131,45,5760
132,45,5760
133,45,5760
134,44,5632
135,44,5632
136,45,5760
137,44,5632
138,44,5632
139,44,5632
140,44,5632
141,44,5632
142,44,5632
143,44,5632
144,44,5632
145,45,5760
146,45,5760
147,46,5888
148,46,5888
149,46,5888
150,45,5760
151,45,5760
152,45,5760
153,45,5760
154,46,5888
155,46,5888
156,46,5888
157,45,5760
158,45,5760
159,45,5760
160,45,5760
161,45,5760
162,46,5888
163,46,5888
164,46,5888
165,46,5888
166,46,5888
167,47,6016
168,47,6016
169,47,6016
170,47,6016
171,47,6016
172,47,6016
173,47,6016
174,47,6016
175,47,6016
176,48,6144
177,48,6144
178,48,6144
179,48,6144
180,49,6272
181,49,6272
182,48,6144
183,48,6144
184,48,6144
185,49,6272
186,50,6400
187,49,6272
188,49,6272
189,49,6272
190,50,6400
191,50,6400
192,50,6400
193,50,6400
194,51,6528
195,51,6528
196,52,6656
197,51,6528
198,50,6400
199,51,6528
200,51,6528
201,49,6272
202,49,6272
203,50,6400
204,48,6144
205,49,6272
206,48,6144
207,48,6144
208,49,6272
209,49,6272
210,49,6272
211,49,6272
212,49,6272
213,49,6272
214,50,6400
215,50,6400
216,49,6272
217,49,6272
218,49,6272
219,49,6272
220,50,6400
221,50,6400
222,50,6400
223,49,6272
224,49,6272
225,49,6272
226,50,6400
227,49,6272
228,50,6400
229,50,6400
230,50,6400
231,50,6400
232,50,6400
233,50,6400
234,50,6400
235,50,6400
236,50,6400
237,50,6400
238,50,6400
239,50,6400
240,50,6400
241,50,6400
242,50,6400
243,50,6400
244,50,6400
245,50,6400
246,50,6400
247,50,6400
248,50,6400
249,51,6528
250,50,6400
251,50,6400
252,50,6400
253,50,6400
254,50,6400
255,50,6400
256,51,6528
257,51,6528
258,51,6528
259,51,6528
260,51,6528
261,51,6528
262,51,6528
263,52,6656
264,52,6656
265,51,6528
266,51,6528
267,52,6656
268,52,6656
269,53,6784
270,52,6656
271,52,6656
272,52,6656
273,51,6528
274,51,6528
275,51,6528
276,52,6656
277,52,6656
278,53,6784
279,50,6400
280,50,6400
281,51,6528
282,51,6528
283,51,6528
284,51,6528
285,51,6528
286,51,6528
287,51,6528
288,51,6528
289,50,6400
290,50,6400
291,50,6400
292,50,6400
293,49,6272
294,49,6272
295,49,6272
296,49,6272
297,49,6272
298,49,6272
299,49,6272
300,48,6144
301,48,6144
302,48,6144
303,49,6272
304,49,6272
305,49,6272
306,49,6272
307,49,6272
308,49,6272
309,49,6272
310,49,6272
311,48,6144
312,48,6144
313,48,6144
314,49,6272
315,49,6272
316,50,6400
317,50,6400
318,50,6400
319,50,6400
320,50,6400
321,50,6400
322,50,6400
323,51,6528
324,50,6400
325,49,6272
326,49,6272
327,49,6272
328,49,6272
329,48,6144
330,48,6144
331,50,6400
332,50,6400
333,49,6272
334,49,6272
335,49,6272
336,49,6272
337,49,6272
338,49,6272
339,48,6144
340,48,6144
341,48,6144
342,47,6016
343,47,6016
344,47,6016
345,47,6016
346,48,6144
347,48,6144
348,48,6144
349,49,6272
350,48,6144
351,48,6144
352,48,6144
353,48,6144
354,48,6144
355,47,6016
356,47,6016
357,48,6144
358,48,6144
359,48,6144
360,48,6144
361,48,6144
362,49,6272
363,49,6272
364,50,6400
365,50,6400
366,50,6400
367,50,6400
368,50,6400
369,49,6272
370,49,6272
371,49,6272
372,49,6272
373,50,6400
374,50,6400
375,49,6272
376,49,6272
377,50,6400
378,50,6400
379,48,6144
380,48,6144
381,49,6272
382,48,6144
383,48,6144
384,47,6016
385,48,6144
386,47,6016
387,48,6144
388,47,6016
389,48,6144
390,48,6144
391,49,6272
392,49,6272
393,48,6144
394,47,6016
395,47,6016
396,47,6016
397,46,5888
398,46,5888
399,47,6016
400,47,6016
401,47,6016
402,48,6144
403,48,6144
404,48,6144
405,48,6144
406,48,6144
407,47,6016
408,48,6144
409,47,6016
410,47,6016
411,47,6016
412,47,6016
413,47,6016
414,47,6016
415,47,6016
416,47,6016
417,47,6016
418,47,6016
419,48,6144
420,48,6144
421,48,6144
422,48,6144
423,47,6016
424,47,6016
425,48,6144
426,48,6144
427,49,6272
428,49,6272
429,49,6272
430,49,6272
431,49,6272
432,49,6272
433,49,6272
434,49,6272
435,49,6272
436,49,6272
437,49,6272
438,49,6272
439,49,6272
440,49,6272
441,48,6144
442,47,6016
443,47,6016
444,47,6016
445,47,6016
446,48,6144
447,49,6272
448,49,6272
449,50,6400
450,50,6400
451,50,6400
452,50,6400
453,51,6528
454,51,6528
455,51,6528
456,50,6400
457,50,6400
458,50,6400
459,50,6400
460,51,6528
461,51,6528
462,51,6528
463,50,6400
464,51,6528
465,51,6528
466,51,6528
467,51,6528
468,51,6528
469,51,6528
470,51,6528
471,52,6656
472,52,6656
473,52,6656
474,52,6656
475,52,6656
476,53,6784
477,53,6784
478,53,6784
479,53,6784
480,53,6784
481,53,6784
482,52,6656
483,51,6528
484,51,6528
485,51,6528
486,51,6528
487,51,6528
488,50,6400
489,51,6528
490,51,6528
491,51,6528
492,51,6528
493,51,6528
494,51,6528
495,51,6528
496,51,6528
497,51,6528
498,51,6528
499,51,6528
500,52,6656
501,53,6784
502,53,6784
503,53,6784
504,53,6784
505,53,6784
506,53,6784
507,52,6656
508,52,6656
509,51,6528
510,52,6656
511,52,6656
512,52,6656
513,51,6528
514,51,6528
515,50,6400
516,50,6400
517,50,6400
518,50,6400
519,50,6400
520,50,6400
521,50,6400
522,49,6272
523,49,6272
524,49,6272
525,49,6272
526,50,6400
527,49,6272
528,50,6400
529,50,6400
530,52,6656
531,49,6272
532,49,6272
533,49,6272
534,49,6272
535,49,6272
536,49,6272
537,49,6272
538,49,6272
539,49,6272
540,49,6272
541,49,6272
542,50,6400
543,50,6400
544,50,6400
545,50,6400
546,50,6400
547,50,6400
548,50,6400
549,50,6400
550,50,6400
551,50,6400
552,50,6400
553,50,6400
554,50,6400
555,50,6400
556,50,6400
557,50,6400
558,50,6400
559,50,6400
560,50,6400
561,50,6400
562,50,6400
563,50,6400
564,50,6400
565,50,6400
566,50,6400
567,50,6400
568,50,6400
569,50,6400
570,46,5888
571,47,6016
572,48,6144
573,49,6272
574,49,6272
575,49,6272
576,49,6272
577,49,6272
578,49,6272
579,49,6272
580,50,6400
581,49,6272
582,49,6272
583,50,6400
584,50,6400
585,51,6528
586,51,6528
587,49,6272
588,49,6272
589,50,6400
590,50,6400
591,50,6400
592,51,6528
593,49,6272
594,50,6400
595,50,6400
596,50,6400
597,50,6400
598,49,6272
599,48,6144
600,48,6144
601,48,6144
602,48,6144
603,48,6144
604,46,5888
605,46,5888
606,46,5888
607,46,5888
608,46,5888
609,46,5888
610,46,5888
611,46,5888
612,47,6016
613,48,6144
614,46,5888
615,47,6016
616,47,6016
617,46,5888
618,47,6016
619,46,5888
620,46,5888
621,46,5888
622,46,5888
623,46,5888
624,45,5760
625,45,5760
626,45,5760
627,46,5888
628,45,5760
629,45,5760
630,45,5760
631,45,5760
632,45,5760
633,45,5760
634,45,5760
635,45,5760
636,45,5760
637,46,5888
638,46,5888
639,46,5888
640,46,5888
641,46,5888
642,46,5888
643,46,5888
644,47,6016
645,47,6016
646,47,6016
647,47,6016
648,47,6016
649,48,6144
650,48,6144
651,47,6016
652,47,6016
653,47,6016
654,48,6144
655,48,6144
656,48,6144
657,48,6144
658,49,6272
659,48,6144
660,49,6272
661,49,6272
662,49,6272
663,49,6272
664,49,6272
665,49,6272
666,49,6272
667,49,6272
668,48,6144
669,48,6144
670,48,6144
671,48,6144
672,49,6272
673,49,6272
674,49,6272
675,48,6144
676,49,6272
677,49,6272
678,49,6272
679,49,6272
680,49,6272
681,48,6144
682,48,6144
683,48,6144
684,49,6272
685,48,6144
686,48,6144
687,48,6144
688,48,6144
689,48,6144
690,48,6144
691,48,6144
692,48,6144
693,49,6272
694,48,6144
695,49,6272
696,48,6144
697,48,6144
698,48,6144
699,48,6144
700,48,6144
701,48,6144
702,48,6144
703,48,6144
704,48,6144
705,48,6144
706,48,6144
707,48,6144
708,47,6016
709,46,5888
710,47,6016
711,47,6016
712,48,6144
713,48,6144
714,46,5888
715,46,5888
716,46,5888
717,45,5760
718,45,5760
719,46,5888
720,45,5760
721,45,5760
722,45,5760
723,45,5760
724,45,5760
725,46,5888
726,46,5888
727,46,5888
728,46,5888
729,46,5888
730,46,5888
731,45,5760
732,45,5760
733,45,5760
734,45,5760
735,44,5632
736,44,5632
737,44,5632
738,44,5632
739,45,5760
740,45,5760
741,44,5632
742,44,5632
743,45,5760
744,45,5760
745,45,5760
746,45,5760
747,45,5760
748,45,5760
749,45,5760
750,45,5760
751,46,5888
752,46,5888
753,45,5760
754,45,5760
755,45,5760
756,43,5504
757,44,5632
758,44,5632
759,44,5632
760,44,5632
761,44,5632
762,44,5632
763,44,5632
764,45,5760
765,45,5760
766,45,5760
767,45,5760
768,45,5760
769,45,5760
770,45,5760
771,45,5760
772,45,5760
773,45,5760
774,44,5632
775,45,5760
776,46,5888
777,46,5888
778,46,5888
779,46,5888
780,46,5888
781,46,5888
782,46,5888
783,46,5888
784,45,5760
785,46,5888
786,45,5760
787,45,5760
788,45,5760
789,45,5760
790,45,5760
791,45,5760
792,46,5888
793,45,5760
794,45,5760
795,45,5760
796,45,5760
797,45,5760
798,44,5632
799,43,5504
800,44,5632
801,44,5632
802,44,5632
803,44,5632
804,45,5760
805,45,5760
806,46,5888
807,45,5760
808,45,5760
809,45,5760
810,45,5760
811,45,5760
812,45,5760
813,46,5888
814,47,6016
815,46,5888
816,47,6016
817,47,6016
818,47,6016
819,45,5760
820,45,5760
821,44,5632
822,44,5632
823,44,5632
824,44,5632
825,44,5632
826,44,5632
827,44,5632
828,43,5504
829,44,5632
830,44,5632
831,44,5632
832,45,5760
833,45,5760
834,47,6016
835,47,6016
836,47,6016
837,47,6016
838,47,6016
839,48,6144
840,48,6144
841,48,6144
842,48,6144
843,49,6272
844,49,6272
845,49,6272
846,49,6272
847,48,6144
848,47,6016
849,47,6016
850,48,6144
851,48,6144
852,49,6272
853,48,6144
854,48,6144
855,49,6272
856,49,6272
857,49,6272
858,50,6400
859,49,6272
860,49,6272
861,49,6272
862,48,6144
863,49,6272
864,48,6144
865,48,6144
866,48,6144
867,48,6144
868,49,6272
869,49,6272
870,49,6272
871,49,6272
872,49,6272
873,49,6272
874,49,6272
875,49,6272
876,49,6272
877,49,6272
878,49,6272
879,49,6272
880,50,6400
881,50,6400
882,50,6400
883,50,6400
884,50,6400
885,50,6400
886,50,6400
887,49,6272
888,49,6272
889,49,6272
890,50,6400
891,50,6400
892,50,6400
893,50,6400
894,51,6528
895,52,6656
896,52,6656
897,52,6656
898,52,6656
899,52,6656
900,52,6656
901,53,6784
902,53,6784
903,53,6784
904,53,6784
905,52,6656
906,52,6656
907,52,6656
908,52,6656
909,53,6784
910,53,6784
911,53,6784
912,54,6912
913,52,6656
914,51,6528
915,52,6656
916,52,6656
917,51,6528
918,51,6528
919,52,6656
920,52,6656
921,52,6656
922,53,6784
923,53,6784
924,53,6784
925,53,6784
926,52,6656
927,52,6656
928,53,6784
929,53,6784
930,53,6784
931,53,6784
932,54,6912
933,54,6912
934,54,6912
935,54,6912
936,54,6912
937,54,6912
938,54,6912
939,54,6912
940,52,6656
941,53,6784
942,53,6784
943,52,6656
944,53,6784
945,52,6656
946,52,6656
947,53,6784
948,53,6784
949,52,6656
950,52,6656
951,52,6656
952,52,6656
953,52,6656
954,52,6656
955,52,6656
956,52,6656
957,52,6656
958,53,6784
959,52,6656
960,52,6656
961,52,6656
962,52,6656
963,52,6656
964,52,6656
965,52,6656
966,52,6656
967,51,6528
968,51,6528
969,51,6528
970,50,6400
971,50,6400
972,50,6400
973,51,6528
974,51,6528
975,51,6528
976,51,6528
977,50,6400
978,51,6528
979,50,6400
980,50,6400
981,50,6400
982,50,6400
983,50,6400
984,50,6400
985,50,6400
986,51,6528
987,51,6528
988,51,6528
989,51,6528
990,51,6528
991,51,6528
992,51,6528
993,51,6528
994,51,6528
995,51,6528
996,50,6400
997,50,6400
998,50,6400
999,51,6528
1000,51,6528
1001,50,6400
1002,50,6400
1003,50,6400
1004,51,6528
1005,50,6400
1006,50,6400
1007,50,6400
1008,50,6400
1009,50,6400
1010,49,6272
1011,49,6272
1012,50,6400
1013,49,6272
1014,49,6272
1015,49,6272
1016,50,6400
1017,50,6400
1018,50,6400
1019,50,6400
1020,51,6528
1021,51,6528
1022,51,6528
1023,51,6528
1024,51,6528
1025,48,6144
1026,48,6144
1027,48,6144
1028,48,6144
1029,48,6144
1030,49,6272
1031,47,6016
1032,48,6144
1033,49,6272
1034,48,6144
1035,48,6144
1036,49,6272
1037,49,6272
1038,48,6144
1039,49,6272
1040,49,6272
1041,49,6272
1042,49,6272
1043,50,6400
1044,51,6528
1045,51,6528
1046,50,6400
1047,50,6400
1048,51,6528
1049,51,6528
1050,51,6528
1051,51,6528
1052,52,6656
1053,52,6656
1054,52,6656
1055,52,6656
1056,51,6528
1057,51,6528
1058,51,6528
1059,51,6528
1060,51,6528
1061,51,6528
1062,52,6656
1063,51,6528
1064,51,6528
1065,51,6528
1066,51,6528
1067,51,6528
1068,51,6528
1069,51,6528
1070,51,6528
1071,52,6656
1072,52,6656
1073,52,6656
1074,52,6656
1075,52,6656
1076,52,6656
1077,53,6784
1078,53,6784
1079,53,6784
1080,53,6784
1081,54,6912
1082,53,6784
1083,54,6912
1084,53,6784
1085,53,6784
1086,53,6784
1087,53,6784
1088,54,6912
1089,54,6912
1090,52,6656
1091,52,6656
1092,52,6656
1093,54,6912
1094,53,6784
1095,52,6656
1096,52,6656
1097,52,6656
1098,52,6656
1099,52,6656
1100,53,6784
1101,51,6528
1102,51,6528
1103,52,6656
1104,52,6656
1105,52,6656
1106,51,6528
1107,52,6656
1108,52,6656
1109,53,6784
1110,50,6400
1111,50,6400
1112,50,6400
1113,49,6272
1114,50,6400
1115,51,6528
1116,51,6528
1117,49,6272
1118,49,6272
1119,49,6272
1120,50,6400
1121,51,6528
1122,51,6528
1123,50,6400
1124,49,6272
1125,49,6272
1126,49,6272
1127,49,6272
1128,50,6400
1129,50,6400
1130,50,6400
1131,49,6272
1132,50,6400
1133,50,6400
1134,50,6400
1135,50,6400
1136,50,6400
1137,50,6400
1138,48,6144
1139,48,6144
1140,48,6144
1141,48,6144
1142,48,6144
1143,48,6144
1144,48,6144
1145,49,6272
1146,50,6400
1147,49,6272
1148,49,6272
1149,48,6144
1150,49,6272
1151,50,6400
1152,50,6400
1153,50,6400
1154,50,6400
1155,50,6400
1156,48,6144
1157,48,6144
1158,48,6144
1159,49,6272
1160,50,6400
1161,49,6272
1162,49,6272
1163,50,6400
1164,50,6400
1165,50,6400
1166,50,6400
1167,51,6528
1168,51,6528
1169,51,6528
1170,50,6400
1171,50,6400
1172,50,6400
1173,50,6400
1174,51,6528
1175,51,6528
1176,51,6528
1177,51,6528
1178,51,6528
1179,51,6528
1180,51,6528
1181,50,6400
1182,50,6400
1183,50,6400
1184,50,6400
1185,51,6528
1186,52,6656
1187,52,6656
1188,53,6784
1189,53,6784
1190,53,6784
1191,53,6784
1192,53,6784
1193,53,6784
1194,53,6784
1195,53,6784
1196,53,6784
1197,52,6656
1198,51,6528
1199,50,6400
1200,50,6400
1201,50,6400
1202,50,6400
1203,51,6528
1204,51,6528
1205,51,6528
1206,51,6528
1207,51,6528
1208,52,6656
1209,51,6528
1210,51,6528
1211,51,6528
1212,52,6656
1213,53,6784
1214,52,6656
1215,52,6656
1216,53,6784
1217,53,6784
1218,54,6912
1219,55,7040
1220,52,6656
1221,51,6528
1222,51,6528
1223,51,6528
1224,51,6528
1225,51,6528
1226,52,6656
1227,52,6656
1228,53,6784
1229,53,6784
1230,53,6784
1231,52,6656
1232,52,6656
1233,52,6656
1234,52,6656
1235,52,6656
1236,52,6656
1237,52,6656
1238,53,6784
1239,53,6784
1240,52,6656
1241,52,6656
1242,52,6656
1243,52,6656
1244,52,6656
1245,52,6656
1246,52,6656
1247,52,6656
1248,52,6656
1249,51,6528
1250,51,6528
1251,50,6400
1252,51,6528
1253,51,6528
1254,51,6528
1255,51,6528
1256,50,6400
1257,51,6528
1258,50,6400
1259,49,6272
1260,49,6272
1261,49,6272
1262,50,6400
1263,49,6272
1264,48,6144
1265,49,6272
1266,49,6272
1267,50,6400
1268,51,6528
1269,51,6528
1270,51,6528
1271,51,6528
1272,52,6656
1273,53,6784
1274,53,6784
1275,52,6656
1276,52,6656
1277,52,6656
1278,52,6656
1279,53,6784
1280,51,6528
1281,51,6528
1282,51,6528
1283,51,6528
1284,52,6656
1285,51,6528
1286,51,6528
1287,52,6656
1288,52,6656
1289,52,6656
1290,52,6656
1291,53,6784
1292,52,6656
1293,52,6656
1294,51,6528
1295,51,6528
1296,51,6528
1297,51,6528
1298,51,6528
1299,51,6528
1300,51,6528
1301,51,6528
1302,51,6528
1303,51,6528
1304,51,6528
1305,50,6400
1306,51,6528
1307,51,6528
1308,51,6528
1309,50,6400
1310,51,6528
1311,51,6528
1312,51,6528
1313,51,6528
1314,51,6528
1315,51,6528
1316,52,6656
1317,51,6528
1318,51,6528
1319,51,6528
1320,51,6528
1321,51,6528
1322,51,6528
1323,51,6528
1324,52,6656
1325,51,6528
1326,50,6400
1327,50,6400
1328,49,6272
1329,49,6272
1330,49,6272
1331,50,6400
1332,49,6272
1333,50,6400
1334,50,6400
1335,49,6272
1336,49,6272
1337,49,6272
1338,49,6272
1339,48,6144
1340,48,6144
1341,48,6144
1342,48,6144
1343,48,6144
1344,48,6144
1345,48,6144
1346,48,6144
1347,48,6144
1348,49,6272
1349,49,6272
1350,50,6400
1351,50,6400
1352,50,6400
1353,50,6400
1354,49,6272
1355,49,6272
1356,50,6400
1357,50,6400
1358,50,6400
1359,49,6272
1360,50,6400
1361,50,6400
1362,50,6400
1363,50,6400
1364,50,6400
1365,50,6400
1366,50,6400
1367,51,6528
1368,51,6528
1369,51,6528
1370,51,6528
1371,51,6528
1372,51,6528
1373,50,6400
1374,50,6400
1375,51,6528
1376,51,6528
1377,50,6400
1378,50,6400
1379,50,6400
1380,50,6400
1381,50,6400
1382,50,6400
1383,49,6272
1384,49,6272
1385,49,6272
1386,50,6400
1387,51,6528
1388,50,6400
1389,50,6400
1390,49,6272
1391,49,6272
1392,49,6272
1393,50,6400
1394,49,6272
1395,48,6144
1396,47,6016
1397,47,6016
1398,47,6016
1399,48,6144
1400,48,6144
1401,47,6016
1402,47,6016
1403,47,6016
1404,47,6016
1405,47,6016
1406,46,5888
1407,47,6016
1408,47,6016
1409,47,6016
1410,48,6144
1411,48,6144
1412,48,6144
1413,49,6272
1414,49,6272
1415,48,6144
1416,48,6144
1417,48,6144
1418,48,6144
1419,48,6144
1420,48,6144
1421,49,6272
1422,48,6144
1423,49,6272
1424,49,6272
1425,49,6272
1426,48,6144
1427,48,6144
1428,48,6144
1429,45,5760
1430,46,5888
1431,46,5888
1432,45,5760
1433,45,5760
1434,45,5760
1435,46,5888
1436,46,5888
1437,46,5888
1438,46,5888
1439,46,5888
1440,46,5888
1441,46,5888
1442,46,5888
1443,47,6016
1444,46,5888
1445,46,5888
1446,46,5888
1447,46,5888
1448,46,5888
1449,46,5888
1450,46,5888
1451,46,5888
1452,46,5888
1453,45,5760
1454,45,5760
1455,45,5760
1456,46,5888
1457,46,5888
1458,46,5888
1459,46,5888
1460,46,5888
1461,46,5888
1462,46,5888
1463,46,5888
1464,46,5888
1465,47,6016
1466,46,5888
1467,46,5888
1468,47,6016
1469,47,6016
1470,47,6016
1471,47,6016
1472,46,5888
1473,47,6016
1474,47,6016
1475,47,6016
1476,47,6016
1477,47,6016
1478,47,6016
1479,47,6016
1480,47,6016
1481,47,6016
1482,48,6144
1483,49,6272
1484,49,6272
1485,47,6016
1486,48,6144
1487,47,6016
1488,46,5888
1489,46,5888
1490,46,5888
1491,46,5888
1492,47,6016
1493,48,6144
1494,46,5888
1495,46,5888
1496,46,5888
1497,46,5888
1498,46,5888
1499,46,5888
1500,46,5888
1501,47,6016
1502,47,6016
1503,47,6016
1504,45,5760
1505,45,5760
1506,45,5760
1507,45,5760
1508,45,5760
1509,45,5760
1510,44,5632
1511,43,5504
1512,43,5504
1513,43,5504
1514,43,5504
1515,43,5504
1516,43,5504
1517,43,5504
1518,43,5504
1519,43,5504
1520,43,5504
1521,44,5632
1522,45,5760
1523,44,5632
1524,44,5632
1525,44,5632
1526,44,5632
1527,45,5760
1528,45,5760
1529,45,5760
1530,45,5760
1531,46,5888
1532,46,5888
1533,46,5888
1534,46,5888
1535,46,5888
1536,47,6016
1537,47,6016
1538,47,6016
1539,47,6016
1540,43,5504
1541,44,5632
1542,44,5632
1543,44,5632
1544,44,5632
1545,44,5632
1546,45,5760
1547,46,5888
1548,46,5888
1549,46,5888
1550,46,5888
1551,46,5888
1552,46,5888
1553,45,5760
1554,44,5632
1555,44,5632
1556,45,5760
1557,44,5632
1558,44,5632
1559,44,5632
1560,44,5632
1561,44,5632
1562,44,5632
1563,44,5632
1564,45,5760
1565,45,5760
1566,45,5760
1567,46,5888
1568,46,5888
1569,47,6016
1570,47,6016
1571,47,6016
1572,47,6016
1573,47,6016
1574,48,6144
1575,49,6272
1576,48,6144
1577,48,6144
1578,48,6144
1579,48,6144
1580,48,6144
1581,49,6272
1582,47,6016
1583,47,6016
1584,48,6144
1585,48,6144
1586,49,6272
1587,49,6272
1588,49,6272
1589,49,6272
1590,49,6272
1591,49,6272
1592,49,6272
1593,49,6272
1594,49,6272
1595,49,6272
1596,47,6016
1597,48,6144
1598,48,6144
1599,48,6144
1600,48,6144
1601,47,6016
1602,48,6144
1603,48,6144
1604,47,6016
1605,47,6016
1606,48,6144
1607,47,6016
1608,47,6016
1609,48,6144
1610,48,6144
1611,48,6144
1612,48,6144
1613,48,6144
1614,47,6016
1615,47,6016
1616,47,6016
1617,48,6144
1618,48,6144
1619,47,6016
1620,47,6016
1621,48,6144
1622,48,6144
1623,47,6016
1624,47,6016
1625,47,6016
1626,48,6144
1627,47,6016
1628,48,6144
1629,48,6144
1630,48,6144
1631,48,6144
1632,48,6144
1633,48,6144
1634,48,6144
1635,48,6144
1636,49,6272
1637,48,6144
1638,48,6144
1639,47,6016
1640,47,6016
1641,47,6016
1642,47,6016
1643,48,6144
1644,47,6016
1645,47,6016
1646,46,5888
1647,46,5888
1648,47,6016
1649,45,5760
1650,45,5760
1651,45,5760
1652,46,5888
1653,46,5888
1654,48,6144
1655,49,6272
1656,49,6272
1657,49,6272
1658,49,6272
1659,48,6144
1660,48,6144
1661,48,6144
1662,48,6144
1663,48,6144
1664,49,6272
1665,49,6272
1666,49,6272
1667,49,6272
1668,49,6272
1669,48,6144
1670,48,6144
1671,48,6144
1672,48,6144
1673,48,6144
1674,48,6144
1675,48,6144
1676,49,6272
1677,49,6272
1678,49,6272
1679,49,6272
1680,50,6400
1681,48,6144
1682,48,6144
1683,48,6144
1684,48,6144
1685,48,6144
1686,48,6144
1687,49,6272
1688,48,6144
1689,49,6272
1690,49,6272
1691,49,6272
1692,49,6272
1693,50,6400
1694,51,6528
1695,52,6656
1696,50,6400
1697,51,6528
1698,50,6400
1699,51,6528
1700,51,6528
1701,50,6400
1702,50,6400
1703,50,6400
1704,50,6400
1705,50,6400
1706,50,6400
1707,50,6400
1708,49,6272
1709,50,6400
1710,48,6144
1711,48,6144
1712,49,6272
1713,49,6272
1714,49,6272
1715,49,6272
1716,49,6272
1717,49,6272
1718,49,6272
1719,49,6272
1720,50,6400
1721,50,6400
1722,50,6400
1723,50,6400
1724,51,6528
1725,52,6656
1726,50,6400
1727,50,6400
1728,50,6400
1729,49,6272
1730,49,6272
1731,49,6272
1732,50,6400
1733,49,6272
1734,48,6144
1735,48,6144
1736,48,6144
1737,47,6016
1738,47,6016
1739,47,6016
1740,47,6016
1741,47,6016
1742,47,6016
1743,48,6144
1744,48,6144
1745,48,6144
1746,48,6144
1747,48,6144
1748,49,6272
1749,49,6272
1750,48,6144
1751,48,6144
1752,49,6272
1753,48,6144
1754,48,6144
1755,48,6144
1756,48,6144
1757,48,6144
1758,48,6144
1759,48,6144
1760,47,6016
1761,47,6016
1762,47,6016
1763,47,6016
1764,47,6016
1765,47,6016
1766,47,6016
1767,48,6144
1768,47,6016
1769,48,6144
1770,48,6144
1771,48,6144
1772,48,6144
1773,48,6144
1774,48,6144
1775,49,6272
1776,49,6272
1777,48,6144
1778,48,6144
1779,48,6144
1780,48,6144
1781,49,6272
1782,48,6144
1783,49,6272
1784,49,6272
1785,49,6272
1786,49,6272
1787,49,6272
1788,49,6272
1789,49,6272
1790,49,6272
1791,49,6272
1792,49,6272
1793,49,6272
1794,49,6272
1795,49,6272
1796,49,6272
1797,49,6272
1798,50,6400
1799,49,6272
1800,49,6272
1801,49,6272
1802,49,6272
1803,49,6272
1804,48,6144
1805,47,6016
1806,47,6016
1807,47,6016
1808,47,6016
1809,47,6016
1810,48,6144
1811,48,6144
1812,48,6144
1813,48,6144
1814,48,6144
1815,48,6144
1816,48,6144
1817,49,6272
1818,48,6144
1819,48,6144
1820,48,6144
1821,48,6144
1822,49,6272
1823,49,6272
1824,49,6272
1825,49,6272
1826,49,6272
1827,49,6272
1828,49,6272
1829,49,6272
1830,49,6272
1831,49,6272
1832,49,6272
1833,49,6272
1834,49,6272
1835,49,6272
1836,49,6272
1837,49,6272
1838,49,6272
1839,48,6144
1840,48,6144
1841,48,6144
1842,48,6144
1843,49,6272
1844,49,6272
1845,49,6272
1846,48,6144
1847,48,6144
1848,48,6144
1849,48,6144
1850,49,6272
1851,50,6400
1852,50,6400
1853,50,6400
1854,51,6528
1855,50,6400
1856,51,6528
1857,51,6528
1858,51,6528
1859,50,6400
1860,50,6400
1861,50,6400
1862,50,6400
1863,51,6528
1864,51,6528
1865,51,6528
1866,51,6528
1867,50,6400
1868,50,6400
1869,51,6528
1870,50,6400
1871,50,6400
1872,51,6528
1873,51,6528
1874,50,6400
1875,50,6400
1876,50,6400
1877,51,6528
1878,51,6528
1879,51,6528
1880,51,6528
1881,51,6528
1882,52,6656
1883,53,6784
1884,51,6528
1885,51,6528
1886,51,6528
1887,51,6528
1888,51,6528
1889,51,6528
1890,51,6528
1891,52,6656
1892,52,6656
1893,53,6784
1894,53,6784
1895,53,6784
1896,53,6784
1897,53,6784
1898,52,6656
1899,52,6656
1900,52,6656
1901,52,6656
1902,53,6784
1903,52,6656
1904,52,6656
1905,52,6656
1906,52,6656
1907,50,6400
1908,51,6528
1909,50,6400
1910,50,6400
1911,50,6400
1912,50,6400
1913,50,6400
1914,50,6400
1915,50,6400
1916,50,6400
1917,50,6400
1918,50,6400
1919,50,6400
1920,50,6400
1921,50,6400
1922,50,6400
1923,50,6400
1924,49,6272
1925,49,6272
1926,49,6272
1927,49,6272
1928,49,6272
1929,49,6272
1930,49,6272
1931,50,6400
1932,51,6528
1933,51,6528
1934,51,6528
1935,51,6528
1936,51,6528
1937,51,6528
1938,51,6528
1939,50,6400
1940,50,6400
1941,48,6144
1942,47,6016
1943,48,6144
1944,48,6144
1945,49,6272
1946,49,6272
1947,49,6272
1948,49,6272
1949,49,6272
1950,48,6144
1951,48,6144
1952,48,6144
1953,48,6144
1954,49,6272
1955,49,6272
1956,49,6272
1957,49,6272
1958,49,6272
1959,47,6016
1960,47,6016
1961,47,6016
1962,47,6016
1963,47,6016
1964,47,6016
1965,48,6144
1966,47,6016
1967,47,6016
1968,48,6144
1969,47,6016
1970,49,6272
1971,49,6272
1972,48,6144
1973,47,6016
1974,47,6016
1975,47,6016
1976,47,6016
1977,47,6016
1978,47,6016
1979,48,6144
1980,48,6144
1981,47,6016
1982,48,6144
1983,47,6016
1984,47,6016
1985,47,6016
1986,47,6016
1987,47,6016
1988,47,6016
1989,47,6016
1990,48,6144
1991,48,6144
1992,48,6144
1993,48,6144
1994,48,6144
1995,49,6272
1996,49,6272
1997,49,6272
1998,48,6144
1999,48,6144
2000,48,6144
