RandomSeed,68599,Population size:128,Bit Length:64,Crossover Rate:0,Mutation Rate:0.005
gen,BestFitness,FitnessEval
1,40,5120
2,40,5120
3,41,5248
4,41,5248
5,41,5248
6,41,5248
7,42,5376
8,42,5376
9,42,5376
10,43,5504
11,44,5632
12,44,5632
13,45,5760
14,45,5760
15,45,5760
16,45,5760
17,46,5888
18,45,5760
19,45,5760
20,45,5760
21,45,5760
22,45,5760
23,45,5760
24,45,5760
25,45,5760
26,45,5760
27,46,5888
28,46,5888
29,46,5888
30,46,5888
31,46,5888
32,47,6016
33,47,6016
34,46,5888
35,46,5888
36,46,5888
37,46,5888
38,46,5888
39,46,5888
40,46,5888
41,47,6016
42,47,6016
43,48,6144
44,47,6016
45,46,5888
46,46,5888
47,46,5888
48,47,6016
49,47,6016
50,47,6016
51,47,6016
52,47,6016
53,47,6016
54,47,6016
55,47,6016
56,47,6016
57,48,6144
58,48,6144
59,47,6016
60,47,6016
61,47,6016
62,48,6144
63,48,6144
64,48,6144
65,47,6016
66,47,6016
67,46,5888
68,47,6016
69,47,6016
70,47,6016
71,46,5888
72,46,5888
73,46,5888
74,46,5888
75,46,5888
76,47,6016
77,47,6016
78,46,5888
79,46,5888
80,47,6016
81,46,5888
82,46,5888
83,46,5888
84,46,5888
85,47,6016
86,46,5888
87,47,6016
88,47,6016
89,47,6016
90,47,6016
91,47,6016
92,47,6016
93,47,6016
94,47,6016
95,47,6016
96,47,6016
97,46,5888
98,46,5888
99,47,6016
100,47,6016
101,47,6016
102,47,6016
103,46,5888
104,47,6016
105,47,6016
106,47,6016
107,47,6016
108,47,6016
109,48,6144
110,47,6016
111,47,6016
112,48,6144
113,48,6144
114,48,6144
115,48,6144
116,47,6016
117,47,6016
118,47,6016
119,48,6144
120,47,6016
121,48,6144
122,47,6016
123,47,6016
124,47,6016
125,48,6144
126,48,6144
127,48,6144
128,48,6144
129,48,6144
130,47,6016
131,47,6016
132,47,6016
133,48,6144
134,49,6272
135,49,6272
136,49,6272
137,50,6400
138,49,6272
139,49,6272
140,49,6272
141,49,6272
142,49,6272
143,50,6400
144,50,6400
145,50,6400
146,50,6400
147,50,6400
148,50,6400
149,50,6400
150,50,6400
151,50,6400
152,50,6400
153,50,6400
154,50,6400
155,48,6144
156,48,6144
157,49,6272
158,50,6400
159,48,6144
160,48,6144
161,48,6144
162,49,6272
163,49,6272
164,48,6144
165,48,6144
166,48,6144
167,48,6144
168,47,6016
169,48,6144
170,48,6144
171,47,6016
172,47,6016
173,47,6016
174,47,6016
175,47,6016
176,47,6016
177,47,6016
178,47,6016
179,47,6016
180,47,6016
181,48,6144
182,48,6144
183,48,6144
184,48,6144
185,48,6144
186,48,6144
187,48,6144
188,48,6144
189,48,6144
190,48,6144
191,48,6144
192,47,6016
193,47,6016
194,48,6144
195,48,6144
196,48,6144
197,48,6144
198,48,6144
199,48,6144
200,49,6272
201,49,6272
202,49,6272
203,50,6400
204,50,6400
205,50,6400
206,50,6400
207,50,6400
208,50,6400
209,50,6400
210,48,6144
211,48,6144
212,48,6144
213,50,6400
214,50,6400
215,50,6400
216,50,6400
217,50,6400
218,50,6400
219,52,6656
220,50,6400
221,50,6400
222,50,6400
223,50,6400
224,50,6400
225,50,6400
226,51,6528
227,51,6528
228,51,6528
229,51,6528
230,51,6528
231,51,6528
232,50,6400
233,50,6400
234,51,6528
235,50,6400
236,50,6400
237,50,6400
238,50,6400
239,51,6528
240,50,6400
241,51,6528
242,51,6528
243,51,6528
244,51,6528
245,51,6528
246,51,6528
247,51,6528
248,52,6656
249,51,6528
250,52,6656
251,53,6784
252,53,6784
253,51,6528
254,51,6528
255,52,6656
256,52,6656
257,53,6784
258,54,6912
259,52,6656
260,52,6656
261,52,6656
262,52,6656
263,51,6528
264,51,6528
265,51,6528
266,51,6528
267,51,6528
268,51,6528
269,51,6528
270,52,6656
271,51,6528
272,51,6528
273,53,6784
274,53,6784
275,53,6784
276,53,6784
277,53,6784
278,53,6784
279,52,6656
280,52,6656
281,51,6528
282,51,6528
283,51,6528
284,52,6656
285,52,6656
286,51,6528
287,53,6784
288,52,6656
289,52,6656
290,52,6656
291,51,6528
292,50,6400
293,51,6528
294,50,6400
295,50,6400
296,51,6528
297,51,6528
298,51,6528
299,52,6656
300,53,6784
301,53,6784
302,53,6784
303,53,6784
304,54,6912
305,53,6784
306,54,6912
307,54,6912
308,54,6912
309,54,6912
310,53,6784
311,51,6528
312,52,6656
313,51,6528
314,51,6528
315,51,6528
316,51,6528
317,51,6528
318,51,6528
319,51,6528
320,51,6528
321,51,6528
322,51,6528
323,51,6528
324,51,6528
325,51,6528
326,51,6528
327,51,6528
328,53,6784
329,53,6784
330,53,6784
331,52,6656
332,52,6656
333,52,6656
334,52,6656
335,52,6656
336,52,6656
337,52,6656
338,51,6528
339,52,6656
340,52,6656
341,52,6656
342,51,6528
343,52,6656
344,52,6656
345,52,6656
346,52,6656
347,52,6656
348,51,6528
349,51,6528
350,51,6528
351,52,6656
352,53,6784
353,53,6784
354,53,6784
355,53,6784
356,53,6784
357,53,6784
358,54,6912
359,54,6912
360,54,6912
361,54,6912
362,54,6912
363,52,6656
364,53,6784
365,52,6656
366,52,6656
367,52,6656
368,52,6656
369,52,6656
370,52,6656
371,52,6656
372,52,6656
373,52,6656
374,52,6656
375,52,6656
376,52,6656
377,52,6656
378,52,6656
379,52,6656
380,52,6656
381,52,6656
382,52,6656
383,52,6656
384,53,6784
385,52,6656
386,52,6656
387,52,6656
388,52,6656
389,52,6656
390,53,6784
391,52,6656
392,52,6656
393,53,6784
394,53,6784
395,52,6656
396,52,6656
397,52,6656
398,52,6656
399,52,6656
400,52,6656
401,52,6656
402,52,6656
403,52,6656
404,52,6656
405,52,6656
406,52,6656
407,50,6400
408,51,6528
409,51,6528
410,51,6528
411,51,6528
412,51,6528
413,51,6528
414,51,6528
415,51,6528
416,51,6528
417,51,6528
418,51,6528
419,52,6656
420,52,6656
421,52,6656
422,51,6528
423,51,6528
424,51,6528
425,51,6528
426,51,6528
427,51,6528
428,51,6528
429,51,6528
430,51,6528
431,51,6528
432,52,6656
433,52,6656
434,52,6656
435,52,6656
436,52,6656
437,52,6656
438,52,6656
439,52,6656
440,51,6528
441,51,6528
442,51,6528
443,51,6528
444,52,6656
445,51,6528
446,51,6528
447,51,6528
448,52,6656
449,52,6656
450,52,6656
451,53,6784
452,52,6656
453,52,6656
454,53,6784
455,52,6656
456,52,6656
457,52,6656
458,52,6656
459,52,6656
460,53,6784
461,52,6656
462,52,6656
463,52,6656
464,52,6656
465,52,6656
466,52,6656
467,53,6784
468,53,6784
469,53,6784
470,53,6784
471,53,6784
472,53,6784
473,54,6912
474,54,6912
475,53,6784
476,53,6784
477,54,6912
478,54,6912
479,54,6912
480,54,6912
481,54,6912
482,54,6912
483,54,6912
484,54,6912
485,54,6912
486,54,6912
487,54,6912
488,54,6912
489,55,7040
490,55,7040
491,54,6912
492,55,7040
493,55,7040
494,56,7168
495,56,7168
496,55,7040
497,55,7040
498,55,7040
499,55,7040
500,55,7040
501,55,7040
502,55,7040
503,55,7040
504,55,7040
505,55,7040
506,56,7168
507,56,7168
508,56,7168
509,56,7168
510,57,7296
511,57,7296
512,57,7296
513,57,7296
514,56,7168
515,56,7168
516,57,7296
517,57,7296
518,57,7296
519,55,7040
520,55,7040
521,54,6912
522,54,6912
523,54,6912
524,55,7040
525,54,6912
526,54,6912
527,54,6912
528,55,7040
529,54,6912
530,53,6784
531,53,6784
532,53,6784
533,54,6912
534,54,6912
535,52,6656
536,53,6784
537,53,6784
538,53,6784
539,52,6656
540,52,6656
541,52,6656
542,52,6656
543,53,6784
544,53,6784
545,52,6656
546,52,6656
547,52,6656
548,51,6528
549,51,6528
550,53,6784
551,53,6784
552,52,6656
553,52,6656
554,52,6656
555,52,6656
556,52,6656
557,52,6656
558,51,6528
559,51,6528
560,51,6528
561,51,6528
562,51,6528
563,51,6528
564,51,6528
565,50,6400
566,50,6400
567,50,6400
568,50,6400
569,50,6400
570,50,6400
571,50,6400
572,51,6528
573,51,6528
574,51,6528
575,51,6528
576,52,6656
577,53,6784
578,52,6656
579,52,6656
580,52,6656
581,52,6656
582,53,6784
583,53,6784
584,53,6784
585,53,6784
586,53,6784
587,52,6656
588,53,6784
589,53,6784
590,53,6784
591,53,6784
592,52,6656
593,52,6656
594,52,6656
595,52,6656
596,52,6656
597,51,6528
598,51,6528
599,51,6528
600,50,6400
601,50,6400
602,49,6272
603,50,6400
604,51,6528
605,52,6656
606,51,6528
607,51,6528
608,51,6528
609,51,6528
610,51,6528
611,50,6400
612,50,6400
613,50,6400
614,50,6400
615,50,6400
616,50,6400
617,51,6528
618,51,6528
619,51,6528
620,51,6528
621,51,6528
622,50,6400
623,50,6400
624,50,6400
625,51,6528
626,51,6528
627,50,6400
628,50,6400
629,51,6528
630,51,6528
631,51,6528
632,51,6528
633,51,6528
634,51,6528
635,51,6528
636,50,6400
637,50,6400
638,50,6400
639,51,6528
640,50,6400
641,50,6400
642,50,6400
643,50,6400
644,50,6400
645,49,6272
646,51,6528
647,51,6528
648,51,6528
649,51,6528
650,51,6528
651,51,6528
652,51,6528
653,52,6656
654,51,6528
655,50,6400
656,50,6400
657,50,6400
658,50,6400
659,48,6144
660,48,6144
661,49,6272
662,49,6272
663,49,6272
664,49,6272
665,49,6272
666,49,6272
667,49,6272
668,50,6400
669,50,6400
670,49,6272
671,49,6272
672,49,6272
673,49,6272
674,49,6272
675,49,6272
676,49,6272
677,49,6272
678,49,6272
679,49,6272
680,50,6400
681,51,6528
682,51,6528
683,51,6528
684,51,6528
685,51,6528
686,51,6528
687,51,6528
688,51,6528
689,51,6528
690,52,6656
691,51,6528
692,51,6528
693,51,6528
694,51,6528
695,51,6528
696,51,6528
697,51,6528
698,50,6400
699,50,6400
700,51,6528
701,51,6528
702,50,6400
703,51,6528
704,50,6400
705,51,6528
706,50,6400
707,50,6400
708,50,6400
709,50,6400
710,50,6400
711,50,6400
712,50,6400
713,50,6400
714,50,6400
715,51,6528
716,49,6272
717,49,6272
718,49,6272
719,48,6144
720,48,6144
721,48,6144
722,48,6144
723,48,6144
724,48,6144
725,48,6144
726,48,6144
727,49,6272
728,49,6272
729,49,6272
730,49,6272
731,49,6272
732,49,6272
733,49,6272
734,49,6272
735,50,6400
736,50,6400
737,50,6400
738,50,6400
739,50,6400
740,49,6272
741,49,6272
742,49,6272
743,50,6400
744,49,6272
745,49,6272
746,49,6272
747,48,6144
748,49,6272
749,49,6272
750,48,6144
751,48,6144
752,48,6144
753,49,6272
754,50,6400
755,50,6400
756,48,6144
757,47,6016
758,47,6016
759,47,6016
760,47,6016
761,48,6144
762,48,6144
763,49,6272
764,48,6144
765,48,6144
766,48,6144
767,49,6272
768,49,6272
769,49,6272
770,50,6400
771,49,6272
772,49,6272
773,49,6272
774,49,6272
775,49,6272
776,50,6400
777,49,6272
778,49,6272
779,50,6400
780,48,6144
781,48,6144
782,49,6272
783,49,6272
784,49,6272
785,49,6272
786,49,6272
787,48,6144
788,48,6144
789,48,6144
790,48,6144
791,48,6144
792,48,6144
793,48,6144
794,47,6016
795,48,6144
796,48,6144
797,47,6016
798,48,6144
799,48,6144
800,48,6144
801,47,6016
802,46,5888
803,47,6016
804,47,6016
805,48,6144
806,47,6016
807,47,6016
808,47,6016
809,48,6144
810,48,6144
811,48,6144
812,47,6016
813,47,6016
814,47,6016
815,48,6144
816,48,6144
817,48,6144
818,48,6144
819,48,6144
820,48,6144
821,48,6144
822,48,6144
823,49,6272
824,47,6016
825,47,6016
826,48,6144
827,48,6144
828,47,6016
829,48,6144
830,47,6016
831,47,6016
832,47,6016
833,46,5888
834,47,6016
835,48,6144
836,48,6144
837,48,6144
838,47,6016
839,48,6144
840,47,6016
841,48,6144
842,49,6272
843,48,6144
844,48,6144
845,49,6272
846,49,6272
847,49,6272
848,48,6144
849,48,6144
850,48,6144
851,48,6144
852,48,6144
853,48,6144
854,48,6144
855,48,6144
856,46,5888
857,47,6016
858,46,5888
859,46,5888
860,46,5888
861,47,6016
862,47,6016
863,47,6016
864,47,6016
865,47,6016
866,46,5888
867,47,6016
868,47,6016
869,47,6016
870,47,6016
871,47,6016
872,47,6016
873,47,6016
874,47,6016
875,47,6016
876,48,6144
877,47,6016
878,47,6016
879,48,6144
880,48,6144
881,48,6144
882,48,6144
883,48,6144
884,48,6144
885,48,6144
886,48,6144
887,49,6272
888,48,6144
889,48,6144
890,49,6272
891,49,6272
892,49,6272
893,49,6272
894,49,6272
895,49,6272
896,50,6400
897,51,6528
898,51,6528
899,49,6272
900,48,6144
901,48,6144
902,48,6144
903,48,6144
904,48,6144
905,47,6016
906,47,6016
907,47,6016
908,47,6016
909,47,6016
910,47,6016
911,47,6016
912,47,6016
913,47,6016
914,48,6144
915,48,6144
916,48,6144
917,48,6144
918,48,6144
919,49,6272
920,50,6400
921,49,6272
922,49,6272
923,49,6272
924,49,6272
925,49,6272
926,49,6272
927,49,6272
928,50,6400
929,50,6400
930,50,6400
931,50,6400
932,50,6400
933,50,6400
934,49,6272
935,49,6272
936,50,6400
937,50,6400
938,50,6400
939,50,6400
940,50,6400
941,51,6528
942,51,6528
943,51,6528
944,50,6400
945,50,6400
946,50,6400
947,50,6400
948,51,6528
949,52,6656
950,50,6400
951,51,6528
952,51,6528
953,51,6528
954,51,6528
955,51,6528
956,51,6528
957,51,6528
958,51,6528
959,52,6656
960,52,6656
961,52,6656
962,52,6656
963,52,6656
964,53,6784
965,54,6912
966,52,6656
967,53,6784
968,52,6656
969,53,6784
970,52,6656
971,52,6656
972,53,6784
973,53,6784
974,54,6912
975,52,6656
976,52,6656
977,52,6656
978,52,6656
979,52,6656
980,52,6656
981,52,6656
982,52,6656
983,52,6656
984,53,6784
985,51,6528
986,52,6656
987,52,6656
988,52,6656
989,52,6656
990,52,6656
991,52,6656
992,52,6656
993,52,6656
994,50,6400
995,50,6400
996,50,6400
997,51,6528
998,51,6528
999,51,6528
1000,51,6528
1001,51,6528
1002,52,6656
1003,51,6528
1004,51,6528
1005,51,6528
1006,51,6528
1007,51,6528
1008,51,6528
1009,51,6528
1010,51,6528
1011,51,6528
1012,51,6528
1013,52,6656
1014,52,6656
1015,53,6784
1016,53,6784
1017,53,6784
1018,52,6656
1019,52,6656
1020,52,6656
1021,52,6656
1022,52,6656
1023,52,6656
1024,52,6656
1025,52,6656
1026,52,6656
1027,52,6656
1028,52,6656
1029,52,6656
1030,53,6784
1031,53,6784
1032,53,6784
1033,53,6784
1034,53,6784
1035,53,6784
1036,53,6784
1037,53,6784
1038,53,6784
1039,53,6784
1040,53,6784
1041,52,6656
1042,51,6528
1043,51,6528
1044,51,6528
1045,51,6528
1046,51,6528
1047,51,6528
1048,51,6528
1049,51,6528
1050,51,6528
1051,51,6528
1052,51,6528
1053,51,6528
1054,51,6528
1055,51,6528
1056,51,6528
1057,51,6528
1058,51,6528
1059,50,6400
1060,50,6400
1061,50,6400
1062,50,6400
1063,50,6400
1064,50,6400
1065,50,6400
1066,50,6400
1067,51,6528
1068,51,6528
1069,50,6400
1070,51,6528
1071,50,6400
1072,50,6400
1073,50,6400
1074,51,6528
1075,51,6528
1076,49,6272
1077,49,6272
1078,49,6272
1079,48,6144
1080,49,6272
1081,49,6272
1082,49,6272
1083,49,6272
1084,49,6272
1085,49,6272
1086,49,6272
1087,49,6272
1088,49,6272
1089,49,6272
1090,48,6144
1091,48,6144
1092,48,6144
1093,48,6144
1094,48,6144
1095,48,6144
1096,47,6016
1097,47,6016
1098,47,6016
1099,48,6144
1100,48,6144
1101,48,6144
1102,48,6144
1103,47,6016
1104,48,6144
1105,48,6144
1106,49,6272
1107,49,6272
1108,50,6400
1109,50,6400
1110,51,6528
1111,51,6528
1112,51,6528
1113,51,6528
1114,51,6528
1115,51,6528
1116,50,6400
1117,50,6400
1118,50,6400
1119,49,6272
1120,49,6272
1121,49,6272
1122,49,6272
1123,49,6272
1124,49,6272
1125,49,6272
1126,48,6144
1127,47,6016
1128,47,6016
1129,47,6016
1130,46,5888
1131,46,5888
1132,47,6016
1133,48,6144
1134,48,6144
1135,46,5888
1136,46,5888
1137,46,5888
1138,47,6016
1139,47,6016
1140,47,6016
1141,48,6144
1142,47,6016
1143,47,6016
1144,47,6016
1145,48,6144
1146,48,6144
1147,48,6144
1148,49,6272
1149,49,6272
1150,49,6272
1151,49,6272
1152,49,6272
1153,49,6272
1154,49,6272
1155,49,6272
1156,50,6400
1157,50,6400
1158,49,6272
1159,49,6272
1160,50,6400
1161,50,6400
1162,50,6400
1163,50,6400
1164,50,6400
1165,50,6400
1166,50,6400
1167,50,6400
1168,50,6400
1169,50,6400
1170,50,6400
1171,50,6400
1172,50,6400
1173,50,6400
1174,50,6400
1175,50,6400
1176,50,6400
1177,50,6400
1178,50,6400
1179,50,6400
1180,50,6400
1181,50,6400
1182,50,6400
1183,49,6272
1184,49,6272
1185,49,6272
1186,49,6272
1187,49,6272
1188,49,6272
1189,49,6272
1190,49,6272
1191,49,6272
1192,49,6272
1193,49,6272
1194,48,6144
1195,48,6144
1196,48,6144
1197,49,6272
1198,49,6272
1199,49,6272
1200,49,6272
1201,50,6400
1202,49,6272
1203,49,6272
1204,49,6272
1205,49,6272
1206,48,6144
1207,48,6144
1208,47,6016
1209,47,6016
1210,47,6016
1211,47,6016
1212,48,6144
1213,47,6016
1214,47,6016
1215,47,6016
1216,47,6016
1217,48,6144
1218,48,6144
1219,48,6144
1220,48,6144
1221,49,6272
1222,49,6272
1223,49,6272
1224,49,6272
1225,50,6400
1226,50,6400
1227,49,6272
1228,49,6272
1229,49,6272
1230,49,6272
1231,47,6016
1232,47,6016
1233,47,6016
1234,47,6016
1235,47,6016
1236,48,6144
1237,48,6144
1238,48,6144
1239,48,6144
1240,49,6272
1241,48,6144
1242,50,6400
1243,50,6400
1244,50,6400
1245,50,6400
1246,50,6400
1247,50,6400
1248,50,6400
1249,50,6400
1250,50,6400
1251,50,6400
1252,50,6400
1253,48,6144
1254,48,6144
1255,48,6144
1256,48,6144
1257,48,6144
1258,48,6144
1259,48,6144
1260,47,6016
1261,47,6016
1262,47,6016
1263,47,6016
1264,48,6144
1265,47,6016
1266,47,6016
1267,47,6016
1268,47,6016
1269,46,5888
1270,46,5888
1271,47,6016
1272,47,6016
1273,47,6016
1274,47,6016
1275,47,6016
1276,47,6016
1277,47,6016
1278,47,6016
1279,47,6016
1280,47,6016
1281,47,6016
1282,47,6016
1283,47,6016
1284,47,6016
1285,47,6016
1286,47,6016
1287,48,6144
1288,48,6144
1289,49,6272
1290,49,6272
1291,49,6272
1292,49,6272
1293,49,6272
1294,47,6016
1295,47,6016
1296,48,6144
1297,48,6144
1298,48,6144
1299,49,6272
1300,49,6272
1301,49,6272
1302,48,6144
1303,48,6144
1304,47,6016
1305,47,6016
1306,46,5888
1307,46,5888
1308,46,5888
1309,45,5760
1310,45,5760
1311,45,5760
1312,45,5760
1313,45,5760
1314,45,5760
1315,46,5888
1316,46,5888
1317,46,5888
1318,46,5888
1319,46,5888
1320,47,6016
1321,47,6016
1322,47,6016
1323,47,6016
1324,47,6016
1325,48,6144
1326,48,6144
1327,49,6272
1328,49,6272
1329,49,6272
1330,50,6400
1331,50,6400
1332,50,6400
1333,50,6400
1334,50,6400
1335,50,6400
1336,50,6400
1337,50,6400
1338,50,6400
1339,49,6272
1340,49,6272
1341,49,6272
1342,49,6272
1343,49,6272
1344,50,6400
1345,49,6272
1346,49,6272
1347,49,6272
1348,49,6272
1349,48,6144
1350,48,6144
1351,48,6144
1352,49,6272
1353,49,6272
1354,49,6272
1355,49,6272
1356,49,6272
1357,50,6400
1358,49,6272
1359,49,6272
1360,49,6272
1361,50,6400
1362,49,6272
1363,49,6272
1364,49,6272
1365,50,6400
1366,50,6400
1367,50,6400
1368,51,6528
1369,51,6528
1370,51,6528
1371,51,6528
1372,52,6656
1373,53,6784
1374,50,6400
1375,51,6528
1376,51,6528
1377,50,6400
1378,49,6272
1379,49,6272
1380,49,6272
1381,49,6272
1382,50,6400
1383,50,6400
1384,50,6400
1385,50,6400
1386,50,6400
1387,48,6144
1388,49,6272
1389,49,6272
1390,49,6272
1391,49,6272
1392,49,6272
1393,50,6400
1394,51,6528
1395,50,6400
1396,50,6400
1397,50,6400
1398,50,6400
1399,50,6400
1400,50,6400
1401,51,6528
1402,51,6528
1403,51,6528
1404,51,6528
1405,51,6528
1406,50,6400
1407,50,6400
1408,50,6400
1409,50,6400
1410,50,6400
1411,50,6400
1412,50,6400
1413,50,6400
1414,50,6400
1415,50,6400
1416,50,6400
1417,49,6272
1418,48,6144
1419,49,6272
1420,48,6144
1421,47,6016
1422,47,6016
1423,48,6144
1424,48,6144
1425,48,6144
1426,48,6144
1427,49,6272
1428,49,6272
1429,49,6272
1430,49,6272
1431,49,6272
1432,49,6272
1433,48,6144
1434,48,6144
1435,48,6144
1436,48,6144
1437,48,6144
1438,48,6144
1439,48,6144
1440,48,6144
1441,49,6272
1442,49,6272
1443,49,6272
1444,50,6400
1445,50,6400
1446,50,6400
1447,50,6400
1448,50,6400
1449,49,6272
1450,49,6272
1451,49,6272
1452,49,6272
1453,49,6272
1454,49,6272
1455,49,6272
1456,49,6272
1457,50,6400
1458,50,6400
1459,49,6272
1460,49,6272
1461,49,6272
1462,50,6400
1463,49,6272
1464,49,6272
1465,49,6272
1466,49,6272
1467,49,6272
1468,49,6272
1469,49,6272
1470,50,6400
1471,50,6400
1472,50,6400
1473,51,6528
1474,50,6400
1475,51,6528
1476,51,6528
1477,52,6656
1478,51,6528
1479,52,6656
1480,52,6656
1481,52,6656
1482,52,6656
1483,52,6656
1484,52,6656
1485,53,6784
1486,52,6656
1487,52,6656
1488,52,6656
1489,53,6784
1490,52,6656
1491,52,6656
1492,51,6528
1493,51,6528
1494,51,6528
1495,51,6528
1496,51,6528
1497,51,6528
1498,51,6528
1499,51,6528
1500,51,6528
1501,52,6656
1502,52,6656
1503,51,6528
1504,50,6400
1505,50,6400
1506,49,6272
1507,50,6400
1508,51,6528
1509,51,6528
1510,51,6528
1511,51,6528
1512,51,6528
1513,51,6528
1514,51,6528
1515,51,6528
1516,51,6528
1517,51,6528
1518,51,6528
1519,51,6528
1520,49,6272
1521,49,6272
1522,50,6400
1523,50,6400
1524,49,6272
1525,49,6272
1526,49,6272
1527,49,6272
1528,49,6272
1529,49,6272
1530,50,6400
1531,50,6400
1532,50,6400
1533,50,6400
1534,50,6400
1535,50,6400
1536,50,6400
1537,50,6400
1538,50,6400
1539,49,6272
1540,49,6272
1541,50,6400
1542,50,6400
1543,49,6272
1544,49,6272
1545,49,6272
1546,49,6272
1547,50,6400
1548,51,6528
1549,51,6528
1550,51,6528
1551,51,6528
1552,50,6400
1553,49,6272
1554,49,6272
1555,49,6272
1556,50,6400
1557,50,6400
1558,49,6272
1559,49,6272
1560,49,6272
1561,49,6272
1562,50,6400
1563,49,6272
1564,50,6400
1565,49,6272
1566,50,6400
1567,50,6400
1568,49,6272
1569,49,6272
1570,49,6272
1571,49,6272
1572,49,6272
1573,49,6272
1574,49,6272
1575,49,6272
1576,49,6272
1577,49,6272
1578,49,6272
1579,49,6272
1580,49,6272
1581,49,6272
1582,49,6272
1583,49,6272
1584,49,6272
1585,49,6272
1586,49,6272
1587,49,6272
1588,48,6144
1589,49,6272
1590,49,6272
1591,50,6400
1592,50,6400
1593,50,6400
1594,51,6528
1595,50,6400
1596,51,6528
1597,49,6272
1598,49,6272
1599,50,6400
1600,49,6272
1601,50,6400
1602,50,6400
1603,49,6272
1604,49,6272
1605,50,6400
1606,51,6528
1607,51,6528
1608,50,6400
1609,49,6272
1610,50,6400
1611,50,6400
1612,50,6400
1613,49,6272
1614,49,6272
1615,49,6272
1616,49,6272
1617,49,6272
1618,49,6272
1619,50,6400
1620,50,6400
1621,51,6528
1622,52,6656
1623,53,6784
1624,53,6784
1625,53,6784
1626,53,6784
1627,53,6784
1628,53,6784
1629,53,6784
1630,53,6784
1631,53,6784
1632,52,6656
1633,52,6656
1634,52,6656
1635,48,6144
1636,48,6144
1637,48,6144
1638,47,6016
1639,47,6016
1640,48,6144
1641,48,6144
1642,48,6144
1643,48,6144
1644,48,6144
1645,48,6144
1646,48,6144
1647,48,6144
1648,48,6144
1649,47,6016
1650,47,6016
1651,47,6016
1652,48,6144
1653,47,6016
1654,47,6016
1655,47,6016
1656,48,6144
1657,47,6016
1658,47,6016
1659,47,6016
1660,47,6016
1661,47,6016
1662,47,6016
1663,47,6016
1664,46,5888
1665,47,6016
1666,46,5888
1667,46,5888
1668,46,5888
1669,46,5888
1670,46,5888
1671,46,5888
1672,46,5888
1673,47,6016
1674,46,5888
1675,46,5888
1676,46,5888
1677,46,5888
1678,46,5888
1679,46,5888
1680,46,5888
1681,46,5888
1682,46,5888
1683,46,5888
1684,47,6016
1685,47,6016
1686,48,6144
1687,48,6144
1688,48,6144
1689,47,6016
1690,48,6144
1691,47,6016
1692,47,6016
1693,48,6144
1694,48,6144
1695,49,6272
1696,48,6144
1697,48,6144
1698,48,6144
1699,47,6016
1700,47,6016
1701,48,6144
1702,48,6144
1703,48,6144
1704,48,6144
1705,48,6144
1706,49,6272
1707,49,6272
1708,49,6272
1709,49,6272
1710,49,6272
1711,50,6400
1712,50,6400
1713,50,6400
1714,50,6400
1715,50,6400
1716,50,6400
1717,51,6528
1718,50,6400
1719,50,6400
1720,50,6400
1721,50,6400
1722,50,6400
1723,50,6400
1724,50,6400
1725,50,6400
1726,50,6400
1727,50,6400
1728,51,6528
1729,51,6528
1730,50,6400
1731,50,6400
1732,49,6272
1733,50,6400
1734,50,6400
1735,50,6400
1736,50,6400
1737,50,6400
1738,50,6400
1739,51,6528
1740,51,6528
1741,50,6400
1742,50,6400
1743,50,6400
1744,50,6400
1745,50,6400
1746,51,6528
1747,51,6528
1748,50,6400
1749,50,6400
1750,50,6400
1751,50,6400
1752,50,6400
1753,51,6528
1754,50,6400
1755,50,6400
1756,50,6400
1757,50,6400
1758,50,6400
1759,50,6400
1760,50,6400
1761,50,6400
1762,51,6528
1763,51,6528
1764,52,6656
1765,52,6656
1766,52,6656
1767,51,6528
1768,51,6528
1769,52,6656
1770,52,6656
1771,52,6656
1772,52,6656
1773,51,6528
1774,51,6528
1775,51,6528
1776,51,6528
1777,51,6528
1778,51,6528
1779,52,6656
1780,52,6656
1781,51,6528
1782,51,6528
1783,51,6528
1784,50,6400
1785,50,6400
1786,50,6400
1787,51,6528
1788,50,6400
1789,50,6400
1790,50,6400
1791,50,6400
1792,52,6656
1793,52,6656
1794,52,6656
1795,52,6656
1796,53,6784
1797,53,6784
1798,51,6528
1799,51,6528
1800,50,6400
1801,49,6272
1802,49,6272
1803,50,6400
1804,50,6400
1805,50,6400
1806,50,6400
1807,50,6400
1808,50,6400
1809,50,6400
1810,50,6400
1811,50,6400
1812,50,6400
1813,50,6400
1814,50,6400
1815,50,6400
1816,50,6400
1817,50,6400
1818,51,6528
1819,50,6400
1820,51,6528
1821,50,6400
1822,50,6400
1823,50,6400
1824,51,6528
1825,51,6528
1826,50,6400
1827,50,6400
1828,51,6528
1829,51,6528
1830,51,6528
1831,51,6528
1832,51,6528
1833,51,6528
1834,51,6528
1835,51,6528
1836,50,6400
1837,50,6400
1838,50,6400
1839,50,6400
1840,50,6400
1841,50,6400
1842,50,6400
1843,50,6400
1844,50,6400
1845,51,6528
1846,50,6400
1847,50,6400
1848,50,6400
1849,51,6528
1850,51,6528
1851,51,6528
1852,51,6528
1853,51,6528
1854,50,6400
1855,50,6400
1856,51,6528
1857,50,6400
1858,50,6400
1859,50,6400
1860,50,6400
1861,51,6528
1862,51,6528
1863,50,6400
1864,50,6400
1865,51,6528
1866,50,6400
1867,51,6528
1868,51,6528
1869,52,6656
1870,52,6656
1871,52,6656
1872,52,6656
1873,52,6656
1874,52,6656
1875,52,6656
1876,52,6656
1877,52,6656
1878,51,6528
1879,51,6528
1880,52,6656
1881,50,6400
1882,50,6400
1883,50,6400
1884,50,6400
1885,52,6656
1886,51,6528
1887,52,6656
1888,51,6528
1889,51,6528
1890,51,6528
1891,52,6656
1892,52,6656
1893,52,6656
1894,49,6272
1895,50,6400
1896,50,6400
1897,49,6272
1898,49,6272
1899,49,6272
1900,49,6272
1901,50,6400
1902,50,6400
1903,50,6400
1904,49,6272
1905,51,6528
1906,51,6528
1907,51,6528
1908,51,6528
1909,51,6528
1910,51,6528
1911,50,6400
1912,51,6528
1913,51,6528
1914,52,6656
1915,52,6656
1916,51,6528
1917,51,6528
1918,51,6528
1919,52,6656
1920,51,6528
1921,52,6656
1922,52,6656
1923,52,6656
1924,52,6656
1925,51,6528
1926,50,6400
1927,50,6400
1928,51,6528
1929,51,6528
1930,51,6528
1931,51,6528
1932,49,6272
1933,49,6272
1934,50,6400
1935,50,6400
1936,50,6400
1937,49,6272
1938,50,6400
1939,50,6400
1940,50,6400
1941,49,6272
1942,49,6272
1943,49,6272
1944,50,6400
1945,49,6272
1946,49,6272
1947,49,6272
1948,50,6400
1949,51,6528
1950,51,6528
1951,51,6528
1952,51,6528
1953,50,6400
1954,50,6400
1955,51,6528
1956,51,6528
1957,50,6400
1958,51,6528
1959,51,6528
1960,49,6272
1961,49,6272
1962,49,6272
1963,49,6272
1964,49,6272
1965,48,6144
1966,49,6272
1967,49,6272
1968,49,6272
1969,48,6144
1970,48,6144
1971,48,6144
1972,48,6144
1973,48,6144
1974,49,6272
1975,49,6272
1976,49,6272
1977,49,6272
1978,49,6272
1979,48,6144
1980,48,6144
1981,48,6144
1982,48,6144
1983,48,6144
1984,48,6144
1985,48,6144
1986,48,6144
1987,47,6016
1988,47,6016
1989,47,6016
1990,47,6016
1991,48,6144
1992,47,6016
1993,49,6272
1994,48,6144
1995,48,6144
1996,48,6144
1997,49,6272
1998,49,6272
1999,48,6144
2000,49,6272
