RandomSeed,29481,Population size:128,Bit Length:64,Crossover Rate:0,Mutation Rate:0.005
gen,BestFitness,FitnessEval
1,42,5376
2,42,5376
3,42,5376
4,41,5248
5,41,5248
6,41,5248
7,39,4992
8,39,4992
9,38,4864
10,38,4864
11,38,4864
12,39,4992
13,39,4992
14,39,4992
15,39,4992
16,39,4992
17,39,4992
18,40,5120
19,40,5120
20,40,5120
21,40,5120
22,41,5248
23,41,5248
24,41,5248
25,41,5248
26,41,5248
27,41,5248
28,41,5248
29,41,5248
30,41,5248
31,41,5248
32,42,5376
33,42,5376
34,42,5376
35,42,5376
36,42,5376
37,42,5376
38,43,5504
39,44,5632
40,44,5632
41,42,5376
42,41,5248
43,42,5376
44,42,5376
45,42,5376
46,42,5376
47,42,5376
48,42,5376
49,42,5376
50,43,5504
51,43,5504
52,43,5504
53,43,5504
54,44,5632
55,44,5632
56,44,5632
57,44,5632
58,44,5632
59,44,5632
60,44,5632
61,44,5632
62,45,5760
63,45,5760
64,45,5760
65,45,5760
66,46,5888
67,46,5888
68,46,5888
69,46,5888
70,46,5888
71,46,5888
72,46,5888
73,46,5888
74,46,5888
75,47,6016
76,47,6016
77,47,6016
78,47,6016
79,48,6144
80,47,6016
81,47,6016
82,47,6016
83,47,6016
84,48,6144
85,48,6144
86,48,6144
87,47,6016
88,47,6016
89,47,6016
90,47,6016
91,47,6016
92,48,6144
93,48,6144
94,48,6144
95,48,6144
96,48,6144
97,49,6272
98,49,6272
99,50,6400
100,50,6400
101,50,6400
102,50,6400
103,51,6528
104,51,6528
105,51,6528
106,51,6528
107,51,6528
108,51,6528
109,51,6528
110,51,6528
111,50,6400
112,50,6400
113,50,6400
114,50,6400
115,50,6400
116,50,6400
117,50,6400
118,50,6400
119,50,6400
120,50,6400
121,50,6400
122,50,6400
123,50,6400
124,50,6400
125,50,6400
126,50,6400
127,50,6400
128,50,6400
129,50,6400
130,50,6400
131,50,6400
132,50,6400
133,51,6528
134,51,6528
135,50,6400
136,50,6400
137,50,6400
138,50,6400
139,51,6528
140,51,6528
141,51,6528
142,51,6528
143,52,6656
144,52,6656
145,52,6656
146,50,6400
147,50,6400
148,50,6400
149,50,6400
150,50,6400
151,50,6400
152,50,6400
153,50,6400
154,49,6272
155,49,6272
156,48,6144
157,49,6272
158,49,6272
159,48,6144
160,48,6144
161,48,6144
162,48,6144
163,47,6016
164,47,6016
165,47,6016
166,48,6144
167,48,6144
168,48,6144
169,48,6144
170,48,6144
171,50,6400
172,50,6400
173,51,6528
174,51,6528
175,51,6528
176,52,6656
177,52,6656
178,52,6656
179,52,6656
180,52,6656
181,52,6656
182,52,6656
183,52,6656
184,52,6656
185,52,6656
186,52,6656
187,53,6784
188,53,6784
189,53,6784
190,53,6784
191,53,6784
192,53,6784
193,53,6784
194,53,6784
195,53,6784
196,54,6912
197,53,6784
198,53,6784
199,53,6784
200,53,6784
201,53,6784
202,53,6784
203,53,6784
204,52,6656
205,52,6656
206,52,6656
207,52,6656
208,52,6656
209,53,6784
210,53,6784
211,53,6784
212,53,6784
213,53,6784
214,53,6784
215,53,6784
216,54,6912
217,54,6912
218,53,6784
219,53,6784
220,53,6784
221,53,6784
222,53,6784
223,53,6784
224,53,6784
225,53,6784
226,52,6656
227,52,6656
228,51,6528
229,51,6528
230,51,6528
231,51,6528
232,52,6656
233,52,6656
234,53,6784
235,53,6784
236,53,6784
237,51,6528
238,51,6528
239,51,6528
240,53,6784
241,52,6656
242,52,6656
243,51,6528
244,51,6528
245,50,6400
246,50,6400
247,51,6528
248,51,6528
249,51,6528
250,52,6656
251,51,6528
252,52,6656
253,52,6656
254,52,6656
255,52,6656
256,52,6656
257,51,6528
258,50,6400
259,50,6400
260,49,6272
261,49,6272
262,49,6272
263,50,6400
264,49,6272
265,49,6272
266,49,6272
267,49,6272
268,49,6272
269,50,6400
270,50,6400
271,51,6528
272,51,6528
273,50,6400
274,50,6400
275,50,6400
276,50,6400
277,50,6400
278,50,6400
279,50,6400
280,50,6400
281,51,6528
282,50,6400
283,49,6272
284,49,6272
285,50,6400
286,49,6272
287,49,6272
288,49,6272
289,50,6400
290,50,6400
291,50,6400
292,51,6528
293,51,6528
294,52,6656
295,52,6656
296,52,6656
297,52,6656
298,52,6656
299,52,6656
300,52,6656
301,52,6656
302,52,6656
303,52,6656
304,52,6656
305,53,6784
306,53,6784
307,53,6784
308,53,6784
309,53,6784
310,51,6528
311,51,6528
312,52,6656
313,52,6656
314,52,6656
315,51,6528
316,51,6528
317,51,6528
318,51,6528
319,51,6528
320,51,6528
321,52,6656
322,52,6656
323,51,6528
324,51,6528
325,51,6528
326,51,6528
327,51,6528
328,51,6528
329,50,6400
330,50,6400
331,51,6528
332,51,6528
333,51,6528
334,51,6528
335,51,6528
336,51,6528
337,51,6528
338,50,6400
339,51,6528
340,50,6400
341,50,6400
342,50,6400
343,50,6400
344,51,6528
345,50,6400
346,50,6400
347,50,6400
348,50,6400
349,51,6528
350,50,6400
351,50,6400
352,50,6400
353,50,6400
354,50,6400
355,50,6400
356,50,6400
357,49,6272
358,50,6400
359,50,6400
360,50,6400
361,50,6400
362,50,6400
363,49,6272
364,49,6272
365,49,6272
366,49,6272
367,49,6272
368,49,6272
369,49,6272
370,49,6272
371,50,6400
372,50,6400
373,50,6400
374,49,6272
375,49,6272
376,49,6272
377,51,6528
378,52,6656
379,52,6656
380,53,6784
381,53,6784
382,53,6784
383,53,6784
384,53,6784
385,53,6784
386,54,6912
387,54,6912
388,54,6912
389,54,6912
390,54,6912
391,55,7040
392,54,6912
393,54,6912
394,54,6912
395,54,6912
396,53,6784
397,53,6784
398,48,6144
399,49,6272
400,49,6272
401,49,6272
402,49,6272
403,49,6272
404,49,6272
405,50,6400
406,50,6400
407,51,6528
408,51,6528
409,51,6528
410,51,6528
411,51,6528
412,51,6528
413,52,6656
414,52,6656
415,52,6656
416,52,6656
417,51,6528
418,52,6656
419,51,6528
420,52,6656
421,52,6656
422,51,6528
423,52,6656
424,52,6656
425,53,6784
426,53,6784
427,53,6784
428,54,6912
429,54,6912
430,54,6912
431,54,6912
432,54,6912
433,54,6912
434,54,6912
435,54,6912
436,54,6912
437,54,6912
438,54,6912
439,54,6912
440,53,6784
441,53,6784
442,52,6656
443,53,6784
444,53,6784
445,52,6656
446,53,6784
447,53,6784
448,53,6784
449,53,6784
450,53,6784
451,52,6656
452,52,6656
453,52,6656
454,52,6656
455,52,6656
456,52,6656
457,53,6784
458,53,6784
459,53,6784
460,53,6784
461,53,6784
462,52,6656
463,53,6784
464,52,6656
465,52,6656
466,52,6656
467,53,6784
468,53,6784
469,52,6656
470,53,6784
471,52,6656
472,51,6528
473,51,6528
474,51,6528
475,51,6528
476,52,6656
477,52,6656
478,53,6784
479,52,6656
480,52,6656
481,52,6656
482,52,6656
483,51,6528
484,51,6528
485,52,6656
486,51,6528
487,50,6400
488,50,6400
489,50,6400
490,50,6400
491,51,6528
492,51,6528
493,51,6528
494,51,6528
495,51,6528
496,50,6400
497,50,6400
498,49,6272
499,48,6144
500,48,6144
501,48,6144
502,48,6144
503,47,6016
504,47,6016
505,47,6016
506,47,6016
507,47,6016
508,47,6016
509,47,6016
510,47,6016
511,47,6016
512,47,6016
513,47,6016
514,47,6016
515,47,6016
516,47,6016
517,48,6144
518,47,6016
519,47,6016
520,48,6144
521,47,6016
522,47,6016
523,49,6272
524,48,6144
525,48,6144
526,48,6144
527,47,6016
528,47,6016
529,47,6016
530,47,6016
531,48,6144
532,47,6016
533,47,6016
534,47,6016
535,47,6016
536,47,6016
537,47,6016
538,46,5888
539,47,6016
540,47,6016
541,47,6016
542,48,6144
543,49,6272
544,49,6272
545,49,6272
546,49,6272
547,49,6272
548,49,6272
549,49,6272
550,49,6272
551,49,6272
552,50,6400
553,50,6400
554,49,6272
555,49,6272
556,49,6272
557,49,6272
558,49,6272
559,49,6272
560,49,6272
561,48,6144
562,49,6272
563,49,6272
564,49,6272
565,49,6272
566,48,6144
567,48,6144
568,48,6144
569,48,6144
570,48,6144
571,48,6144
572,48,6144
573,48,6144
574,48,6144
575,48,6144
576,49,6272
577,49,6272
578,49,6272
579,49,6272
580,50,6400
581,49,6272
582,49,6272
583,49,6272
584,49,6272
585,49,6272
586,49,6272
587,49,6272
588,49,6272
589,49,6272
590,50,6400
591,50,6400
592,51,6528
593,50,6400
594,50,6400
595,51,6528
596,51,6528
597,51,6528
598,50,6400
599,51,6528
600,52,6656
601,51,6528
602,52,6656
603,52,6656
604,53,6784
605,52,6656
606,52,6656
607,52,6656
608,52,6656
609,52,6656
610,51,6528
611,52,6656
612,51,6528
613,51,6528
614,51,6528
615,51,6528
616,50,6400
617,51,6528
618,51,6528
619,51,6528
620,51,6528
621,50,6400
622,50,6400
623,50,6400
624,50,6400
625,50,6400
626,50,6400
627,50,6400
628,50,6400
629,49,6272
630,49,6272
631,49,6272
632,49,6272
633,49,6272
634,50,6400
635,50,6400
636,50,6400
637,50,6400
638,49,6272
639,49,6272
640,48,6144
641,48,6144
642,48,6144
643,48,6144
644,48,6144
645,49,6272
646,49,6272
647,49,6272
648,50,6400
649,50,6400
650,51,6528
651,51,6528
652,52,6656
653,52,6656
654,52,6656
655,52,6656
656,52,6656
657,52,6656
658,51,6528
659,52,6656
660,51,6528
661,50,6400
662,50,6400
663,50,6400
664,50,6400
665,51,6528
666,51,6528
667,51,6528
668,51,6528
669,51,6528
670,52,6656
671,53,6784
672,55,7040
673,55,7040
674,55,7040
675,55,7040
676,55,7040
677,51,6528
678,51,6528
679,51,6528
680,51,6528
681,51,6528
682,52,6656
683,52,6656
684,53,6784
685,52,6656
686,52,6656
687,51,6528
688,52,6656
689,51,6528
690,51,6528
691,51,6528
692,51,6528
693,51,6528
694,51,6528
695,51,6528
696,51,6528
697,51,6528
698,51,6528
699,50,6400
700,50,6400
701,51,6528
702,50,6400
703,50,6400
704,51,6528
705,51,6528
706,51,6528
707,51,6528
708,51,6528
709,51,6528
710,50,6400
711,51,6528
712,50,6400
713,50,6400
714,50,6400
715,51,6528
716,51,6528
717,51,6528
718,51,6528
719,51,6528
720,51,6528
721,51,6528
722,50,6400
723,50,6400
724,50,6400
725,49,6272
726,49,6272
727,50,6400
728,49,6272
729,50,6400
730,50,6400
731,50,6400
732,50,6400
733,50,6400
734,50,6400
735,50,6400
736,50,6400
737,51,6528
738,51,6528
739,51,6528
740,51,6528
741,51,6528
742,51,6528
743,50,6400
744,50,6400
745,50,6400
746,50,6400
747,50,6400
748,50,6400
749,50,6400
750,50,6400
751,50,6400
752,50,6400
753,49,6272
754,49,6272
755,49,6272
756,49,6272
757,50,6400
758,50,6400
759,50,6400
760,51,6528
761,51,6528
762,52,6656
763,52,6656
764,51,6528
765,50,6400
766,50,6400
767,50,6400
768,50,6400
769,50,6400
770,49,6272
771,49,6272
772,49,6272
773,49,6272
774,49,6272
775,49,6272
776,49,6272
777,49,6272
778,49,6272
779,49,6272
780,49,6272
781,48,6144
782,48,6144
783,49,6272
784,49,6272
785,48,6144
786,48,6144
787,48,6144
788,48,6144
789,48,6144
790,48,6144
791,48,6144
792,48,6144
793,48,6144
794,47,6016
795,48,6144
796,48,6144
797,47,6016
798,47,6016
799,49,6272
800,49,6272
801,49,6272
802,49,6272
803,49,6272
804,49,6272
805,50,6400
806,50,6400
807,50,6400
808,49,6272
809,49,6272
810,49,6272
811,49,6272
812,49,6272
813,49,6272
814,49,6272
815,49,6272
816,49,6272
817,49,6272
818,49,6272
819,49,6272
820,49,6272
821,50,6400
822,49,6272
823,48,6144
824,48,6144
825,48,6144
826,49,6272
827,49,6272
828,50,6400
829,50,6400
830,50,6400
831,49,6272
832,49,6272
833,49,6272
834,50,6400
835,50,6400
836,50,6400
837,50,6400
838,50,6400
839,51,6528
840,51,6528
841,50,6400
842,47,6016
843,47,6016
844,47,6016
845,47,6016
846,47,6016
847,47,6016
848,48,6144
849,48,6144
850,48,6144
851,48,6144
852,48,6144
853,49,6272
854,48,6144
855,49,6272
856,48,6144
857,48,6144
858,49,6272
859,49,6272
860,49,6272
861,50,6400
862,49,6272
863,49,6272
864,49,6272
865,50,6400
866,49,6272
867,49,6272
868,49,6272
869,49,6272
870,49,6272
871,49,6272
872,49,6272
873,49,6272
874,48,6144
875,48,6144
876,48,6144
877,49,6272
878,48,6144
879,48,6144
880,47,6016
881,47,6016
882,47,6016
883,48,6144
884,48,6144
885,48,6144
886,47,6016
887,47,6016
888,48,6144
889,48,6144
890,49,6272
891,49,6272
892,49,6272
893,48,6144
894,48,6144
895,49,6272
896,48,6144
897,48,6144
898,48,6144
899,48,6144
900,47,6016
901,47,6016
902,48,6144
903,48,6144
904,48,6144
905,49,6272
906,48,6144
907,48,6144
908,47,6016
909,48,6144
910,49,6272
911,49,6272
912,49,6272
913,49,6272
914,49,6272
915,50,6400
916,51,6528
917,51,6528
918,51,6528
919,50,6400
920,51,6528
921,51,6528
922,51,6528
923,51,6528
924,50,6400
925,49,6272
926,49,6272
927,49,6272
928,50,6400
929,49,6272
930,49,6272
931,49,6272
932,50,6400
933,50,6400
934,50,6400
935,49,6272
936,50,6400
937,50,6400
938,51,6528
939,51,6528
940,52,6656
941,52,6656
942,52,6656
943,52,6656
944,52,6656
945,52,6656
946,50,6400
947,50,6400
948,51,6528
949,51,6528
950,51,6528
951,51,6528
952,51,6528
953,51,6528
954,51,6528
955,51,6528
956,51,6528
957,51,6528
958,51,6528
959,52,6656
960,49,6272
961,50,6400
962,50,6400
963,50,6400
964,50,6400
965,50,6400
966,50,6400
967,48,6144
968,48,6144
969,49,6272
970,49,6272
971,49,6272
972,49,6272
973,49,6272
974,49,6272
975,49,6272
976,48,6144
977,48,6144
978,49,6272
979,49,6272
980,49,6272
981,47,6016
982,47,6016
983,47,6016
984,48,6144
985,48,6144
986,49,6272
987,49,6272
988,49,6272
989,49,6272
990,49,6272
991,47,6016
992,46,5888
993,46,5888
994,47,6016
995,46,5888
996,46,5888
997,47,6016
998,47,6016
999,47,6016
1000,47,6016
1001,47,6016
1002,46,5888
1003,46,5888
1004,46,5888
1005,46,5888
1006,46,5888
1007,46,5888
1008,47,6016
1009,47,6016
1010,47,6016
1011,47,6016
1012,45,5760
1013,46,5888
1014,45,5760
1015,45,5760
1016,45,5760
1017,45,5760
1018,45,5760
1019,45,5760
1020,45,5760
1021,45,5760
1022,45,5760
1023,46,5888
1024,46,5888
1025,46,5888
1026,46,5888
1027,46,5888
1028,46,5888
1029,46,5888
1030,46,5888
1031,47,6016
1032,47,6016
1033,46,5888
1034,46,5888
1035,46,5888
1036,47,6016
1037,47,6016
1038,46,5888
1039,46,5888
1040,47,6016
1041,47,6016
1042,47,6016
1043,48,6144
1044,48,6144
1045,48,6144
1046,48,6144
1047,48,6144
1048,48,6144
1049,46,5888
1050,46,5888
1051,46,5888
1052,47,6016
1053,47,6016
1054,47,6016
1055,47,6016
1056,48,6144
1057,48,6144
1058,48,6144
1059,48,6144
1060,48,6144
1061,48,6144
1062,48,6144
1063,48,6144
1064,48,6144
1065,47,6016
1066,47,6016
1067,47,6016
1068,47,6016
1069,48,6144
1070,47,6016
1071,47,6016
1072,47,6016
1073,47,6016
1074,48,6144
1075,47,6016
1076,46,5888
1077,47,6016
1078,47,6016
1079,46,5888
1080,46,5888
1081,46,5888
1082,46,5888
1083,47,6016
1084,48,6144
1085,46,5888
1086,47,6016
1087,47,6016
1088,48,6144
1089,48,6144
1090,47,6016
1091,49,6272
1092,49,6272
1093,47,6016
1094,48,6144
1095,48,6144
1096,48,6144
1097,47,6016
1098,48,6144
1099,48,6144
1100,49,6272
1101,49,6272
1102,49,6272
1103,49,6272
1104,49,6272
1105,49,6272
1106,50,6400
1107,49,6272
1108,49,6272
1109,50,6400
1110,50,6400
1111,50,6400
1112,50,6400
1113,51,6528
1114,50,6400
1115,50,6400
1116,49,6272
1117,50,6400
1118,50,6400
1119,50,6400
1120,50,6400
1121,50,6400
1122,50,6400
1123,50,6400
1124,50,6400
1125,50,6400
1126,49,6272
1127,49,6272
1128,50,6400
1129,50,6400
1130,50,6400
1131,49,6272
1132,50,6400
1133,50,6400
1134,50,6400
1135,51,6528
1136,51,6528
1137,51,6528
1138,51,6528
1139,51,6528
1140,51,6528
1141,50,6400
1142,51,6528
1143,50,6400
1144,50,6400
1145,50,6400
1146,50,6400
1147,50,6400
1148,51,6528
1149,51,6528
1150,49,6272
1151,50,6400
1152,50,6400
1153,50,6400
1154,51,6528
1155,51,6528
1156,51,6528
1157,51,6528
1158,50,6400
1159,50,6400
1160,49,6272
1161,49,6272
1162,49,6272
1163,49,6272
1164,49,6272
1165,49,6272
1166,49,6272
1167,49,6272
1168,50,6400
1169,48,6144
1170,49,6272
1171,49,6272
1172,48,6144
1173,49,6272
1174,48,6144
1175,49,6272
1176,48,6144
1177,49,6272
1178,48,6144
1179,48,6144
1180,48,6144
1181,48,6144
1182,48,6144
1183,48,6144
1184,49,6272
1185,48,6144
1186,48,6144
1187,48,6144
1188,48,6144
1189,49,6272
1190,49,6272
1191,49,6272
1192,50,6400
1193,49,6272
1194,49,6272
1195,48,6144
1196,49,6272
1197,49,6272
1198,49,6272
1199,49,6272
1200,49,6272
1201,49,6272
1202,49,6272
1203,50,6400
1204,52,6656
1205,52,6656
1206,51,6528
1207,51,6528
1208,51,6528
1209,49,6272
1210,49,6272
1211,49,6272
1212,49,6272
1213,49,6272
1214,49,6272
1215,49,6272
1216,48,6144
1217,48,6144
1218,48,6144
1219,48,6144
1220,48,6144
1221,48,6144
1222,48,6144
1223,48,6144
1224,49,6272
1225,49,6272
1226,49,6272
1227,47,6016
1228,46,5888
1229,46,5888
1230,46,5888
1231,46,5888
1232,46,5888
1233,46,5888
1234,46,5888
1235,46,5888
1236,47,6016
1237,46,5888
1238,46,5888
1239,48,6144
1240,48,6144
1241,46,5888
1242,46,5888
1243,47,6016
1244,47,6016
1245,47,6016
1246,47,6016
1247,47,6016
1248,48,6144
1249,48,6144
1250,47,6016
1251,47,6016
1252,46,5888
1253,47,6016
1254,47,6016
1255,48,6144
1256,47,6016
1257,47,6016
1258,48,6144
1259,48,6144
1260,49,6272
1261,50,6400
1262,49,6272
1263,48,6144
1264,48,6144
1265,48,6144
1266,47,6016
1267,47,6016
1268,47,6016
1269,47,6016
1270,47,6016
1271,47,6016
1272,47,6016
1273,47,6016
1274,48,6144
1275,48,6144
1276,49,6272
1277,49,6272
1278,48,6144
1279,49,6272
1280,49,6272
1281,49,6272
1282,49,6272
1283,49,6272
1284,50,6400
1285,50,6400
1286,50,6400
1287,49,6272
1288,49,6272
1289,48,6144
1290,49,6272
1291,48,6144
1292,48,6144
1293,49,6272
1294,49,6272
1295,49,6272
1296,48,6144
1297,48,6144
1298,48,6144
1299,48,6144
1300,48,6144
1301,48,6144
1302,48,6144
1303,48,6144
1304,48,6144
1305,49,6272
1306,48,6144
1307,48,6144
1308,47,6016
1309,48,6144
1310,47,6016
1311,47,6016
1312,48,6144
1313,48,6144
1314,48,6144
1315,49,6272
1316,49,6272
1317,49,6272
1318,50,6400
1319,50,6400
1320,50,6400
1321,50,6400
1322,49,6272
1323,49,6272
1324,49,6272
1325,49,6272
1326,49,6272
1327,48,6144
1328,48,6144
1329,48,6144
1330,48,6144
1331,49,6272
1332,48,6144
1333,48,6144
1334,48,6144
1335,48,6144
1336,48,6144
1337,48,6144
1338,48,6144
1339,48,6144
1340,48,6144
1341,49,6272
1342,49,6272
1343,49,6272
1344,49,6272
1345,47,6016
1346,48,6144
1347,48,6144
1348,49,6272
1349,49,6272
1350,48,6144
1351,48,6144
1352,49,6272
1353,50,6400
1354,50,6400
1355,50,6400
1356,50,6400
1357,50,6400
1358,49,6272
1359,49,6272
1360,49,6272
1361,49,6272
1362,52,6656
1363,52,6656
1364,52,6656
1365,52,6656
1366,52,6656
1367,52,6656
1368,52,6656
1369,52,6656
1370,52,6656
1371,53,6784
1372,52,6656
1373,52,6656
1374,52,6656
1375,50,6400
1376,51,6528
1377,50,6400
1378,50,6400
1379,50,6400
1380,50,6400
1381,50,6400
1382,51,6528
1383,51,6528
1384,51,6528
1385,52,6656
1386,52,6656
1387,51,6528
1388,51,6528
1389,51,6528
1390,51,6528
1391,51,6528
1392,51,6528
1393,51,6528
1394,50,6400
1395,51,6528
1396,51,6528
1397,51,6528
1398,51,6528
1399,51,6528
1400,52,6656
1401,52,6656
1402,52,6656
1403,52,6656
1404,52,6656
1405,52,6656
1406,51,6528
1407,51,6528
1408,51,6528
1409,52,6656
1410,52,6656
1411,53,6784
1412,53,6784
1413,52,6656
1414,52,6656
1415,52,6656
1416,52,6656
1417,52,6656
1418,52,6656
1419,52,6656
1420,52,6656
1421,52,6656
1422,52,6656
1423,53,6784
1424,52,6656
1425,52,6656
1426,52,6656
1427,52,6656
1428,52,6656
1429,52,6656
1430,53,6784
1431,53,6784
1432,53,6784
1433,54,6912
1434,53,6784
1435,53,6784
1436,53,6784
1437,53,6784
1438,52,6656
1439,52,6656
1440,52,6656
1441,51,6528
1442,52,6656
1443,51,6528
1444,52,6656
1445,52,6656
1446,52,6656
1447,52,6656
1448,52,6656
1449,52,6656
1450,52,6656
1451,52,6656
1452,51,6528
1453,51,6528
1454,51,6528
1455,52,6656
1456,51,6528
1457,51,6528
1458,51,6528
1459,51,6528
1460,51,6528
1461,52,6656
1462,52,6656
1463,52,6656
1464,52,6656
1465,50,6400
1466,50,6400
1467,50,6400
1468,50,6400
1469,50,6400
1470,50,6400
1471,51,6528
1472,50,6400
1473,51,6528
1474,49,6272
1475,49,6272
1476,48,6144
1477,48,6144
1478,48,6144
1479,48,6144
1480,48,6144
1481,48,6144
1482,48,6144
1483,47,6016
1484,47,6016
1485,48,6144
1486,49,6272
1487,49,6272
1488,49,6272
1489,48,6144
1490,47,6016
1491,47,6016
1492,47,6016
1493,48,6144
1494,48,6144
1495,47,6016
1496,47,6016
1497,47,6016
1498,47,6016
1499,47,6016
1500,47,6016
1501,48,6144
1502,48,6144
1503,48,6144
1504,49,6272
1505,48,6144
1506,48,6144
1507,48,6144
1508,48,6144
1509,48,6144
1510,47,6016
1511,48,6144
1512,48,6144
1513,47,6016
1514,47,6016
1515,48,6144
1516,48,6144
1517,48,6144
1518,48,6144
1519,49,6272
1520,49,6272
1521,49,6272
1522,49,6272
1523,50,6400
1524,48,6144
1525,48,6144
1526,48,6144
1527,48,6144
1528,48,6144
1529,48,6144
1530,48,6144
1531,48,6144
1532,48,6144
1533,48,6144
1534,48,6144
1535,48,6144
1536,48,6144
1537,49,6272
1538,49,6272
1539,47,6016
1540,48,6144
1541,47,6016
1542,47,6016
1543,47,6016
1544,48,6144
1545,48,6144
1546,48,6144
1547,48,6144
1548,49,6272
1549,49,6272
1550,50,6400
1551,48,6144
1552,48,6144
1553,48,6144
1554,48,6144
1555,47,6016
1556,47,6016
1557,48,6144
1558,48,6144
1559,48,6144
1560,48,6144
1561,49,6272
1562,49,6272
1563,49,6272
1564,49,6272
1565,49,6272
1566,49,6272
1567,49,6272
1568,48,6144
1569,48,6144
1570,48,6144
1571,49,6272
1572,49,6272
1573,50,6400
1574,49,6272
1575,49,6272
1576,49,6272
1577,49,6272
1578,49,6272
1579,49,6272
1580,49,6272
1581,47,6016
1582,48,6144
1583,48,6144
1584,47,6016
1585,47,6016
1586,47,6016
1587,47,6016
1588,46,5888
1589,46,5888
1590,48,6144
1591,47,6016
1592,47,6016
1593,47,6016
1594,47,6016
1595,47,6016
1596,47,6016
1597,48,6144
1598,48,6144
1599,47,6016
1600,48,6144
1601,48,6144
1602,48,6144
1603,48,6144
1604,48,6144
1605,48,6144
1606,48,6144
1607,49,6272
1608,49,6272
1609,49,6272
1610,49,6272
1611,49,6272
1612,50,6400
1613,51,6528
1614,51,6528
1615,51,6528
1616,52,6656
1617,50,6400
1618,49,6272
1619,49,6272
1620,49,6272
1621,49,6272
1622,49,6272
1623,49,6272
1624,49,6272
1625,49,6272
1626,50,6400
1627,48,6144
1628,48,6144
1629,48,6144
1630,48,6144
1631,49,6272
1632,49,6272
1633,49,6272
1634,49,6272
1635,49,6272
1636,49,6272
1637,49,6272
1638,49,6272
1639,49,6272
1640,49,6272
1641,49,6272
1642,49,6272
1643,49,6272
1644,49,6272
1645,47,6016
1646,47,6016
1647,48,6144
1648,47,6016
1649,47,6016
1650,48,6144
1651,48,6144
1652,49,6272
1653,49,6272
1654,50,6400
1655,49,6272
1656,49,6272
1657,50,6400
1658,51,6528
1659,50,6400
1660,50,6400
1661,50,6400
1662,49,6272
1663,49,6272
1664,50,6400
1665,50,6400
1666,50,6400
1667,49,6272
1668,50,6400
1669,50,6400
1670,50,6400
1671,50,6400
1672,50,6400
1673,50,6400
1674,50,6400
1675,50,6400
1676,51,6528
1677,51,6528
1678,51,6528
1679,50,6400
1680,51,6528
1681,51,6528
1682,51,6528
1683,51,6528
1684,51,6528
1685,51,6528
1686,51,6528
1687,51,6528
1688,51,6528
1689,51,6528
1690,51,6528
1691,50,6400
1692,50,6400
1693,50,6400
1694,51,6528
1695,50,6400
1696,50,6400
1697,51,6528
1698,49,6272
1699,50,6400
1700,50,6400
1701,50,6400
1702,50,6400
1703,51,6528
1704,49,6272
1705,49,6272
1706,49,6272
1707,51,6528
1708,50,6400
1709,50,6400
1710,50,6400
1711,51,6528
1712,50,6400
1713,50,6400
1714,50,6400
1715,50,6400
1716,50,6400
1717,50,6400
1718,51,6528
1719,50,6400
1720,50,6400
1721,50,6400
1722,50,6400
1723,50,6400
1724,50,6400
1725,51,6528
1726,51,6528
1727,51,6528
1728,51,6528
1729,50,6400
1730,50,6400
1731,50,6400
1732,50,6400
1733,50,6400
1734,50,6400
1735,50,6400
1736,49,6272
1737,50,6400
1738,50,6400
1739,49,6272
1740,50,6400
1741,51,6528
1742,49,6272
1743,49,6272
1744,49,6272
1745,49,6272
1746,49,6272
1747,50,6400
1748,49,6272
1749,48,6144
1750,49,6272
1751,49,6272
1752,49,6272
1753,49,6272
1754,49,6272
1755,49,6272
1756,49,6272
1757,50,6400
1758,50,6400
1759,49,6272
1760,50,6400
1761,50,6400
1762,49,6272
1763,50,6400
1764,49,6272
1765,49,6272
1766,50,6400
1767,50,6400
1768,49,6272
1769,49,6272
1770,49,6272
1771,49,6272
1772,49,6272
1773,49,6272
1774,49,6272
1775,50,6400
1776,50,6400
1777,51,6528
1778,51,6528
1779,50,6400
1780,50,6400
1781,50,6400
1782,50,6400
1783,51,6528
1784,51,6528
1785,51,6528
1786,52,6656
1787,51,6528
1788,51,6528
1789,53,6784
1790,53,6784
1791,54,6912
1792,54,6912
1793,53,6784
1794,53,6784
1795,54,6912
1796,53,6784
1797,54,6912
1798,53,6784
1799,53,6784
1800,54,6912
1801,54,6912
1802,54,6912
1803,53,6784
1804,53,6784
1805,53,6784
1806,53,6784
1807,53,6784
1808,52,6656
1809,53,6784
1810,52,6656
1811,52,6656
1812,53,6784
1813,52,6656
1814,52,6656
1815,52,6656
1816,50,6400
1817,51,6528
1818,50,6400
1819,50,6400
1820,50,6400
1821,50,6400
1822,51,6528
1823,50,6400
1824,51,6528
1825,51,6528
1826,51,6528
1827,51,6528
1828,51,6528
1829,51,6528
1830,51,6528
1831,51,6528
1832,51,6528
1833,51,6528
1834,51,6528
1835,51,6528
1836,52,6656
1837,52,6656
1838,52,6656
1839,53,6784
1840,52,6656
1841,52,6656
1842,52,6656
1843,52,6656
1844,53,6784
1845,53,6784
1846,53,6784
1847,53,6784
1848,53,6784
1849,52,6656
1850,52,6656
1851,51,6528
1852,51,6528
1853,51,6528
1854,51,6528
1855,51,6528
1856,51,6528
1857,52,6656
1858,52,6656
1859,51,6528
1860,51,6528
1861,50,6400
1862,51,6528
1863,51,6528
1864,50,6400
1865,50,6400
1866,50,6400
1867,50,6400
1868,50,6400
1869,51,6528
1870,51,6528
1871,50,6400
1872,50,6400
1873,50,6400
1874,50,6400
1875,50,6400
1876,51,6528
1877,52,6656
1878,52,6656
1879,52,6656
1880,52,6656
1881,51,6528
1882,51,6528
1883,51,6528
1884,51,6528
1885,50,6400
1886,50,6400
1887,50,6400
1888,50,6400
1889,51,6528
1890,50,6400
1891,50,6400
1892,51,6528
1893,50,6400
1894,51,6528
1895,51,6528
1896,50,6400
1897,50,6400
1898,50,6400
1899,49,6272
1900,49,6272
1901,49,6272
1902,49,6272
1903,49,6272
1904,49,6272
1905,48,6144
1906,48,6144
1907,49,6272
1908,49,6272
1909,49,6272
1910,49,6272
1911,48,6144
1912,49,6272
1913,49,6272
1914,49,6272
1915,49,6272
1916,50,6400
1917,50,6400
1918,48,6144
1919,48,6144
1920,49,6272
1921,49,6272
1922,48,6144
1923,49,6272
1924,49,6272
1925,49,6272
1926,49,6272
1927,49,6272
1928,49,6272
1929,49,6272
1930,49,6272
1931,49,6272
1932,49,6272
1933,50,6400
1934,49,6272
1935,49,6272
1936,49,6272
1937,50,6400
1938,50,6400
1939,49,6272
1940,49,6272
1941,48,6144
1942,48,6144
1943,48,6144
1944,49,6272
1945,48,6144
1946,48,6144
1947,48,6144
1948,48,6144
1949,48,6144
1950,48,6144
1951,48,6144
1952,48,6144
1953,47,6016
1954,48,6144
1955,48,6144
1956,48,6144
1957,48,6144
1958,48,6144
1959,48,6144
1960,47,6016
1961,48,6144
1962,50,6400
1963,48,6144
1964,48,6144
1965,49,6272
1966,50,6400
1967,49,6272
1968,49,6272
1969,49,6272
1970,49,6272
1971,50,6400
1972,49,6272
1973,49,6272
1974,49,6272
1975,49,6272
1976,49,6272
1977,48,6144
1978,48,6144
1979,48,6144
1980,48,6144
1981,49,6272
1982,48,6144
1983,49,6272
1984,47,6016
1985,48,6144
1986,47,6016
1987,48,6144
1988,48,6144
1989,48,6144
1990,49,6272
1991,48,6144
1992,48,6144
1993,49,6272
1994,49,6272
1995,49,6272
1996,49,6272
1997,49,6272
1998,49,6272
1999,50,6400
2000,49,6272
