RandomSeed,16672,Population size:128,Bit Length:64,Crossover Rate:0,Mutation Rate:0.005
gen,BestFitness,FitnessEval
1,43,5504
2,40,5120
3,39,4992
4,39,4992
5,39,4992
6,39,4992
7,39,4992
8,39,4992
9,40,5120
10,40,5120
11,40,5120
12,40,5120
13,41,5248
14,41,5248
15,41,5248
16,41,5248
17,40,5120
18,41,5248
19,41,5248
20,41,5248
21,41,5248
22,41,5248
23,41,5248
24,41,5248
25,41,5248
26,42,5376
27,41,5248
28,42,5376
29,42,5376
30,42,5376
31,42,5376
32,41,5248
33,43,5504
34,43,5504
35,43,5504
36,43,5504
37,43,5504
38,43,5504
39,43,5504
40,42,5376
41,43,5504
42,42,5376
43,43,5504
44,43,5504
45,44,5632
46,42,5376
47,43,5504
48,43,5504
49,43,5504
50,42,5376
51,43,5504
52,43,5504
53,44,5632
54,43,5504
55,43,5504
56,43,5504
57,44,5632
58,44,5632
59,44,5632
60,44,5632
61,44,5632
62,44,5632
63,42,5376
64,42,5376
65,41,5248
66,41,5248
67,41,5248
68,42,5376
69,42,5376
70,43,5504
71,43,5504
72,43,5504
73,43,5504
74,44,5632
75,44,5632
76,45,5760
77,45,5760
78,44,5632
79,44,5632
80,44,5632
81,45,5760
82,45,5760
83,45,5760
84,45,5760
85,43,5504
86,43,5504
87,43,5504
88,43,5504
89,43,5504
90,43,5504
91,44,5632
92,44,5632
93,43,5504
94,43,5504
95,44,5632
96,44,5632
97,45,5760
98,45,5760
99,44,5632
100,45,5760
101,45,5760
102,45,5760
103,45,5760
104,45,5760
105,46,5888
106,46,5888
107,46,5888
108,46,5888
109,45,5760
110,46,5888
111,46,5888
112,46,5888
113,48,6144
114,48,6144
115,48,6144
116,48,6144
117,48,6144
118,48,6144
119,48,6144
120,49,6272
121,49,6272
122,48,6144
123,48,6144
124,48,6144
125,48,6144
126,48,6144
127,49,6272
128,49,6272
129,49,6272
130,49,6272
131,49,6272
132,49,6272
133,49,6272
134,50,6400
135,50,6400
136,50,6400
137,51,6528
138,51,6528
139,52,6656
140,52,6656
141,52,6656
142,53,6784
143,53,6784
144,53,6784
145,51,6528
146,51,6528
147,51,6528
148,51,6528
149,52,6656
150,50,6400
151,50,6400
152,49,6272
153,49,6272
154,49,6272
155,49,6272
156,49,6272
157,49,6272
158,49,6272
159,49,6272
160,49,6272
161,50,6400
162,50,6400
163,50,6400
164,50,6400
165,50,6400
166,51,6528
167,50,6400
168,50,6400
169,50,6400
170,51,6528
171,50,6400
172,50,6400
173,50,6400
174,50,6400
175,50,6400
176,49,6272
177,49,6272
178,50,6400
179,50,6400
180,49,6272
181,49,6272
182,49,6272
183,49,6272
184,49,6272
185,49,6272
186,49,6272
187,49,6272
188,49,6272
189,48,6144
190,48,6144
191,48,6144
192,48,6144
193,49,6272
194,48,6144
195,48,6144
196,47,6016
197,47,6016
198,47,6016
199,47,6016
200,47,6016
201,46,5888
202,47,6016
203,46,5888
204,46,5888
205,46,5888
206,47,6016
207,46,5888
208,46,5888
209,46,5888
210,46,5888
211,46,5888
212,47,6016
213,46,5888
214,46,5888
215,46,5888
216,46,5888
217,46,5888
218,46,5888
219,45,5760
220,45,5760
221,45,5760
222,46,5888
223,45,5760
224,46,5888
225,47,6016
226,46,5888
227,47,6016
228,46,5888
229,47,6016
230,46,5888
231,46,5888
232,47,6016
233,47,6016
234,48,6144
235,48,6144
236,48,6144
237,48,6144
238,48,6144
239,48,6144
240,48,6144
241,48,6144
242,49,6272
243,48,6144
244,48,6144
245,48,6144
246,48,6144
247,49,6272
248,48,6144
249,48,6144
250,48,6144
251,48,6144
252,48,6144
253,48,6144
254,48,6144
255,48,6144
256,48,6144
257,48,6144
258,48,6144
259,48,6144
260,47,6016
261,47,6016
262,47,6016
263,48,6144
264,47,6016
265,47,6016
266,47,6016
267,47,6016
268,47,6016
269,47,6016
270,47,6016
271,48,6144
272,47,6016
273,47,6016
274,46,5888
275,47,6016
276,47,6016
277,47,6016
278,47,6016
279,47,6016
280,47,6016
281,47,6016
282,47,6016
283,46,5888
284,47,6016
285,47,6016
286,47,6016
287,46,5888
288,46,5888
289,47,6016
290,47,6016
291,48,6144
292,48,6144
293,46,5888
294,47,6016
295,46,5888
296,46,5888
297,47,6016
298,49,6272
299,46,5888
300,46,5888
301,46,5888
302,45,5760
303,45,5760
304,45,5760
305,46,5888
306,46,5888
307,47,6016
308,46,5888
309,46,5888
310,45,5760
311,45,5760
312,45,5760
313,46,5888
314,46,5888
315,46,5888
316,46,5888
317,45,5760
318,44,5632
319,45,5760
320,45,5760
321,45,5760
322,44,5632
323,44,5632
324,44,5632
325,44,5632
326,44,5632
327,45,5760
328,45,5760
329,45,5760
330,45,5760
331,45,5760
332,46,5888
333,46,5888
334,47,6016
335,47,6016
336,47,6016
337,46,5888
338,47,6016
339,47,6016
340,47,6016
341,46,5888
342,45,5760
343,45,5760
344,45,5760
345,45,5760
346,45,5760
347,47,6016
348,47,6016
349,47,6016
350,47,6016
351,47,6016
352,47,6016
353,47,6016
354,46,5888
355,47,6016
356,47,6016
357,48,6144
358,47,6016
359,48,6144
360,47,6016
361,47,6016
362,47,6016
363,47,6016
364,48,6144
365,48,6144
366,47,6016
367,47,6016
368,47,6016
369,47,6016
370,47,6016
371,47,6016
372,48,6144
373,48,6144
374,48,6144
375,48,6144
376,47,6016
377,48,6144
378,47,6016
379,48,6144
380,49,6272
381,49,6272
382,49,6272
383,49,6272
384,48,6144
385,49,6272
386,47,6016
387,48,6144
388,48,6144
389,48,6144
390,48,6144
391,48,6144
392,49,6272
393,49,6272
394,49,6272
395,50,6400
396,50,6400
397,50,6400
398,50,6400
399,50,6400
400,50,6400
401,50,6400
402,51,6528
403,50,6400
404,50,6400
405,50,6400
406,50,6400
407,50,6400
408,50,6400
409,51,6528
410,51,6528
411,51,6528
412,51,6528
413,51,6528
414,51,6528
415,51,6528
416,51,6528
417,51,6528
418,50,6400
419,51,6528
420,51,6528
421,51,6528
422,50,6400
423,50,6400
424,51,6528
425,51,6528
426,51,6528
427,52,6656
428,52,6656
429,51,6528
430,52,6656
431,52,6656
432,50,6400
433,50,6400
434,49,6272
435,49,6272
436,49,6272
437,50,6400
438,50,6400
439,50,6400
440,50,6400
441,49,6272
442,48,6144
443,48,6144
444,48,6144
445,48,6144
446,48,6144
447,49,6272
448,49,6272
449,49,6272
450,47,6016
451,47,6016
452,47,6016
453,47,6016
454,47,6016
455,48,6144
456,48,6144
457,48,6144
458,48,6144
459,47,6016
460,47,6016
461,48,6144
462,46,5888
463,47,6016
464,46,5888
465,46,5888
466,45,5760
467,46,5888
468,45,5760
469,46,5888
470,46,5888
471,46,5888
472,46,5888
473,46,5888
474,46,5888
475,45,5760
476,45,5760
477,45,5760
478,46,5888
479,46,5888
480,47,6016
481,47,6016
482,47,6016
483,47,6016
484,47,6016
485,47,6016
486,47,6016
487,47,6016
488,47,6016
489,47,6016
490,47,6016
491,47,6016
492,47,6016
493,47,6016
494,47,6016
495,47,6016
496,47,6016
497,47,6016
498,48,6144
499,48,6144
500,49,6272
501,49,6272
502,49,6272
503,49,6272
504,49,6272
505,49,6272
506,48,6144
507,49,6272
508,49,6272
509,49,6272
510,49,6272
511,48,6144
512,48,6144
513,49,6272
514,48,6144
515,49,6272
516,49,6272
517,49,6272
518,50,6400
519,50,6400
520,50,6400
521,51,6528
522,50,6400
523,49,6272
524,49,6272
525,50,6400
526,50,6400
527,50,6400
528,50,6400
529,49,6272
530,48,6144
531,50,6400
532,51,6528
533,50,6400
534,50,6400
535,50,6400
536,50,6400
537,49,6272
538,49,6272
539,48,6144
540,48,6144
541,49,6272
542,50,6400
543,48,6144
544,49,6272
545,49,6272
546,49,6272
547,49,6272
548,49,6272
549,50,6400
550,49,6272
551,49,6272
552,49,6272
553,49,6272
554,49,6272
555,49,6272
556,49,6272
557,49,6272
558,50,6400
559,50,6400
560,50,6400
561,50,6400
562,51,6528
563,50,6400
564,51,6528
565,51,6528
566,50,6400
567,50,6400
568,50,6400
569,50,6400
570,50,6400
571,50,6400
572,50,6400
573,50,6400
574,50,6400
575,50,6400
576,50,6400
577,51,6528
578,50,6400
579,50,6400
580,50,6400
581,50,6400
582,51,6528
583,51,6528
584,51,6528
585,51,6528
586,51,6528
587,52,6656
588,52,6656
589,51,6528
590,51,6528
591,51,6528
592,52,6656
593,52,6656
594,51,6528
595,51,6528
596,51,6528
597,51,6528
598,51,6528
599,51,6528
600,51,6528
601,51,6528
602,51,6528
603,51,6528
604,53,6784
605,54,6912
606,54,6912
607,54,6912
608,52,6656
609,50,6400
610,50,6400
611,51,6528
612,50,6400
613,49,6272
614,50,6400
615,50,6400
616,50,6400
617,50,6400
618,50,6400
619,51,6528
620,51,6528
621,51,6528
622,51,6528
623,51,6528
624,51,6528
625,51,6528
626,51,6528
627,52,6656
628,51,6528
629,51,6528
630,51,6528
631,51,6528
632,50,6400
633,51,6528
634,51,6528
635,51,6528
636,50,6400
637,50,6400
638,50,6400
639,50,6400
640,50,6400
641,50,6400
642,50,6400
643,50,6400
644,50,6400
645,50,6400
646,50,6400
647,51,6528
648,51,6528
649,51,6528
650,51,6528
651,51,6528
652,50,6400
653,51,6528
654,51,6528
655,51,6528
656,51,6528
657,51,6528
658,51,6528
659,51,6528
660,51,6528
661,51,6528
662,51,6528
663,51,6528
664,51,6528
665,52,6656
666,52,6656
667,53,6784
668,53,6784
669,53,6784
670,53,6784
671,53,6784
672,53,6784
673,51,6528
674,52,6656
675,52,6656
676,52,6656
677,51,6528
678,51,6528
679,51,6528
680,52,6656
681,53,6784
682,51,6528
683,51,6528
684,51,6528
685,51,6528
686,52,6656
687,52,6656
688,50,6400
689,51,6528
690,51,6528
691,51,6528
692,51,6528
693,51,6528
694,51,6528
695,51,6528
696,51,6528
697,51,6528
698,51,6528
699,50,6400
700,50,6400
701,50,6400
702,51,6528
703,50,6400
704,50,6400
705,50,6400
706,50,6400
707,50,6400
708,50,6400
709,49,6272
710,50,6400
711,50,6400
712,50,6400
713,49,6272
714,48,6144
715,49,6272
716,50,6400
717,48,6144
718,48,6144
719,48,6144
720,48,6144
721,48,6144
722,48,6144
723,48,6144
724,49,6272
725,49,6272
726,49,6272
727,49,6272
728,49,6272
729,48,6144
730,48,6144
731,48,6144
732,47,6016
733,48,6144
734,48,6144
735,49,6272
736,49,6272
737,49,6272
738,49,6272
739,49,6272
740,48,6144
741,47,6016
742,47,6016
743,48,6144
744,48,6144
745,48,6144
746,48,6144
747,47,6016
748,48,6144
749,48,6144
750,47,6016
751,48,6144
752,48,6144
753,47,6016
754,47,6016
755,47,6016
756,47,6016
757,47,6016
758,47,6016
759,48,6144
760,48,6144
761,48,6144
762,47,6016
763,46,5888
764,46,5888
765,46,5888
766,47,6016
767,47,6016
768,48,6144
769,48,6144
770,48,6144
771,48,6144
772,48,6144
773,45,5760
774,46,5888
775,46,5888
776,46,5888
777,46,5888
778,47,6016
779,47,6016
780,47,6016
781,47,6016
782,47,6016
783,47,6016
784,47,6016
785,46,5888
786,46,5888
787,46,5888
788,45,5760
789,46,5888
790,47,6016
791,47,6016
792,47,6016
793,47,6016
794,48,6144
795,47,6016
796,47,6016
797,47,6016
798,46,5888
799,46,5888
800,46,5888
801,46,5888
802,47,6016
803,47,6016
804,47,6016
805,47,6016
806,47,6016
807,47,6016
808,48,6144
809,47,6016
810,48,6144
811,47,6016
812,47,6016
813,47,6016
814,47,6016
815,46,5888
816,47,6016
817,48,6144
818,47,6016
819,47,6016
820,47,6016
821,48,6144
822,47,6016
823,48,6144
824,47,6016
825,47,6016
826,47,6016
827,47,6016
828,47,6016
829,48,6144
830,48,6144
831,48,6144
832,48,6144
833,49,6272
834,48,6144
835,48,6144
836,48,6144
837,48,6144
838,49,6272
839,49,6272
840,49,6272
841,50,6400
842,50,6400
843,50,6400
844,50,6400
845,50,6400
846,50,6400
847,51,6528
848,50,6400
849,51,6528
850,50,6400
851,49,6272
852,49,6272
853,49,6272
854,49,6272
855,49,6272
856,50,6400
857,50,6400
858,50,6400
859,50,6400
860,50,6400
861,49,6272
862,49,6272
863,50,6400
864,49,6272
865,50,6400
866,51,6528
867,51,6528
868,51,6528
869,50,6400
870,49,6272
871,49,6272
872,49,6272
873,49,6272
874,49,6272
875,50,6400
876,50,6400
877,49,6272
878,49,6272
879,49,6272
880,50,6400
881,50,6400
882,49,6272
883,49,6272
884,48,6144
885,49,6272
886,49,6272
887,50,6400
888,50,6400
889,50,6400
890,51,6528
891,50,6400
892,49,6272
893,47,6016
894,47,6016
895,47,6016
896,47,6016
897,48,6144
898,49,6272
899,49,6272
900,50,6400
901,49,6272
902,49,6272
903,48,6144
904,48,6144
905,49,6272
906,49,6272
907,49,6272
908,49,6272
909,49,6272
910,50,6400
911,50,6400
912,49,6272
913,49,6272
914,49,6272
915,49,6272
916,49,6272
917,49,6272
918,49,6272
919,49,6272
920,49,6272
921,49,6272
922,49,6272
923,49,6272
924,49,6272
925,49,6272
926,49,6272
927,50,6400
928,49,6272
929,49,6272
930,49,6272
931,49,6272
932,48,6144
933,48,6144
934,48,6144
935,48,6144
936,49,6272
937,50,6400
938,50,6400
939,50,6400
940,50,6400
941,49,6272
942,49,6272
943,49,6272
944,48,6144
945,48,6144
946,48,6144
947,47,6016
948,48,6144
949,49,6272
950,50,6400
951,48,6144
952,48,6144
953,48,6144
954,48,6144
955,48,6144
956,48,6144
957,48,6144
958,48,6144
959,48,6144
960,48,6144
961,48,6144
962,49,6272
963,48,6144
964,47,6016
965,47,6016
966,48,6144
967,47,6016
968,47,6016
969,48,6144
970,47,6016
971,47,6016
972,46,5888
973,47,6016
974,48,6144
975,47,6016
976,47,6016
977,47,6016
978,48,6144
979,49,6272
980,49,6272
981,49,6272
982,49,6272
983,49,6272
984,49,6272
985,49,6272
986,49,6272
987,49,6272
988,49,6272
989,50,6400
990,50,6400
991,50,6400
992,50,6400
993,50,6400
994,49,6272
995,50,6400
996,50,6400
997,50,6400
998,50,6400
999,51,6528
1000,50,6400
1001,51,6528
1002,49,6272
1003,49,6272
1004,49,6272
1005,49,6272
1006,49,6272
1007,49,6272
1008,49,6272
1009,48,6144
1010,48,6144
1011,49,6272
1012,48,6144
1013,48,6144
1014,48,6144
1015,48,6144
1016,49,6272
1017,49,6272
1018,49,6272
1019,49,6272
1020,49,6272
1021,50,6400
1022,50,6400
1023,51,6528
1024,51,6528
1025,51,6528
1026,51,6528
1027,52,6656
1028,51,6528
1029,51,6528
1030,51,6528
1031,51,6528
1032,51,6528
1033,52,6656
1034,52,6656
1035,52,6656
1036,52,6656
1037,52,6656
1038,51,6528
1039,51,6528
1040,51,6528
1041,52,6656
1042,52,6656
1043,51,6528
1044,51,6528
1045,51,6528
1046,51,6528
1047,51,6528
1048,51,6528
1049,51,6528
1050,51,6528
1051,51,6528
1052,51,6528
1053,50,6400
1054,51,6528
1055,51,6528
1056,50,6400
1057,51,6528
1058,51,6528
1059,49,6272
1060,49,6272
1061,49,6272
1062,48,6144
1063,48,6144
1064,48,6144
1065,49,6272
1066,49,6272
1067,48,6144
1068,48,6144
1069,48,6144
1070,48,6144
1071,48,6144
1072,48,6144
1073,49,6272
1074,49,6272
1075,50,6400
1076,50,6400
1077,50,6400
1078,50,6400
1079,50,6400
1080,50,6400
1081,50,6400
1082,50,6400
1083,50,6400
1084,49,6272
1085,49,6272
1086,49,6272
1087,49,6272
1088,49,6272
1089,50,6400
1090,50,6400
1091,50,6400
1092,49,6272
1093,49,6272
1094,49,6272
1095,49,6272
1096,49,6272
1097,50,6400
1098,50,6400
1099,50,6400
1100,49,6272
1101,49,6272
1102,49,6272
1103,49,6272
1104,50,6400
1105,49,6272
1106,49,6272
1107,49,6272
1108,49,6272
1109,49,6272
1110,50,6400
1111,50,6400
1112,50,6400
1113,50,6400
1114,49,6272
1115,49,6272
1116,49,6272
1117,49,6272
1118,49,6272
1119,49,6272
1120,49,6272
1121,49,6272
1122,49,6272
1123,49,6272
1124,48,6144
1125,48,6144
1126,49,6272
1127,49,6272
1128,49,6272
1129,47,6016
1130,47,6016
1131,48,6144
1132,47,6016
1133,47,6016
1134,47,6016
1135,47,6016
1136,48,6144
1137,48,6144
1138,47,6016
1139,47,6016
1140,47,6016
1141,47,6016
1142,48,6144
1143,48,6144
1144,48,6144
1145,47,6016
1146,47,6016
1147,46,5888
1148,46,5888
1149,47,6016
1150,46,5888
1151,46,5888
1152,47,6016
1153,47,6016
1154,47,6016
1155,47,6016
1156,47,6016
1157,47,6016
1158,48,6144
1159,48,6144
1160,47,6016
1161,48,6144
1162,48,6144
1163,48,6144
1164,48,6144
1165,48,6144
1166,48,6144
1167,48,6144
1168,47,6016
1169,47,6016
1170,49,6272
1171,49,6272
1172,49,6272
1173,49,6272
1174,48,6144
1175,48,6144
1176,48,6144
1177,47,6016
1178,47,6016
1179,47,6016
1180,47,6016
1181,46,5888
1182,47,6016
1183,47,6016
1184,47,6016
1185,47,6016
1186,47,6016
1187,48,6144
1188,48,6144
1189,48,6144
1190,48,6144
1191,48,6144
1192,48,6144
1193,47,6016
1194,47,6016
1195,47,6016
1196,47,6016
1197,47,6016
1198,46,5888
1199,46,5888
1200,46,5888
1201,47,6016
1202,47,6016
1203,47,6016
1204,48,6144
1205,48,6144
1206,48,6144
1207,48,6144
1208,48,6144
1209,48,6144
1210,49,6272
1211,50,6400
1212,49,6272
1213,49,6272
1214,48,6144
1215,49,6272
1216,49,6272
1217,48,6144
1218,49,6272
1219,48,6144
1220,49,6272
1221,49,6272
1222,49,6272
1223,49,6272
1224,49,6272
1225,50,6400
1226,50,6400
1227,50,6400
1228,50,6400
1229,50,6400
1230,50,6400
1231,51,6528
1232,50,6400
1233,50,6400
1234,50,6400
1235,50,6400
1236,49,6272
1237,50,6400
1238,51,6528
1239,51,6528
1240,51,6528
1241,50,6400
1242,51,6528
1243,51,6528
1244,51,6528
1245,51,6528
1246,51,6528
1247,50,6400
1248,50,6400
1249,50,6400
1250,50,6400
1251,50,6400
1252,50,6400
1253,50,6400
1254,50,6400
1255,51,6528
1256,51,6528
1257,50,6400
1258,50,6400
1259,50,6400
1260,50,6400
1261,50,6400
1262,50,6400
1263,50,6400
1264,51,6528
1265,51,6528
1266,51,6528
1267,52,6656
1268,52,6656
1269,51,6528
1270,52,6656
1271,52,6656
1272,52,6656
1273,51,6528
1274,48,6144
1275,49,6272
1276,49,6272
1277,49,6272
1278,49,6272
1279,49,6272
1280,49,6272
1281,48,6144
1282,48,6144
1283,48,6144
1284,48,6144
1285,49,6272
1286,49,6272
1287,49,6272
1288,49,6272
1289,49,6272
1290,49,6272
1291,48,6144
1292,47,6016
1293,47,6016
1294,47,6016
1295,47,6016
1296,47,6016
1297,47,6016
1298,47,6016
1299,46,5888
1300,46,5888
1301,46,5888
1302,46,5888
1303,46,5888
1304,45,5760
1305,45,5760
1306,45,5760
1307,45,5760
1308,46,5888
1309,46,5888
1310,45,5760
1311,45,5760
1312,46,5888
1313,45,5760
1314,45,5760
1315,45,5760
1316,45,5760
1317,45,5760
1318,45,5760
1319,46,5888
1320,46,5888
1321,46,5888
1322,46,5888
1323,46,5888
1324,46,5888
1325,47,6016
1326,47,6016
1327,47,6016
1328,47,6016
1329,48,6144
1330,48,6144
1331,48,6144
1332,48,6144
1333,48,6144
1334,48,6144
1335,48,6144
1336,48,6144
1337,48,6144
1338,49,6272
1339,49,6272
1340,49,6272
1341,49,6272
1342,49,6272
1343,49,6272
1344,49,6272
1345,49,6272
1346,49,6272
1347,50,6400
1348,50,6400
1349,50,6400
1350,51,6528
1351,50,6400
1352,51,6528
1353,51,6528
1354,51,6528
1355,50,6400
1356,50,6400
1357,50,6400
1358,50,6400
1359,50,6400
1360,51,6528
1361,49,6272
1362,50,6400
1363,50,6400
1364,50,6400
1365,50,6400
1366,50,6400
1367,50,6400
1368,50,6400
1369,50,6400
1370,51,6528
1371,51,6528
1372,51,6528
1373,51,6528
1374,49,6272
1375,49,6272
1376,49,6272
1377,49,6272
1378,49,6272
1379,48,6144
1380,48,6144
1381,48,6144
1382,49,6272
1383,49,6272
1384,49,6272
1385,49,6272
1386,49,6272
1387,50,6400
1388,49,6272
1389,49,6272
1390,48,6144
1391,48,6144
1392,48,6144
1393,48,6144
1394,49,6272
1395,48,6144
1396,48,6144
1397,48,6144
1398,49,6272
1399,49,6272
1400,50,6400
1401,48,6144
1402,49,6272
1403,48,6144
1404,48,6144
1405,49,6272
1406,49,6272
1407,49,6272
1408,49,6272
1409,49,6272
1410,49,6272
1411,49,6272
1412,49,6272
1413,50,6400
1414,50,6400
1415,50,6400
1416,50,6400
1417,50,6400
1418,50,6400
1419,51,6528
1420,50,6400
1421,51,6528
1422,51,6528
1423,52,6656
1424,52,6656
1425,52,6656
1426,52,6656
1427,52,6656
1428,51,6528
1429,51,6528
1430,52,6656
1431,52,6656
1432,52,6656
1433,51,6528
1434,51,6528
1435,51,6528
1436,52,6656
1437,53,6784
1438,53,6784
1439,53,6784
1440,53,6784
1441,54,6912
1442,52,6656
1443,52,6656
1444,53,6784
1445,53,6784
1446,53,6784
1447,54,6912
1448,54,6912
1449,53,6784
1450,52,6656
1451,52,6656
1452,52,6656
1453,52,6656
1454,52,6656
1455,53,6784
1456,52,6656
1457,52,6656
1458,51,6528
1459,51,6528
1460,51,6528
1461,51,6528
1462,50,6400
1463,51,6528
1464,51,6528
1465,51,6528
1466,51,6528
1467,51,6528
1468,51,6528
1469,51,6528
1470,51,6528
1471,51,6528
1472,52,6656
1473,51,6528
1474,51,6528
1475,52,6656
1476,51,6528
1477,51,6528
1478,52,6656
1479,51,6528
1480,50,6400
1481,50,6400
1482,50,6400
1483,51,6528
1484,51,6528
1485,51,6528
1486,52,6656
1487,52,6656
1488,52,6656
1489,52,6656
1490,51,6528
1491,51,6528
1492,51,6528
1493,49,6272
1494,49,6272
1495,49,6272
1496,49,6272
1497,49,6272
1498,49,6272
1499,49,6272
1500,50,6400
1501,49,6272
1502,50,6400
1503,50,6400
1504,50,6400
1505,50,6400
1506,50,6400
1507,51,6528
1508,50,6400
1509,50,6400
1510,50,6400
1511,51,6528
1512,51,6528
1513,51,6528
1514,50,6400
1515,51,6528
1516,51,6528
1517,52,6656
1518,52,6656
1519,53,6784
1520,53,6784
1521,52,6656
1522,52,6656
1523,52,6656
1524,51,6528
1525,52,6656
1526,52,6656
1527,52,6656
1528,52,6656
1529,52,6656
1530,53,6784
1531,53,6784
1532,52,6656
1533,52,6656
1534,52,6656
1535,53,6784
1536,52,6656
1537,51,6528
1538,50,6400
1539,51,6528
1540,50,6400
1541,50,6400
1542,50,6400
1543,50,6400
1544,50,6400
1545,51,6528
1546,51,6528
1547,51,6528
1548,51,6528
1549,51,6528
1550,50,6400
1551,50,6400
1552,51,6528
1553,51,6528
1554,51,6528
1555,51,6528
1556,51,6528
1557,50,6400
1558,51,6528
1559,52,6656
1560,51,6528
1561,51,6528
1562,51,6528
1563,50,6400
1564,50,6400
1565,51,6528
1566,50,6400
1567,50,6400
1568,51,6528
1569,51,6528
1570,52,6656
1571,52,6656
1572,52,6656
1573,52,6656
1574,51,6528
1575,51,6528
1576,52,6656
1577,51,6528
1578,52,6656
1579,52,6656
1580,52,6656
1581,52,6656
1582,52,6656
1583,52,6656
1584,52,6656
1585,52,6656
1586,53,6784
1587,52,6656
1588,52,6656
1589,51,6528
1590,51,6528
1591,51,6528
1592,52,6656
1593,52,6656
1594,53,6784
1595,53,6784
1596,53,6784
1597,53,6784
1598,53,6784
1599,53,6784
1600,53,6784
1601,52,6656
1602,52,6656
1603,52,6656
1604,52,6656
1605,53,6784
1606,53,6784
1607,53,6784
1608,53,6784
1609,53,6784
1610,53,6784
1611,53,6784
1612,53,6784
1613,53,6784
1614,52,6656
1615,52,6656
1616,52,6656
1617,53,6784
1618,52,6656
1619,52,6656
1620,52,6656
1621,52,6656
1622,53,6784
1623,53,6784
1624,52,6656
1625,52,6656
1626,52,6656
1627,52,6656
1628,52,6656
1629,52,6656
1630,51,6528
1631,52,6656
1632,52,6656
1633,51,6528
1634,50,6400
1635,50,6400
1636,50,6400
1637,50,6400
1638,50,6400
1639,50,6400
1640,50,6400
1641,51,6528
1642,50,6400
1643,50,6400
1644,50,6400
1645,51,6528
1646,51,6528
1647,51,6528
1648,51,6528
1649,51,6528
1650,51,6528
1651,52,6656
1652,51,6528
1653,51,6528
1654,51,6528
1655,51,6528
1656,51,6528
1657,51,6528
1658,51,6528
1659,51,6528
1660,50,6400
1661,50,6400
1662,49,6272
1663,50,6400
1664,50,6400
1665,51,6528
1666,51,6528
1667,50,6400
1668,50,6400
1669,51,6528
1670,50,6400
1671,50,6400
1672,50,6400
1673,50,6400
1674,50,6400
1675,50,6400
1676,50,6400
1677,50,6400
1678,49,6272
1679,49,6272
1680,49,6272
1681,49,6272
1682,49,6272
1683,50,6400
1684,49,6272
1685,50,6400
1686,50,6400
1687,48,6144
1688,48,6144
1689,47,6016
1690,47,6016
1691,48,6144
1692,48,6144
1693,48,6144
1694,48,6144
1695,48,6144
1696,48,6144
1697,48,6144
1698,49,6272
1699,48,6144
1700,49,6272
1701,49,6272
1702,49,6272
1703,49,6272
1704,48,6144
1705,48,6144
1706,48,6144
1707,49,6272
1708,49,6272
1709,47,6016
1710,47,6016
1711,47,6016
1712,47,6016
1713,47,6016
1714,47,6016
1715,47,6016
1716,47,6016
1717,48,6144
1718,48,6144
1719,48,6144
1720,48,6144
1721,47,6016
1722,47,6016
1723,47,6016
1724,48,6144
1725,47,6016
1726,47,6016
1727,46,5888
1728,46,5888
1729,46,5888
1730,47,6016
1731,48,6144
1732,48,6144
1733,47,6016
1734,46,5888
1735,47,6016
1736,48,6144
1737,48,6144
1738,48,6144
1739,48,6144
1740,48,6144
1741,48,6144
1742,49,6272
1743,49,6272
1744,50,6400
1745,50,6400
1746,50,6400
1747,51,6528
1748,51,6528
1749,51,6528
1750,51,6528
1751,52,6656
1752,52,6656
1753,52,6656
1754,52,6656
1755,51,6528
1756,52,6656
1757,50,6400
1758,50,6400
1759,50,6400
1760,50,6400
1761,50,6400
1762,50,6400
1763,50,6400
1764,50,6400
1765,50,6400
1766,50,6400
1767,50,6400
1768,49,6272
1769,49,6272
1770,50,6400
1771,48,6144
1772,48,6144
1773,49,6272
1774,48,6144
1775,48,6144
1776,47,6016
1777,46,5888
1778,47,6016
1779,48,6144
1780,48,6144
1781,47,6016
1782,48,6144
1783,48,6144
1784,48,6144
1785,48,6144
1786,48,6144
1787,48,6144
1788,48,6144
1789,48,6144
1790,48,6144
1791,48,6144
1792,49,6272
1793,48,6144
1794,48,6144
1795,49,6272
1796,49,6272
1797,49,6272
1798,49,6272
1799,49,6272
1800,49,6272
1801,50,6400
1802,50,6400
1803,50,6400
1804,50,6400
1805,50,6400
1806,50,6400
1807,50,6400
1808,51,6528
1809,51,6528
1810,51,6528
1811,51,6528
1812,52,6656
1813,52,6656
1814,52,6656
1815,52,6656
1816,52,6656
1817,52,6656
1818,52,6656
1819,52,6656
1820,52,6656
1821,51,6528
1822,51,6528
1823,52,6656
1824,52,6656
1825,51,6528
1826,52,6656
1827,51,6528
1828,51,6528
1829,50,6400
1830,50,6400
1831,50,6400
1832,50,6400
1833,50,6400
1834,50,6400
1835,49,6272
1836,49,6272
1837,49,6272
1838,49,6272
1839,49,6272
1840,49,6272
1841,49,6272
1842,49,6272
1843,49,6272
1844,49,6272
1845,48,6144
1846,48,6144
1847,48,6144
1848,48,6144
1849,48,6144
1850,49,6272
1851,48,6144
1852,48,6144
1853,48,6144
1854,48,6144
1855,48,6144
1856,48,6144
1857,49,6272
1858,49,6272
1859,49,6272
1860,49,6272
1861,49,6272
1862,49,6272
1863,49,6272
1864,49,6272
1865,49,6272
1866,49,6272
1867,49,6272
1868,49,6272
1869,49,6272
1870,49,6272
1871,49,6272
1872,49,6272
1873,49,6272
1874,50,6400
1875,50,6400
1876,49,6272
1877,50,6400
1878,50,6400
1879,49,6272
1880,49,6272
1881,49,6272
1882,49,6272
1883,49,6272
1884,48,6144
1885,49,6272
1886,50,6400
1887,50,6400
1888,50,6400
1889,50,6400
1890,50,6400
1891,50,6400
1892,51,6528
1893,48,6144
1894,49,6272
1895,49,6272
1896,49,6272
1897,49,6272
1898,49,6272
1899,49,6272
1900,49,6272
1901,49,6272
1902,48,6144
1903,48,6144
1904,48,6144
1905,48,6144
1906,48,6144
1907,48,6144
1908,48,6144
1909,48,6144
1910,47,6016
1911,47,6016
1912,47,6016
1913,47,6016
1914,47,6016
1915,47,6016
1916,47,6016
1917,47,6016
1918,49,6272
1919,48,6144
1920,48,6144
1921,48,6144
1922,48,6144
1923,48,6144
1924,48,6144
1925,47,6016
1926,47,6016
1927,47,6016
1928,48,6144
1929,48,6144
1930,48,6144
1931,48,6144
1932,48,6144
1933,48,6144
1934,48,6144
1935,48,6144
1936,48,6144
1937,48,6144
1938,48,6144
1939,47,6016
1940,46,5888
1941,46,5888
1942,46,5888
1943,47,6016
1944,47,6016
1945,47,6016
1946,47,6016
1947,48,6144
1948,47,6016
1949,47,6016
1950,47,6016
1951,47,6016
1952,47,6016
1953,47,6016
1954,47,6016
1955,48,6144
1956,48,6144
1957,48,6144
1958,48,6144
1959,48,6144
1960,49,6272
1961,48,6144
1962,48,6144
1963,48,6144
1964,48,6144
1965,48,6144
1966,49,6272
1967,49,6272
1968,49,6272
1969,49,6272
1970,48,6144
1971,48,6144
1972,47,6016
1973,48,6144
1974,48,6144
1975,49,6272
1976,49,6272
1977,49,6272
1978,49,6272
1979,49,6272
1980,49,6272
1981,48,6144
1982,48,6144
1983,49,6272
1984,49,6272
1985,49,6272
1986,49,6272
1987,49,6272
1988,47,6016
1989,48,6144
1990,48,6144
1991,47,6016
1992,47,6016
1993,46,5888
1994,46,5888
1995,47,6016
1996,47,6016
1997,47,6016
1998,47,6016
1999,46,5888
2000,46,5888
