RandomSeed,4645,Population size:128,Bit Length:64,Crossover Rate:0,Mutation Rate:0.005
gen,BestFitness,FitnessEval
1,41,5248
2,42,5376
3,41,5248
4,41,5248
5,42,5376
6,41,5248
7,42,5376
8,42,5376
9,43,5504
10,43,5504
11,43,5504
12,43,5504
13,43,5504
14,43,5504
15,43,5504
16,43,5504
17,43,5504
18,44,5632
19,44,5632
20,44,5632
21,44,5632
22,44,5632
23,44,5632
24,44,5632
25,44,5632
26,44,5632
27,43,5504
28,43,5504
29,43,5504
30,43,5504
31,44,5632
32,43,5504
33,43,5504
34,43,5504
35,43,5504
36,43,5504
37,44,5632
38,44,5632
39,44,5632
40,44,5632
41,45,5760
42,44,5632
43,44,5632
44,44,5632
45,45,5760
46,45,5760
47,46,5888
48,46,5888
49,46,5888
50,46,5888
51,48,6144
52,48,6144
53,48,6144
54,48,6144
55,48,6144
56,49,6272
57,48,6144
58,48,6144
59,48,6144
60,48,6144
61,48,6144
62,49,6272
63,49,6272
64,48,6144
65,48,6144
66,49,6272
67,49,6272
68,49,6272
69,49,6272
70,50,6400
71,50,6400
72,50,6400
73,51,6528
74,51,6528
75,52,6656
76,51,6528
77,49,6272
78,49,6272
79,49,6272
80,48,6144
81,48,6144
82,48,6144
83,48,6144
84,48,6144
85,48,6144
86,48,6144
87,48,6144
88,48,6144
89,47,6016
90,47,6016
91,47,6016
92,47,6016
93,47,6016
94,47,6016
95,46,5888
96,47,6016
97,47,6016
98,47,6016
99,47,6016
100,48,6144
101,48,6144
102,48,6144
103,48,6144
104,49,6272
105,49,6272
106,49,6272
107,50,6400
108,50,6400
109,50,6400
110,50,6400
111,49,6272
112,49,6272
113,49,6272
114,48,6144
115,48,6144
116,49,6272
117,49,6272
118,49,6272
119,50,6400
120,49,6272
121,49,6272
122,49,6272
123,49,6272
124,47,6016
125,48,6144
126,48,6144
127,48,6144
128,47,6016
129,48,6144
130,48,6144
131,48,6144
132,48,6144
133,48,6144
134,48,6144
135,48,6144
136,48,6144
137,48,6144
138,48,6144
139,48,6144
140,49,6272
141,49,6272
142,49,6272
143,49,6272
144,49,6272
145,50,6400
146,50,6400
147,50,6400
148,50,6400
149,50,6400
150,50,6400
151,51,6528
152,51,6528
153,51,6528
154,51,6528
155,51,6528
156,50,6400
157,50,6400
158,51,6528
159,51,6528
160,51,6528
161,50,6400
162,50,6400
163,51,6528
164,51,6528
165,51,6528
166,51,6528
167,52,6656
168,51,6528
169,52,6656
170,51,6528
171,52,6656
172,52,6656
173,51,6528
174,50,6400
175,51,6528
176,51,6528
177,50,6400
178,52,6656
179,50,6400
180,51,6528
181,50,6400
182,50,6400
183,50,6400
184,50,6400
185,50,6400
186,49,6272
187,50,6400
188,50,6400
189,49,6272
190,50,6400
191,50,6400
192,50,6400
193,51,6528
194,50,6400
195,50,6400
196,51,6528
197,51,6528
198,51,6528
199,51,6528
200,51,6528
201,50,6400
202,50,6400
203,51,6528
204,51,6528
205,49,6272
206,49,6272
207,49,6272
208,49,6272
209,49,6272
210,49,6272
211,50,6400
212,49,6272
213,49,6272
214,47,6016
215,47,6016
216,48,6144
217,48,6144
218,48,6144
219,48,6144
220,49,6272
221,49,6272
222,49,6272
223,49,6272
224,49,6272
225,49,6272
226,49,6272
227,49,6272
228,49,6272
229,49,6272
230,49,6272
231,49,6272
232,51,6528
233,49,6272
234,49,6272
235,48,6144
236,48,6144
237,48,6144
238,48,6144
239,48,6144
240,49,6272
241,49,6272
242,49,6272
243,49,6272
244,49,6272
245,49,6272
246,49,6272
247,49,6272
248,49,6272
249,49,6272
250,49,6272
251,49,6272
252,48,6144
253,48,6144
254,48,6144
255,48,6144
256,48,6144
257,46,5888
258,47,6016
259,47,6016
260,47,6016
261,47,6016
262,47,6016
263,47,6016
264,47,6016
265,47,6016
266,47,6016
267,47,6016
268,48,6144
269,47,6016
270,47,6016
271,47,6016
272,47,6016
273,47,6016
274,47,6016
275,46,5888
276,47,6016
277,48,6144
278,48,6144
279,48,6144
280,49,6272
281,48,6144
282,48,6144
283,48,6144
284,48,6144
285,48,6144
286,48,6144
287,49,6272
288,48,6144
289,47,6016
290,46,5888
291,47,6016
292,47,6016
293,47,6016
294,47,6016
295,47,6016
296,46,5888
297,46,5888
298,47,6016
299,47,6016
300,47,6016
301,47,6016
302,47,6016
303,44,5632
304,44,5632
305,44,5632
306,44,5632
307,45,5760
308,44,5632
309,44,5632
310,44,5632
311,44,5632
312,45,5760
313,45,5760
314,43,5504
315,43,5504
316,43,5504
317,43,5504
318,43,5504
319,44,5632
320,43,5504
321,43,5504
322,43,5504
323,43,5504
324,43,5504
325,43,5504
326,43,5504
327,43,5504
328,43,5504
329,43,5504
330,43,5504
331,43,5504
332,43,5504
333,43,5504
334,43,5504
335,42,5376
336,42,5376
337,43,5504
338,42,5376
339,42,5376
340,43,5504
341,43,5504
342,44,5632
343,44,5632
344,44,5632
345,45,5760
346,45,5760
347,46,5888
348,46,5888
349,44,5632
350,45,5760
351,45,5760
352,45,5760
353,45,5760
354,45,5760
355,45,5760
356,45,5760
357,46,5888
358,45,5760
359,45,5760
360,45,5760
361,46,5888
362,46,5888
363,46,5888
364,47,6016
365,47,6016
366,46,5888
367,46,5888
368,46,5888
369,46,5888
370,46,5888
371,45,5760
372,45,5760
373,45,5760
374,46,5888
375,46,5888
376,44,5632
377,44,5632
378,44,5632
379,43,5504
380,44,5632
381,44,5632
382,44,5632
383,44,5632
384,45,5760
385,45,5760
386,45,5760
387,45,5760
388,45,5760
389,45,5760
390,46,5888
391,46,5888
392,44,5632
393,44,5632
394,44,5632
395,44,5632
396,44,5632
397,44,5632
398,44,5632
399,44,5632
400,44,5632
401,43,5504
402,44,5632
403,45,5760
404,43,5504
405,43,5504
406,43,5504
407,43,5504
408,44,5632
409,44,5632
410,44,5632
411,45,5760
412,45,5760
413,46,5888
414,45,5760
415,44,5632
416,44,5632
417,43,5504
418,44,5632
419,44,5632
420,44,5632
421,44,5632
422,45,5760
423,44,5632
424,44,5632
425,44,5632
426,45,5760
427,45,5760
428,45,5760
429,45,5760
430,45,5760
431,45,5760
432,45,5760
433,45,5760
434,46,5888
435,46,5888
436,45,5760
437,46,5888
438,46,5888
439,45,5760
440,45,5760
441,44,5632
442,44,5632
443,43,5504
444,44,5632
445,44,5632
446,44,5632
447,44,5632
448,44,5632
449,44,5632
450,43,5504
451,45,5760
452,43,5504
453,44,5632
454,45,5760
455,45,5760
456,45,5760
457,45,5760
458,44,5632
459,43,5504
460,43,5504
461,42,5376
462,42,5376
463,42,5376
464,42,5376
465,42,5376
466,43,5504
467,42,5376
468,42,5376
469,43,5504
470,43,5504
471,43,5504
472,43,5504
473,43,5504
474,43,5504
475,43,5504
476,45,5760
477,45,5760
478,45,5760
479,43,5504
480,43,5504
481,43,5504
482,43,5504
483,43,5504
484,43,5504
485,42,5376
486,42,5376
487,42,5376
488,42,5376
489,43,5504
490,43,5504
491,43,5504
492,43,5504
493,42,5376
494,44,5632
495,44,5632
496,44,5632
497,44,5632
498,44,5632
499,44,5632
500,46,5888
501,44,5632
502,44,5632
503,44,5632
504,44,5632
505,44,5632
506,45,5760
507,45,5760
508,46,5888
509,46,5888
510,45,5760
511,45,5760
512,46,5888
513,46,5888
514,46,5888
515,46,5888
516,46,5888
517,47,6016
518,47,6016
519,45,5760
520,46,5888
521,45,5760
522,45,5760
523,45,5760
524,45,5760
525,45,5760
526,45,5760
527,46,5888
528,46,5888
529,46,5888
530,46,5888
531,45,5760
532,46,5888
533,46,5888
534,46,5888
535,46,5888
536,47,6016
537,47,6016
538,47,6016
539,46,5888
540,47,6016
541,47,6016
542,48,6144
543,49,6272
544,48,6144
545,48,6144
546,47,6016
547,46,5888
548,46,5888
549,46,5888
550,46,5888
551,46,5888
552,46,5888
553,46,5888
554,44,5632
555,44,5632
556,44,5632
557,44,5632
558,44,5632
559,44,5632
560,45,5760
561,43,5504
562,43,5504
563,43,5504
564,44,5632
565,44,5632
566,44,5632
567,44,5632
568,44,5632
569,44,5632
570,44,5632
571,44,5632
572,44,5632
573,44,5632
574,46,5888
575,46,5888
576,46,5888
577,47,6016
578,47,6016
579,48,6144
580,47,6016
581,47,6016
582,47,6016
583,47,6016
584,46,5888
585,47,6016
586,46,5888
587,45,5760
588,45,5760
589,46,5888
590,46,5888
591,46,5888
592,47,6016
593,48,6144
594,47,6016
595,47,6016
596,47,6016
597,46,5888
598,46,5888
599,46,5888
600,46,5888
601,47,6016
602,46,5888
603,46,5888
604,46,5888
605,46,5888
606,46,5888
607,46,5888
608,46,5888
609,47,6016
610,46,5888
611,46,5888
612,45,5760
613,45,5760
614,45,5760
615,45,5760
616,46,5888
617,46,5888
618,46,5888
619,46,5888
620,46,5888
621,46,5888
622,45,5760
623,45,5760
624,46,5888
625,45,5760
626,46,5888
627,45,5760
628,46,5888
629,46,5888
630,47,6016
631,47,6016
632,47,6016
633,48,6144
634,48,6144
635,48,6144
636,48,6144
637,48,6144
638,49,6272
639,48,6144
640,48,6144
641,48,6144
642,49,6272
643,49,6272
644,50,6400
645,49,6272
646,49,6272
647,49,6272
648,49,6272
649,50,6400
650,50,6400
651,51,6528
652,51,6528
653,51,6528
654,52,6656
655,51,6528
656,51,6528
657,48,6144
658,48,6144
659,48,6144
660,48,6144
661,48,6144
662,48,6144
663,49,6272
664,49,6272
665,48,6144
666,48,6144
667,48,6144
668,48,6144
669,49,6272
670,49,6272
671,49,6272
672,49,6272
673,49,6272
674,48,6144
675,48,6144
676,47,6016
677,47,6016
678,47,6016
679,47,6016
680,47,6016
681,47,6016
682,47,6016
683,47,6016
684,48,6144
685,47,6016
686,48,6144
687,48,6144
688,47,6016
689,47,6016
690,47,6016
691,48,6144
692,48,6144
693,47,6016
694,47,6016
695,47,6016
696,46,5888
697,45,5760
698,45,5760
699,45,5760
700,45,5760
701,46,5888
702,46,5888
703,46,5888
704,47,6016
705,47,6016
706,47,6016
707,47,6016
708,47,6016
709,47,6016
710,48,6144
711,48,6144
712,48,6144
713,48,6144
714,48,6144
715,48,6144
716,49,6272
717,49,6272
718,49,6272
719,49,6272
720,49,6272
721,49,6272
722,50,6400
723,50,6400
724,50,6400
725,50,6400
726,50,6400
727,50,6400
728,50,6400
729,50,6400
730,51,6528
731,51,6528
732,51,6528
733,52,6656
734,52,6656
735,52,6656
736,52,6656
737,52,6656
738,52,6656
739,52,6656
740,52,6656
741,51,6528
742,51,6528
743,51,6528
744,52,6656
745,51,6528
746,50,6400
747,50,6400
748,50,6400
749,50,6400
750,50,6400
751,50,6400
752,50,6400
753,50,6400
754,50,6400
755,51,6528
756,51,6528
757,51,6528
758,51,6528
759,51,6528
760,50,6400
761,50,6400
762,50,6400
763,50,6400
764,51,6528
765,49,6272
766,49,6272
767,49,6272
768,49,6272
769,49,6272
770,49,6272
771,49,6272
772,49,6272
773,49,6272
774,49,6272
775,50,6400
776,50,6400
777,50,6400
778,50,6400
779,51,6528
780,50,6400
781,49,6272
782,50,6400
783,49,6272
784,50,6400
785,50,6400
786,50,6400
787,51,6528
788,51,6528
789,51,6528
790,51,6528
791,51,6528
792,51,6528
793,51,6528
794,51,6528
795,51,6528
796,51,6528
797,48,6144
798,49,6272
799,48,6144
800,50,6400
801,48,6144
802,48,6144
803,48,6144
804,49,6272
805,50,6400
806,50,6400
807,49,6272
808,49,6272
809,50,6400
810,51,6528
811,51,6528
812,49,6272
813,49,6272
814,49,6272
815,49,6272
816,49,6272
817,49,6272
818,48,6144
819,49,6272
820,48,6144
821,48,6144
822,48,6144
823,48,6144
824,48,6144
825,48,6144
826,48,6144
827,48,6144
828,49,6272
829,48,6144
830,48,6144
831,48,6144
832,48,6144
833,48,6144
834,47,6016
835,47,6016
836,47,6016
837,48,6144
838,48,6144
839,46,5888
840,47,6016
841,46,5888
842,46,5888
843,46,5888
844,46,5888
845,46,5888
846,47,6016
847,47,6016
848,46,5888
849,47,6016
850,47,6016
851,47,6016
852,47,6016
853,47,6016
854,47,6016
855,47,6016
856,47,6016
857,48,6144
858,48,6144
859,48,6144
860,48,6144
861,48,6144
862,48,6144
863,48,6144
864,48,6144
865,48,6144
866,49,6272
867,49,6272
868,49,6272
869,50,6400
870,50,6400
871,50,6400
872,50,6400
873,48,6144
874,48,6144
875,47,6016
876,47,6016
877,47,6016
878,47,6016
879,47,6016
880,47,6016
881,47,6016
882,47,6016
883,47,6016
884,47,6016
885,47,6016
886,47,6016
887,47,6016
888,47,6016
889,47,6016
890,47,6016
891,47,6016
892,47,6016
893,47,6016
894,46,5888
895,46,5888
896,47,6016
897,48,6144
898,49,6272
899,47,6016
900,47,6016
901,47,6016
902,48,6144
903,48,6144
904,48,6144
905,48,6144
906,48,6144
907,47,6016
908,48,6144
909,48,6144
910,48,6144
911,48,6144
912,48,6144
913,48,6144
914,48,6144
915,48,6144
916,48,6144
917,48,6144
918,48,6144
919,47,6016
920,48,6144
921,48,6144
922,48,6144
923,48,6144
924,48,6144
925,47,6016
926,47,6016
927,47,6016
928,47,6016
929,47,6016
930,47,6016
931,47,6016
932,47,6016
933,47,6016
934,47,6016
935,47,6016
936,47,6016
937,48,6144
938,47,6016
939,48,6144
940,48,6144
941,48,6144
942,49,6272
943,48,6144
944,47,6016
945,48,6144
946,48,6144
947,48,6144
948,49,6272
949,49,6272
950,49,6272
951,49,6272
952,48,6144
953,48,6144
954,49,6272
955,49,6272
956,47,6016
957,47,6016
958,49,6272
959,48,6144
960,48,6144
961,48,6144
962,48,6144
963,48,6144
964,48,6144
965,49,6272
966,50,6400
967,50,6400
968,50,6400
969,51,6528
970,52,6656
971,52,6656
972,51,6528
973,49,6272
974,49,6272
975,49,6272
976,49,6272
977,49,6272
978,47,6016
979,47,6016
980,47,6016
981,47,6016
982,47,6016
983,47,6016
984,47,6016
985,47,6016
986,47,6016
987,47,6016
988,47,6016
989,46,5888
990,46,5888
991,47,6016
992,47,6016
993,47,6016
994,47,6016
995,47,6016
996,47,6016
997,47,6016
998,47,6016
999,47,6016
1000,47,6016
1001,48,6144
1002,48,6144
1003,48,6144
1004,47,6016
1005,47,6016
1006,47,6016
1007,46,5888
1008,47,6016
1009,47,6016
1010,47,6016
1011,47,6016
1012,48,6144
1013,48,6144
1014,48,6144
1015,47,6016
1016,47,6016
1017,47,6016
1018,47,6016
1019,47,6016
1020,48,6144
1021,48,6144
1022,49,6272
1023,49,6272
1024,49,6272
1025,48,6144
1026,48,6144
1027,48,6144
1028,48,6144
1029,48,6144
1030,47,6016
1031,47,6016
1032,47,6016
1033,47,6016
1034,47,6016
1035,47,6016
1036,48,6144
1037,48,6144
1038,48,6144
1039,49,6272
1040,49,6272
1041,48,6144
1042,48,6144
1043,48,6144
1044,48,6144
1045,48,6144
1046,48,6144
1047,48,6144
1048,48,6144
1049,48,6144
1050,48,6144
1051,48,6144
1052,48,6144
1053,49,6272
1054,47,6016
1055,49,6272
1056,49,6272
1057,48,6144
1058,48,6144
1059,49,6272
1060,50,6400
1061,50,6400
1062,50,6400
1063,51,6528
1064,51,6528
1065,51,6528
1066,51,6528
1067,51,6528
1068,51,6528
1069,51,6528
1070,51,6528
1071,52,6656
1072,52,6656
1073,52,6656
1074,52,6656
1075,52,6656
1076,52,6656
1077,52,6656
1078,52,6656
1079,52,6656
1080,52,6656
1081,52,6656
1082,52,6656
1083,52,6656
1084,52,6656
1085,52,6656
1086,52,6656
1087,52,6656
1088,52,6656
1089,52,6656
1090,52,6656
1091,52,6656
1092,52,6656
1093,51,6528
1094,51,6528
1095,50,6400
1096,51,6528
1097,51,6528
1098,52,6656
1099,53,6784
1100,53,6784
1101,53,6784
1102,52,6656
1103,52,6656
1104,52,6656
1105,52,6656
1106,51,6528
1107,51,6528
1108,50,6400
1109,50,6400
1110,50,6400
1111,49,6272
1112,50,6400
1113,50,6400
1114,50,6400
1115,50,6400
1116,50,6400
1117,49,6272
1118,49,6272
1119,49,6272
1120,49,6272
1121,49,6272
1122,49,6272
1123,49,6272
1124,49,6272
1125,49,6272
1126,48,6144
1127,49,6272
1128,49,6272
1129,49,6272
1130,49,6272
1131,48,6144
1132,48,6144
1133,49,6272
1134,48,6144
1135,48,6144
1136,49,6272
1137,49,6272
1138,48,6144
1139,48,6144
1140,49,6272
1141,48,6144
1142,48,6144
1143,49,6272
1144,48,6144
1145,48,6144
1146,48,6144
1147,48,6144
1148,48,6144
1149,48,6144
1150,48,6144
1151,48,6144
1152,48,6144
1153,48,6144
1154,49,6272
1155,49,6272
1156,49,6272
1157,49,6272
1158,49,6272
1159,49,6272
1160,49,6272
1161,49,6272
1162,49,6272
1163,49,6272
1164,48,6144
1165,48,6144
1166,48,6144
1167,48,6144
1168,48,6144
1169,48,6144
1170,47,6016
1171,47,6016
1172,47,6016
1173,47,6016
1174,47,6016
1175,47,6016
1176,47,6016
1177,47,6016
1178,47,6016
1179,47,6016
1180,47,6016
1181,47,6016
1182,47,6016
1183,47,6016
1184,47,6016
1185,47,6016
1186,47,6016
1187,47,6016
1188,47,6016
1189,46,5888
1190,46,5888
1191,46,5888
1192,47,6016
1193,47,6016
1194,47,6016
1195,47,6016
1196,47,6016
1197,47,6016
1198,47,6016
1199,47,6016
1200,47,6016
1201,47,6016
1202,47,6016
1203,47,6016
1204,48,6144
1205,48,6144
1206,48,6144
1207,47,6016
1208,47,6016
1209,48,6144
1210,48,6144
1211,48,6144
1212,48,6144
1213,49,6272
1214,49,6272
1215,49,6272
1216,47,6016
1217,47,6016
1218,48,6144
1219,48,6144
1220,48,6144
1221,48,6144
1222,47,6016
1223,47,6016
1224,48,6144
1225,48,6144
1226,48,6144
1227,48,6144
1228,50,6400
1229,47,6016
1230,48,6144
1231,47,6016
1232,47,6016
1233,46,5888
1234,46,5888
1235,46,5888
1236,46,5888
1237,46,5888
1238,46,5888
1239,46,5888
1240,47,6016
1241,47,6016
1242,47,6016
1243,47,6016
1244,47,6016
1245,47,6016
1246,46,5888
1247,46,5888
1248,46,5888
1249,47,6016
1250,48,6144
1251,48,6144
1252,47,6016
1253,47,6016
1254,48,6144
1255,46,5888
1256,46,5888
1257,47,6016
1258,47,6016
1259,46,5888
1260,46,5888
1261,47,6016
1262,47,6016
1263,47,6016
1264,47,6016
1265,46,5888
1266,46,5888
1267,46,5888
1268,46,5888
1269,48,6144
1270,48,6144
1271,48,6144
1272,46,5888
1273,45,5760
1274,45,5760
1275,45,5760
1276,45,5760
1277,46,5888
1278,46,5888
1279,46,5888
1280,47,6016
1281,47,6016
1282,47,6016
1283,48,6144
1284,49,6272
1285,47,6016
1286,44,5632
1287,45,5760
1288,45,5760
1289,45,5760
1290,45,5760
1291,45,5760
1292,46,5888
1293,46,5888
1294,45,5760
1295,45,5760
1296,45,5760
1297,45,5760
1298,46,5888
1299,46,5888
1300,47,6016
1301,46,5888
1302,47,6016
1303,47,6016
1304,47,6016
1305,47,6016
1306,47,6016
1307,47,6016
1308,47,6016
1309,47,6016
1310,48,6144
1311,47,6016
1312,46,5888
1313,47,6016
1314,47,6016
1315,47,6016
1316,47,6016
1317,47,6016
1318,48,6144
1319,48,6144
1320,48,6144
1321,48,6144
1322,48,6144
1323,48,6144
1324,48,6144
1325,48,6144
1326,48,6144
1327,48,6144
1328,48,6144
1329,48,6144
1330,48,6144
1331,48,6144
1332,47,6016
1333,48,6144
1334,48,6144
1335,48,6144
1336,49,6272
1337,45,5760
1338,45,5760
1339,46,5888
1340,46,5888
1341,44,5632
1342,45,5760
1343,45,5760
1344,45,5760
1345,45,5760
1346,45,5760
1347,45,5760
1348,46,5888
1349,46,5888
1350,44,5632
1351,44,5632
1352,45,5760
1353,45,5760
1354,45,5760
1355,45,5760
1356,45,5760
1357,45,5760
1358,45,5760
1359,45,5760
1360,45,5760
1361,45,5760
1362,45,5760
1363,46,5888
1364,47,6016
1365,47,6016
1366,47,6016
1367,47,6016
1368,46,5888
1369,46,5888
1370,47,6016
1371,44,5632
1372,44,5632
1373,44,5632
1374,44,5632
1375,44,5632
1376,45,5760
1377,44,5632
1378,45,5760
1379,45,5760
1380,46,5888
1381,45,5760
1382,45,5760
1383,45,5760
1384,45,5760
1385,45,5760
1386,45,5760
1387,45,5760
1388,45,5760
1389,46,5888
1390,47,6016
1391,46,5888
1392,45,5760
1393,46,5888
1394,45,5760
1395,46,5888
1396,45,5760
1397,45,5760
1398,46,5888
1399,46,5888
1400,46,5888
1401,46,5888
1402,46,5888
1403,46,5888
1404,46,5888
1405,46,5888
1406,46,5888
1407,46,5888
1408,46,5888
1409,44,5632
1410,44,5632
1411,45,5760
1412,45,5760
1413,44,5632
1414,44,5632
1415,44,5632
1416,43,5504
1417,44,5632
1418,44,5632
1419,45,5760
1420,45,5760
1421,44,5632
1422,44,5632
1423,44,5632
1424,44,5632
1425,44,5632
1426,44,5632
1427,44,5632
1428,45,5760
1429,45,5760
1430,45,5760
1431,45,5760
1432,46,5888
1433,45,5760
1434,46,5888
1435,45,5760
1436,45,5760
1437,46,5888
1438,46,5888
1439,46,5888
1440,45,5760
1441,46,5888
1442,46,5888
1443,46,5888
1444,46,5888
1445,46,5888
1446,45,5760
1447,45,5760
1448,45,5760
1449,46,5888
1450,46,5888
1451,46,5888
1452,47,6016
1453,46,5888
1454,46,5888
1455,46,5888
1456,46,5888
1457,48,6144
1458,48,6144
1459,47,6016
1460,47,6016
1461,46,5888
1462,45,5760
1463,46,5888
1464,45,5760
1465,45,5760
1466,45,5760
1467,45,5760
1468,45,5760
1469,45,5760
1470,45,5760
1471,46,5888
1472,46,5888
1473,46,5888
1474,46,5888
1475,46,5888
1476,46,5888
1477,47,6016
1478,46,5888
1479,45,5760
1480,46,5888
1481,46,5888
1482,46,5888
1483,47,6016
1484,46,5888
1485,46,5888
1486,47,6016
1487,47,6016
1488,46,5888
1489,46,5888
1490,47,6016
1491,47,6016
1492,47,6016
1493,47,6016
1494,47,6016
1495,47,6016
1496,47,6016
1497,47,6016
1498,47,6016
1499,48,6144
1500,47,6016
1501,47,6016
1502,47,6016
1503,47,6016
1504,47,6016
1505,47,6016
1506,47,6016
1507,47,6016
1508,47,6016
1509,47,6016
1510,46,5888
1511,46,5888
1512,46,5888
1513,47,6016
1514,48,6144
1515,48,6144
1516,48,6144
1517,48,6144
1518,47,6016
1519,48,6144
1520,49,6272
1521,49,6272
1522,48,6144
1523,49,6272
1524,49,6272
1525,50,6400
1526,50,6400
1527,50,6400
1528,51,6528
1529,50,6400
1530,50,6400
1531,50,6400
1532,50,6400
1533,51,6528
1534,50,6400
1535,52,6656
1536,50,6400
1537,51,6528
1538,52,6656
1539,52,6656
1540,52,6656
1541,52,6656
1542,52,6656
1543,52,6656
1544,53,6784
1545,51,6528
1546,51,6528
1547,52,6656
1548,53,6784
1549,53,6784
1550,53,6784
1551,53,6784
1552,53,6784
1553,53,6784
1554,53,6784
1555,53,6784
1556,53,6784
1557,52,6656
1558,52,6656
1559,54,6912
1560,52,6656
1561,52,6656
1562,53,6784
1563,52,6656
1564,52,6656
1565,52,6656
1566,52,6656
1567,52,6656
1568,52,6656
1569,53,6784
1570,52,6656
1571,52,6656
1572,52,6656
1573,52,6656
1574,52,6656
1575,52,6656
1576,52,6656
1577,52,6656
1578,52,6656
1579,52,6656
1580,52,6656
1581,52,6656
1582,52,6656
1583,52,6656
1584,52,6656
1585,53,6784
1586,52,6656
1587,52,6656
1588,52,6656
1589,52,6656
1590,52,6656
1591,52,6656
1592,53,6784
1593,53,6784
1594,53,6784
1595,53,6784
1596,53,6784
1597,53,6784
1598,53,6784
1599,53,6784
1600,54,6912
1601,52,6656
1602,52,6656
1603,51,6528
1604,51,6528
1605,51,6528
1606,49,6272
1607,49,6272
1608,49,6272
1609,49,6272
1610,50,6400
1611,50,6400
1612,50,6400
1613,50,6400
1614,51,6528
1615,50,6400
1616,50,6400
1617,50,6400
1618,50,6400
1619,51,6528
1620,51,6528
1621,51,6528
1622,51,6528
1623,50,6400
1624,51,6528
1625,51,6528
1626,50,6400
1627,50,6400
1628,50,6400
1629,50,6400
1630,50,6400
1631,49,6272
1632,49,6272
1633,49,6272
1634,49,6272
1635,49,6272
1636,49,6272
1637,49,6272
1638,49,6272
1639,48,6144
1640,49,6272
1641,49,6272
1642,48,6144
1643,48,6144
1644,48,6144
1645,48,6144
1646,48,6144
1647,48,6144
1648,47,6016
1649,47,6016
1650,47,6016
1651,47,6016
1652,48,6144
1653,48,6144
1654,47,6016
1655,47,6016
1656,47,6016
1657,47,6016
1658,47,6016
1659,47,6016
1660,47,6016
1661,47,6016
1662,48,6144
1663,48,6144
1664,48,6144
1665,48,6144
1666,48,6144
1667,47,6016
1668,47,6016
1669,47,6016
1670,47,6016
1671,47,6016
1672,47,6016
1673,48,6144
1674,47,6016
1675,49,6272
1676,48,6144
1677,48,6144
1678,48,6144
1679,48,6144
1680,48,6144
1681,49,6272
1682,49,6272
1683,49,6272
1684,49,6272
1685,49,6272
1686,49,6272
1687,49,6272
1688,50,6400
1689,50,6400
1690,49,6272
1691,49,6272
1692,49,6272
1693,50,6400
1694,50,6400
1695,50,6400
1696,49,6272
1697,49,6272
1698,49,6272
1699,49,6272
1700,49,6272
1701,49,6272
1702,49,6272
1703,49,6272
1704,49,6272
1705,49,6272
1706,50,6400
1707,50,6400
1708,49,6272
1709,49,6272
1710,49,6272
1711,49,6272
1712,49,6272
1713,49,6272
1714,49,6272
1715,50,6400
1716,50,6400
1717,51,6528
1718,51,6528
1719,51,6528
1720,51,6528
1721,51,6528
1722,51,6528
1723,51,6528
1724,52,6656
1725,52,6656
1726,52,6656
1727,52,6656
1728,52,6656
1729,52,6656
1730,51,6528
1731,51,6528
1732,52,6656
1733,52,6656
1734,52,6656
1735,52,6656
1736,52,6656
1737,51,6528
1738,51,6528
1739,51,6528
1740,52,6656
1741,52,6656
1742,52,6656
1743,51,6528
1744,51,6528
1745,51,6528
1746,50,6400
1747,49,6272
1748,49,6272
1749,49,6272
1750,50,6400
1751,49,6272
1752,49,6272
1753,49,6272
1754,49,6272
1755,48,6144
1756,48,6144
1757,49,6272
1758,49,6272
1759,50,6400
1760,50,6400
1761,50,6400
1762,48,6144
1763,48,6144
1764,48,6144
1765,48,6144
1766,49,6272
1767,49,6272
1768,49,6272
1769,48,6144
1770,48,6144
1771,48,6144
1772,49,6272
1773,49,6272
1774,49,6272
1775,49,6272
1776,49,6272
1777,49,6272
1778,48,6144
1779,47,6016
1780,47,6016
1781,47,6016
1782,48,6144
1783,49,6272
1784,50,6400
1785,50,6400
1786,50,6400
1787,50,6400
1788,50,6400
1789,51,6528
1790,51,6528
1791,51,6528
1792,51,6528
1793,52,6656
1794,51,6528
1795,52,6656
1796,52,6656
1797,52,6656
1798,52,6656
1799,53,6784
1800,54,6912
1801,54,6912
1802,54,6912
1803,54,6912
1804,54,6912
1805,54,6912
1806,55,7040
1807,54,6912
1808,54,6912
1809,54,6912
1810,55,7040
1811,54,6912
1812,55,7040
1813,53,6784
1814,53,6784
1815,53,6784
1816,52,6656
1817,52,6656
1818,53,6784
1819,53,6784
1820,53,6784
1821,53,6784
1822,53,6784
1823,53,6784
1824,52,6656
1825,52,6656
1826,53,6784
1827,52,6656
1828,52,6656
1829,52,6656
1830,52,6656
1831,52,6656
1832,52,6656
1833,52,6656
1834,52,6656
1835,51,6528
1836,51,6528
1837,52,6656
1838,51,6528
1839,51,6528
1840,51,6528
1841,50,6400
1842,51,6528
1843,51,6528
1844,51,6528
1845,50,6400
1846,50,6400
1847,50,6400
1848,50,6400
1849,51,6528
1850,49,6272
1851,49,6272
1852,50,6400
1853,50,6400
1854,50,6400
1855,50,6400
1856,50,6400
1857,50,6400
1858,51,6528
1859,52,6656
1860,52,6656
1861,53,6784
1862,53,6784
1863,54,6912
1864,54,6912
1865,54,6912
1866,54,6912
1867,52,6656
1868,52,6656
1869,52,6656
1870,52,6656
1871,52,6656
1872,53,6784
1873,53,6784
1874,53,6784
1875,52,6656
1876,52,6656
1877,53,6784
1878,52,6656
1879,52,6656
1880,53,6784
1881,53,6784
1882,53,6784
1883,53,6784
1884,53,6784
1885,53,6784
1886,53,6784
1887,53,6784
1888,52,6656
1889,52,6656
1890,52,6656
1891,52,6656
1892,52,6656
1893,52,6656
1894,52,6656
1895,52,6656
1896,51,6528
1897,51,6528
1898,51,6528
1899,51,6528
1900,51,6528
1901,51,6528
1902,52,6656
1903,52,6656
1904,51,6528
1905,51,6528
1906,52,6656
1907,50,6400
1908,50,6400
1909,50,6400
1910,50,6400
1911,51,6528
1912,50,6400
1913,50,6400
1914,50,6400
1915,50,6400
1916,50,6400
1917,50,6400
1918,51,6528
1919,51,6528
1920,51,6528
1921,51,6528
1922,51,6528
1923,51,6528
1924,51,6528
1925,52,6656
1926,52,6656
1927,51,6528
1928,50,6400
1929,50,6400
1930,51,6528
1931,51,6528
1932,51,6528
1933,51,6528
1934,51,6528
1935,51,6528
1936,51,6528
1937,51,6528
1938,51,6528
1939,51,6528
1940,51,6528
1941,51,6528
1942,51,6528
1943,52,6656
1944,52,6656
1945,51,6528
1946,51,6528
1947,51,6528
1948,51,6528
1949,52,6656
1950,51,6528
1951,52,6656
1952,52,6656
1953,52,6656
1954,52,6656
1955,52,6656
1956,52,6656
1957,52,6656
1958,52,6656
1959,52,6656
1960,52,6656
1961,52,6656
1962,52,6656
1963,52,6656
1964,52,6656
1965,52,6656
1966,52,6656
1967,51,6528
1968,51,6528
1969,51,6528
1970,50,6400
1971,50,6400
1972,50,6400
1973,51,6528
1974,51,6528
1975,51,6528
1976,50,6400
1977,50,6400
1978,51,6528
1979,50,6400
1980,50,6400
1981,50,6400
1982,51,6528
1983,51,6528
1984,51,6528
1985,51,6528
1986,51,6528
1987,50,6400
1988,50,6400
1989,51,6528
1990,50,6400
1991,50,6400
1992,50,6400
1993,49,6272
1994,49,6272
1995,50,6400
1996,50,6400
1997,50,6400
1998,50,6400
1999,50,6400
2000,49,6272
