RandomSeed,19571,Population size:128,Bit Length:64,Crossover Rate:0,Mutation Rate:0.005
gen,BestFitness,FitnessEval
1,41,5248
2,41,5248
3,41,5248
4,41,5248
5,42,5376
6,42,5376
7,43,5504
8,42,5376
9,42,5376
10,43,5504
11,43,5504
12,43,5504
13,42,5376
14,42,5376
15,43,5504
16,43,5504
17,43,5504
18,43,5504
19,43,5504
20,43,5504
21,43,5504
22,43,5504
23,43,5504
24,43,5504
25,43,5504
26,43,5504
27,43,5504
28,43,5504
29,43,5504
30,43,5504
31,43,5504
32,44,5632
33,44,5632
34,44,5632
35,44,5632
36,44,5632
37,44,5632
38,45,5760
39,44,5632
40,44,5632
41,44,5632
42,45,5760
43,46,5888
44,45,5760
45,45,5760
46,46,5888
47,46,5888
48,46,5888
49,46,5888
50,47,6016
51,47,6016
52,47,6016
53,47,6016
54,47,6016
55,46,5888
56,46,5888
57,46,5888
58,47,6016
59,47,6016
60,47,6016
61,46,5888
62,46,5888
63,46,5888
64,47,6016
65,46,5888
66,46,5888
67,46,5888
68,46,5888
69,47,6016
70,46,5888
71,45,5760
72,46,5888
73,46,5888
74,46,5888
75,46,5888
76,47,6016
77,48,6144
78,49,6272
79,49,6272
80,46,5888
81,46,5888
82,46,5888
83,46,5888
84,47,6016
85,47,6016
86,48,6144
87,48,6144
88,48,6144
89,48,6144
90,48,6144
91,48,6144
92,48,6144
93,48,6144
94,48,6144
95,48,6144
96,49,6272
97,49,6272
98,49,6272
99,49,6272
100,50,6400
101,49,6272
102,49,6272
103,49,6272
104,49,6272
105,49,6272
106,49,6272
107,50,6400
108,49,6272
109,49,6272
110,48,6144
111,49,6272
112,49,6272
113,50,6400
114,50,6400
115,50,6400
116,50,6400
117,50,6400
118,51,6528
119,51,6528
120,51,6528
121,50,6400
122,50,6400
123,50,6400
124,50,6400
125,51,6528
126,52,6656
127,52,6656
128,53,6784
129,53,6784
130,53,6784
131,53,6784
132,53,6784
133,53,6784
134,52,6656
135,52,6656
136,52,6656
137,52,6656
138,52,6656
139,53,6784
140,51,6528
141,49,6272
142,49,6272
143,49,6272
144,49,6272
145,49,6272
146,49,6272
147,49,6272
148,50,6400
149,50,6400
150,50,6400
151,50,6400
152,50,6400
153,50,6400
154,48,6144
155,48,6144
156,48,6144
157,48,6144
158,48,6144
159,48,6144
160,49,6272
161,47,6016
162,48,6144
163,47,6016
164,47,6016
165,47,6016
166,47,6016
167,47,6016
168,48,6144
169,49,6272
170,48,6144
171,48,6144
172,48,6144
173,48,6144
174,48,6144
175,48,6144
176,48,6144
177,47,6016
178,47,6016
179,48,6144
180,49,6272
181,50,6400
182,48,6144
183,49,6272
184,49,6272
185,48,6144
186,48,6144
187,49,6272
188,48,6144
189,48,6144
190,48,6144
191,49,6272
192,48,6144
193,48,6144
194,48,6144
195,48,6144
196,48,6144
197,48,6144
198,47,6016
199,48,6144
200,48,6144
201,48,6144
202,48,6144
203,47,6016
204,47,6016
205,48,6144
206,48,6144
207,48,6144
208,49,6272
209,49,6272
210,49,6272
211,49,6272
212,49,6272
213,49,6272
214,49,6272
215,50,6400
216,49,6272
217,49,6272
218,50,6400
219,50,6400
220,50,6400
221,50,6400
222,49,6272
223,50,6400
224,50,6400
225,50,6400
226,49,6272
227,49,6272
228,50,6400
229,50,6400
230,50,6400
231,50,6400
232,50,6400
233,50,6400
234,51,6528
235,51,6528
236,50,6400
237,50,6400
238,51,6528
239,49,6272
240,49,6272
241,48,6144
242,49,6272
243,49,6272
244,50,6400
245,51,6528
246,51,6528
247,51,6528
248,51,6528
249,51,6528
250,51,6528
251,51,6528
252,52,6656
253,52,6656
254,52,6656
255,52,6656
256,52,6656
257,52,6656
258,52,6656
259,52,6656
260,52,6656
261,52,6656
262,52,6656
263,52,6656
264,52,6656
265,52,6656
266,52,6656
267,52,6656
268,53,6784
269,53,6784
270,53,6784
271,52,6656
272,52,6656
273,52,6656
274,52,6656
275,52,6656
276,53,6784
277,54,6912
278,54,6912
279,54,6912
280,52,6656
281,52,6656
282,52,6656
283,53,6784
284,53,6784
285,53,6784
286,53,6784
287,53,6784
288,53,6784
289,53,6784
290,53,6784
291,54,6912
292,54,6912
293,53,6784
294,53,6784
295,53,6784
296,53,6784
297,53,6784
298,53,6784
299,52,6656
300,52,6656
301,53,6784
302,53,6784
303,53,6784
304,53,6784
305,53,6784
306,53,6784
307,52,6656
308,52,6656
309,52,6656
310,52,6656
311,53,6784
312,52,6656
313,53,6784
314,53,6784
315,53,6784
316,53,6784
317,54,6912
318,54,6912
319,54,6912
320,54,6912
321,54,6912
322,54,6912
323,54,6912
324,55,7040
325,55,7040
326,55,7040
327,55,7040
328,56,7168
329,56,7168
330,56,7168
331,56,7168
332,56,7168
333,56,7168
334,53,6784
335,53,6784
336,53,6784
337,53,6784
338,53,6784
339,53,6784
340,54,6912
341,54,6912
342,54,6912
343,54,6912
344,54,6912
345,54,6912
346,54,6912
347,53,6784
348,54,6912
349,53,6784
350,53,6784
351,53,6784
352,53,6784
353,54,6912
354,54,6912
355,54,6912
356,54,6912
357,54,6912
358,54,6912
359,54,6912
360,54,6912
361,53,6784
362,53,6784
363,54,6912
364,54,6912
365,54,6912
366,54,6912
367,55,7040
368,56,7168
369,56,7168
370,56,7168
371,56,7168
372,56,7168
373,55,7040
374,55,7040
375,55,7040
376,54,6912
377,54,6912
378,54,6912
379,54,6912
380,54,6912
381,54,6912
382,54,6912
383,54,6912
384,54,6912
385,54,6912
386,54,6912
387,55,7040
388,54,6912
389,55,7040
390,55,7040
391,55,7040
392,55,7040
393,54,6912
394,54,6912
395,54,6912
396,52,6656
397,53,6784
398,54,6912
399,53,6784
400,52,6656
401,52,6656
402,53,6784
403,53,6784
404,53,6784
405,53,6784
406,53,6784
407,53,6784
408,53,6784
409,52,6656
410,52,6656
411,52,6656
412,52,6656
413,53,6784
414,53,6784
415,53,6784
416,52,6656
417,52,6656
418,52,6656
419,52,6656
420,52,6656
421,52,6656
422,52,6656
423,52,6656
424,52,6656
425,52,6656
426,52,6656
427,51,6528
428,52,6656
429,52,6656
430,52,6656
431,52,6656
432,52,6656
433,52,6656
434,52,6656
435,52,6656
436,51,6528
437,51,6528
438,52,6656
439,51,6528
440,52,6656
441,52,6656
442,52,6656
443,52,6656
444,52,6656
445,52,6656
446,52,6656
447,52,6656
448,52,6656
449,53,6784
450,52,6656
451,53,6784
452,52,6656
453,52,6656
454,52,6656
455,52,6656
456,52,6656
457,52,6656
458,52,6656
459,52,6656
460,52,6656
461,52,6656
462,51,6528
463,52,6656
464,51,6528
465,51,6528
466,51,6528
467,53,6784
468,53,6784
469,54,6912
470,54,6912
471,52,6656
472,52,6656
473,52,6656
474,53,6784
475,53,6784
476,53,6784
477,52,6656
478,52,6656
479,52,6656
480,52,6656
481,52,6656
482,52,6656
483,51,6528
484,52,6656
485,52,6656
486,53,6784
487,50,6400
488,50,6400
489,50,6400
490,51,6528
491,51,6528
492,51,6528
493,51,6528
494,51,6528
495,51,6528
496,51,6528
497,51,6528
498,51,6528
499,51,6528
500,51,6528
501,51,6528
502,51,6528
503,50,6400
504,50,6400
505,51,6528
506,51,6528
507,50,6400
508,51,6528
509,51,6528
510,51,6528
511,52,6656
512,52,6656
513,53,6784
514,51,6528
515,52,6656
516,50,6400
517,51,6528
518,51,6528
519,51,6528
520,51,6528
521,51,6528
522,51,6528
523,51,6528
524,51,6528
525,51,6528
526,51,6528
527,51,6528
528,51,6528
529,51,6528
530,51,6528
531,51,6528
532,51,6528
533,52,6656
534,51,6528
535,51,6528
536,51,6528
537,51,6528
538,51,6528
539,51,6528
540,51,6528
541,51,6528
542,51,6528
543,52,6656
544,52,6656
545,52,6656
546,53,6784
547,53,6784
548,51,6528
549,51,6528
550,51,6528
551,51,6528
552,51,6528
553,51,6528
554,51,6528
555,51,6528
556,50,6400
557,51,6528
558,52,6656
559,51,6528
560,51,6528
561,51,6528
562,51,6528
563,51,6528
564,51,6528
565,51,6528
566,51,6528
567,51,6528
568,51,6528
569,51,6528
570,51,6528
571,51,6528
572,51,6528
573,51,6528
574,52,6656
575,51,6528
576,51,6528
577,51,6528
578,52,6656
579,52,6656
580,52,6656
581,52,6656
582,52,6656
583,52,6656
584,52,6656
585,52,6656
586,52,6656
587,52,6656
588,52,6656
589,52,6656
590,52,6656
591,52,6656
592,52,6656
593,52,6656
594,52,6656
595,51,6528
596,51,6528
597,51,6528
598,50,6400
599,51,6528
600,51,6528
601,51,6528
602,51,6528
603,50,6400
604,50,6400
605,51,6528
606,51,6528
607,51,6528
608,51,6528
609,51,6528
610,51,6528
611,50,6400
612,50,6400
613,50,6400
614,51,6528
615,51,6528
616,51,6528
617,50,6400
618,50,6400
619,50,6400
620,50,6400
621,51,6528
622,52,6656
623,51,6528
624,51,6528
625,50,6400
626,49,6272
627,49,6272
628,49,6272
629,49,6272
630,49,6272
631,49,6272
632,49,6272
633,49,6272
634,49,6272
635,49,6272
636,49,6272
637,49,6272
638,49,6272
639,49,6272
640,50,6400
641,50,6400
642,49,6272
643,50,6400
644,50,6400
645,49,6272
646,49,6272
647,49,6272
648,50,6400
649,50,6400
650,50,6400
651,50,6400
652,50,6400
653,50,6400
654,51,6528
655,51,6528
656,52,6656
657,52,6656
658,52,6656
659,52,6656
660,53,6784
661,53,6784
662,54,6912
663,54,6912
664,54,6912
665,55,7040
666,54,6912
667,54,6912
668,54,6912
669,54,6912
670,54,6912
671,54,6912
672,54,6912
673,54,6912
674,55,7040
675,55,7040
676,56,7168
677,56,7168
678,56,7168
679,55,7040
680,54,6912
681,54,6912
682,54,6912
683,55,7040
684,55,7040
685,55,7040
686,54,6912
687,54,6912
688,53,6784
689,53,6784
690,53,6784
691,52,6656
692,51,6528
693,51,6528
694,52,6656
695,51,6528
696,52,6656
697,53,6784
698,53,6784
699,53,6784
700,53,6784
701,53,6784
702,53,6784
703,53,6784
704,53,6784
705,53,6784
706,54,6912
707,55,7040
708,55,7040
709,53,6784
710,53,6784
711,53,6784
712,53,6784
713,53,6784
714,53,6784
715,52,6656
716,53,6784
717,53,6784
718,53,6784
719,52,6656
720,52,6656
721,52,6656
722,52,6656
723,52,6656
724,51,6528
725,51,6528
726,51,6528
727,51,6528
728,51,6528
729,51,6528
730,51,6528
731,51,6528
732,51,6528
733,51,6528
734,51,6528
735,51,6528
736,51,6528
737,51,6528
738,51,6528
739,51,6528
740,51,6528
741,51,6528
742,51,6528
743,52,6656
744,53,6784
745,53,6784
746,53,6784
747,54,6912
748,53,6784
749,54,6912
750,54,6912
751,54,6912
752,54,6912
753,54,6912
754,54,6912
755,53,6784
756,55,7040
757,55,7040
758,55,7040
759,55,7040
760,55,7040
761,55,7040
762,55,7040
763,55,7040
764,54,6912
765,54,6912
766,55,7040
767,55,7040
768,55,7040
769,55,7040
770,55,7040
771,55,7040
772,55,7040
773,55,7040
774,56,7168
775,56,7168
776,54,6912
777,55,7040
778,55,7040
779,54,6912
780,54,6912
781,54,6912
782,55,7040
783,55,7040
784,55,7040
785,55,7040
786,55,7040
787,55,7040
788,55,7040
789,54,6912
790,54,6912
791,54,6912
792,54,6912
793,54,6912
794,54,6912
795,54,6912
796,54,6912
797,52,6656
798,53,6784
799,53,6784
800,53,6784
801,52,6656
802,53,6784
803,53,6784
804,53,6784
805,53,6784
806,53,6784
807,52,6656
808,52,6656
809,52,6656
810,52,6656
811,52,6656
812,52,6656
813,52,6656
814,52,6656
815,53,6784
816,52,6656
817,52,6656
818,51,6528
819,51,6528
820,51,6528
821,51,6528
822,51,6528
823,51,6528
824,52,6656
825,52,6656
826,52,6656
827,53,6784
828,52,6656
829,52,6656
830,52,6656
831,52,6656
832,53,6784
833,52,6656
834,52,6656
835,51,6528
836,51,6528
837,51,6528
838,52,6656
839,51,6528
840,53,6784
841,53,6784
842,53,6784
843,53,6784
844,54,6912
845,53,6784
846,54,6912
847,54,6912
848,52,6656
849,52,6656
850,52,6656
851,52,6656
852,52,6656
853,53,6784
854,53,6784
855,52,6656
856,52,6656
857,52,6656
858,52,6656
859,52,6656
860,52,6656
861,52,6656
862,52,6656
863,51,6528
864,51,6528
865,52,6656
866,52,6656
867,52,6656
868,52,6656
869,52,6656
870,52,6656
871,52,6656
872,52,6656
873,51,6528
874,51,6528
875,51,6528
876,50,6400
877,50,6400
878,50,6400
879,50,6400
880,50,6400
881,50,6400
882,50,6400
883,50,6400
884,50,6400
885,50,6400
886,50,6400
887,50,6400
888,51,6528
889,51,6528
890,52,6656
891,52,6656
892,51,6528
893,51,6528
894,51,6528
895,51,6528
896,51,6528
897,51,6528
898,50,6400
899,50,6400
900,51,6528
901,50,6400
902,51,6528
903,51,6528
904,50,6400
905,51,6528
906,51,6528
907,51,6528
908,51,6528
909,52,6656
910,52,6656
911,52,6656
912,51,6528
913,51,6528
914,51,6528
915,51,6528
916,51,6528
917,51,6528
918,51,6528
919,52,6656
920,51,6528
921,51,6528
922,50,6400
923,51,6528
924,50,6400
925,50,6400
926,50,6400
927,50,6400
928,51,6528
929,50,6400
930,50,6400
931,51,6528
932,50,6400
933,50,6400
934,50,6400
935,49,6272
936,49,6272
937,50,6400
938,50,6400
939,49,6272
940,50,6400
941,49,6272
942,49,6272
943,49,6272
944,49,6272
945,49,6272
946,48,6144
947,48,6144
948,49,6272
949,50,6400
950,50,6400
951,50,6400
952,49,6272
953,49,6272
954,50,6400
955,50,6400
956,51,6528
957,51,6528
958,50,6400
959,50,6400
960,50,6400
961,50,6400
962,49,6272
963,49,6272
964,49,6272
965,49,6272
966,50,6400
967,50,6400
968,50,6400
969,50,6400
970,50,6400
971,50,6400
972,51,6528
973,51,6528
974,51,6528
975,51,6528
976,51,6528
977,52,6656
978,50,6400
979,50,6400
980,50,6400
981,50,6400
982,50,6400
983,50,6400
984,49,6272
985,49,6272
986,49,6272
987,49,6272
988,49,6272
989,49,6272
990,50,6400
991,51,6528
992,51,6528
993,51,6528
994,51,6528
995,52,6656
996,51,6528
997,51,6528
998,51,6528
999,48,6144
1000,49,6272
1001,48,6144
1002,50,6400
1003,48,6144
1004,48,6144
1005,48,6144
1006,49,6272
1007,48,6144
1008,48,6144
1009,49,6272
1010,49,6272
1011,49,6272
1012,49,6272
1013,49,6272
1014,49,6272
1015,49,6272
1016,49,6272
1017,49,6272
1018,49,6272
1019,49,6272
1020,49,6272
1021,49,6272
1022,49,6272
1023,49,6272
1024,49,6272
1025,49,6272
1026,49,6272
1027,49,6272
1028,48,6144
1029,48,6144
1030,48,6144
1031,48,6144
1032,48,6144
1033,48,6144
1034,47,6016
1035,47,6016
1036,47,6016
1037,47,6016
1038,48,6144
1039,48,6144
1040,47,6016
1041,47,6016
1042,48,6144
1043,48,6144
1044,48,6144
1045,48,6144
1046,48,6144
1047,48,6144
1048,48,6144
1049,50,6400
1050,50,6400
1051,49,6272
1052,49,6272
1053,49,6272
1054,49,6272
1055,49,6272
1056,49,6272
1057,50,6400
1058,49,6272
1059,49,6272
1060,48,6144
1061,48,6144
1062,47,6016
1063,48,6144
1064,48,6144
1065,48,6144
1066,48,6144
1067,47,6016
1068,47,6016
1069,48,6144
1070,48,6144
1071,48,6144
1072,48,6144
1073,48,6144
1074,48,6144
1075,48,6144
1076,48,6144
1077,48,6144
1078,48,6144
1079,48,6144
1080,49,6272
1081,49,6272
1082,49,6272
1083,49,6272
1084,49,6272
1085,49,6272
1086,49,6272
1087,48,6144
1088,48,6144
1089,48,6144
1090,48,6144
1091,48,6144
1092,48,6144
1093,47,6016
1094,48,6144
1095,48,6144
1096,47,6016
1097,45,5760
1098,46,5888
1099,45,5760
1100,45,5760
1101,46,5888
1102,47,6016
1103,47,6016
1104,47,6016
1105,47,6016
1106,47,6016
1107,48,6144
1108,48,6144
1109,47,6016
1110,48,6144
1111,48,6144
1112,48,6144
1113,48,6144
1114,49,6272
1115,49,6272
1116,49,6272
1117,49,6272
1118,49,6272
1119,48,6144
1120,48,6144
1121,48,6144
1122,48,6144
1123,49,6272
1124,49,6272
1125,52,6656
1126,52,6656
1127,52,6656
1128,53,6784
1129,53,6784
1130,53,6784
1131,52,6656
1132,48,6144
1133,48,6144
1134,48,6144
1135,48,6144
1136,48,6144
1137,48,6144
1138,49,6272
1139,47,6016
1140,48,6144
1141,48,6144
1142,48,6144
1143,48,6144
1144,48,6144
1145,49,6272
1146,48,6144
1147,46,5888
1148,46,5888
1149,46,5888
1150,46,5888
1151,46,5888
1152,46,5888
1153,46,5888
1154,46,5888
1155,46,5888
1156,46,5888
1157,46,5888
1158,46,5888
1159,46,5888
1160,46,5888
1161,46,5888
1162,46,5888
1163,46,5888
1164,46,5888
1165,46,5888
1166,46,5888
1167,46,5888
1168,47,6016
1169,47,6016
1170,46,5888
1171,46,5888
1172,46,5888
1173,46,5888
1174,47,6016
1175,47,6016
1176,47,6016
1177,47,6016
1178,47,6016
1179,47,6016
1180,47,6016
1181,47,6016
1182,47,6016
1183,47,6016
1184,47,6016
1185,47,6016
1186,47,6016
1187,48,6144
1188,48,6144
1189,47,6016
1190,47,6016
1191,47,6016
1192,48,6144
1193,47,6016
1194,48,6144
1195,48,6144
1196,48,6144
1197,48,6144
1198,49,6272
1199,49,6272
1200,49,6272
1201,48,6144
1202,48,6144
1203,48,6144
1204,48,6144
1205,49,6272
1206,49,6272
1207,49,6272
1208,50,6400
1209,49,6272
1210,49,6272
1211,49,6272
1212,49,6272
1213,49,6272
1214,49,6272
1215,49,6272
1216,49,6272
1217,49,6272
1218,49,6272
1219,49,6272
1220,50,6400
1221,51,6528
1222,49,6272
1223,49,6272
1224,49,6272
1225,49,6272
1226,50,6400
1227,50,6400
1228,50,6400
1229,50,6400
1230,51,6528
1231,50,6400
1232,50,6400
1233,49,6272
1234,49,6272
1235,49,6272
1236,49,6272
1237,49,6272
1238,50,6400
1239,50,6400
1240,47,6016
1241,47,6016
1242,47,6016
1243,47,6016
1244,47,6016
1245,47,6016
1246,47,6016
1247,47,6016
1248,47,6016
1249,47,6016
1250,49,6272
1251,48,6144
1252,48,6144
1253,47,6016
1254,48,6144
1255,48,6144
1256,48,6144
1257,47,6016
1258,46,5888
1259,46,5888
1260,47,6016
1261,47,6016
1262,47,6016
1263,47,6016
1264,47,6016
1265,47,6016
1266,47,6016
1267,47,6016
1268,46,5888
1269,46,5888
1270,46,5888
1271,46,5888
1272,46,5888
1273,46,5888
1274,47,6016
1275,47,6016
1276,47,6016
1277,48,6144
1278,48,6144
1279,48,6144
1280,49,6272
1281,45,5760
1282,46,5888
1283,46,5888
1284,46,5888
1285,47,6016
1286,47,6016
1287,47,6016
1288,47,6016
1289,47,6016
1290,48,6144
1291,47,6016
1292,46,5888
1293,46,5888
1294,47,6016
1295,47,6016
1296,47,6016
1297,48,6144
1298,47,6016
1299,46,5888
1300,46,5888
1301,47,6016
1302,45,5760
1303,46,5888
1304,45,5760
1305,45,5760
1306,46,5888
1307,45,5760
1308,44,5632
1309,44,5632
1310,45,5760
1311,45,5760
1312,45,5760
1313,45,5760
1314,46,5888
1315,46,5888
1316,46,5888
1317,46,5888
1318,45,5760
1319,45,5760
1320,44,5632
1321,44,5632
1322,45,5760
1323,44,5632
1324,44,5632
1325,44,5632
1326,44,5632
1327,45,5760
1328,45,5760
1329,46,5888
1330,46,5888
1331,45,5760
1332,45,5760
1333,46,5888
1334,46,5888
1335,46,5888
1336,44,5632
1337,44,5632
1338,44,5632
1339,45,5760
1340,44,5632
1341,44,5632
1342,44,5632
1343,44,5632
1344,44,5632
1345,44,5632
1346,45,5760
1347,43,5504
1348,44,5632
1349,43,5504
1350,43,5504
1351,42,5376
1352,44,5632
1353,43,5504
1354,43,5504
1355,43,5504
1356,43,5504
1357,43,5504
1358,45,5760
1359,44,5632
1360,44,5632
1361,44,5632
1362,44,5632
1363,44,5632
1364,43,5504
1365,43,5504
1366,44,5632
1367,44,5632
1368,43,5504
1369,43,5504
1370,43,5504
1371,43,5504
1372,44,5632
1373,43,5504
1374,43,5504
1375,43,5504
1376,43,5504
1377,43,5504
1378,44,5632
1379,44,5632
1380,44,5632
1381,44,5632
1382,44,5632
1383,44,5632
1384,45,5760
1385,45,5760
1386,45,5760
1387,45,5760
1388,45,5760
1389,44,5632
1390,44,5632
1391,45,5760
1392,45,5760
1393,45,5760
1394,45,5760
1395,46,5888
1396,46,5888
1397,46,5888
1398,46,5888
1399,46,5888
1400,46,5888
1401,46,5888
1402,46,5888
1403,46,5888
1404,46,5888
1405,46,5888
1406,46,5888
1407,46,5888
1408,46,5888
1409,46,5888
1410,46,5888
1411,46,5888
1412,46,5888
1413,47,6016
1414,45,5760
1415,46,5888
1416,46,5888
1417,45,5760
1418,46,5888
1419,46,5888
1420,46,5888
1421,46,5888
1422,46,5888
1423,46,5888
1424,46,5888
1425,46,5888
1426,45,5760
1427,46,5888
1428,45,5760
1429,46,5888
1430,46,5888
1431,46,5888
1432,46,5888
1433,47,6016
1434,48,6144
1435,48,6144
1436,50,6400
1437,50,6400
1438,50,6400
1439,50,6400
1440,50,6400
1441,51,6528
1442,52,6656
1443,51,6528
1444,50,6400
1445,50,6400
1446,50,6400
1447,50,6400
1448,50,6400
1449,50,6400
1450,50,6400
1451,50,6400
1452,50,6400
1453,50,6400
1454,50,6400
1455,50,6400
1456,51,6528
1457,51,6528
1458,51,6528
1459,51,6528
1460,51,6528
1461,51,6528
1462,49,6272
1463,49,6272
1464,49,6272
1465,49,6272
1466,49,6272
1467,48,6144
1468,48,6144
1469,49,6272
1470,49,6272
1471,50,6400
1472,51,6528
1473,50,6400
1474,50,6400
1475,50,6400
1476,50,6400
1477,50,6400
1478,50,6400
1479,50,6400
1480,50,6400
1481,50,6400
1482,50,6400
1483,50,6400
1484,50,6400
1485,50,6400
1486,50,6400
1487,50,6400
1488,50,6400
1489,51,6528
1490,52,6656
1491,52,6656
1492,52,6656
1493,51,6528
1494,53,6784
1495,52,6656
1496,52,6656
1497,52,6656
1498,53,6784
1499,53,6784
1500,53,6784
1501,53,6784
1502,53,6784
1503,53,6784
1504,53,6784
1505,53,6784
1506,53,6784
1507,53,6784
1508,53,6784
1509,53,6784
1510,53,6784
1511,53,6784
1512,53,6784
1513,53,6784
1514,52,6656
1515,50,6400
1516,51,6528
1517,51,6528
1518,50,6400
1519,50,6400
1520,50,6400
1521,50,6400
1522,50,6400
1523,50,6400
1524,51,6528
1525,51,6528
1526,51,6528
1527,50,6400
1528,51,6528
1529,52,6656
1530,51,6528
1531,51,6528
1532,51,6528
1533,51,6528
1534,51,6528
1535,52,6656
1536,51,6528
1537,51,6528
1538,52,6656
1539,52,6656
1540,51,6528
1541,51,6528
1542,51,6528
1543,51,6528
1544,52,6656
1545,50,6400
1546,51,6528
1547,50,6400
1548,50,6400
1549,49,6272
1550,50,6400
1551,51,6528
1552,51,6528
1553,51,6528
1554,50,6400
1555,50,6400
1556,50,6400
1557,51,6528
1558,50,6400
1559,50,6400
1560,49,6272
1561,50,6400
1562,49,6272
1563,50,6400
1564,49,6272
1565,50,6400
1566,49,6272
1567,49,6272
1568,49,6272
1569,49,6272
1570,49,6272
1571,49,6272
1572,49,6272
1573,50,6400
1574,50,6400
1575,50,6400
1576,50,6400
1577,50,6400
1578,50,6400
1579,50,6400
1580,50,6400
1581,51,6528
1582,49,6272
1583,49,6272
1584,50,6400
1585,50,6400
1586,49,6272
1587,49,6272
1588,49,6272
1589,49,6272
1590,49,6272
1591,50,6400
1592,49,6272
1593,49,6272
1594,49,6272
1595,49,6272
1596,49,6272
1597,49,6272
1598,48,6144
1599,48,6144
1600,48,6144
1601,48,6144
1602,48,6144
1603,48,6144
1604,48,6144
1605,48,6144
1606,48,6144
1607,48,6144
1608,48,6144
1609,48,6144
1610,48,6144
1611,48,6144
1612,48,6144
1613,48,6144
1614,48,6144
1615,47,6016
1616,48,6144
1617,47,6016
1618,47,6016
1619,47,6016
1620,47,6016
1621,48,6144
1622,48,6144
1623,48,6144
1624,48,6144
1625,46,5888
1626,46,5888
1627,47,6016
1628,47,6016
1629,47,6016
1630,46,5888
1631,47,6016
1632,48,6144
1633,47,6016
1634,47,6016
1635,47,6016
1636,46,5888
1637,46,5888
1638,46,5888
1639,48,6144
1640,47,6016
1641,47,6016
1642,48,6144
1643,48,6144
1644,49,6272
1645,49,6272
1646,49,6272
1647,49,6272
1648,49,6272
1649,50,6400
1650,50,6400
1651,48,6144
1652,49,6272
1653,49,6272
1654,49,6272
1655,50,6400
1656,50,6400
1657,50,6400
1658,49,6272
1659,49,6272
1660,49,6272
1661,49,6272
1662,49,6272
1663,49,6272
1664,48,6144
1665,47,6016
1666,46,5888
1667,47,6016
1668,47,6016
1669,47,6016
1670,48,6144
1671,48,6144
1672,47,6016
1673,47,6016
1674,46,5888
1675,47,6016
1676,47,6016
1677,48,6144
1678,46,5888
1679,46,5888
1680,47,6016
1681,46,5888
1682,47,6016
1683,47,6016
1684,48,6144
1685,48,6144
1686,48,6144
1687,49,6272
1688,49,6272
1689,49,6272
1690,48,6144
1691,48,6144
1692,48,6144
1693,48,6144
1694,48,6144
1695,48,6144
1696,48,6144
1697,48,6144
1698,47,6016
1699,47,6016
1700,47,6016
1701,46,5888
1702,46,5888
1703,46,5888
1704,46,5888
1705,45,5760
1706,45,5760
1707,44,5632
1708,45,5760
1709,45,5760
1710,45,5760
1711,46,5888
1712,46,5888
1713,46,5888
1714,46,5888
1715,46,5888
1716,46,5888
1717,47,6016
1718,45,5760
1719,44,5632
1720,44,5632
1721,44,5632
1722,45,5760
1723,44,5632
1724,44,5632
1725,43,5504
1726,43,5504
1727,44,5632
1728,46,5888
1729,46,5888
1730,46,5888
1731,47,6016
1732,47,6016
1733,48,6144
1734,48,6144
1735,46,5888
1736,45,5760
1737,45,5760
1738,45,5760
1739,46,5888
1740,46,5888
1741,45,5760
1742,45,5760
1743,45,5760
1744,45,5760
1745,45,5760
1746,44,5632
1747,45,5760
1748,45,5760
1749,45,5760
1750,45,5760
1751,44,5632
1752,44,5632
1753,44,5632
1754,44,5632
1755,44,5632
1756,45,5760
1757,46,5888
1758,46,5888
1759,46,5888
1760,46,5888
1761,47,6016
1762,47,6016
1763,47,6016
1764,47,6016
1765,47,6016
1766,47,6016
1767,47,6016
1768,47,6016
1769,47,6016
1770,47,6016
1771,47,6016
1772,47,6016
1773,47,6016
1774,47,6016
1775,47,6016
1776,47,6016
1777,47,6016
1778,47,6016
1779,47,6016
1780,46,5888
1781,46,5888
1782,47,6016
1783,47,6016
1784,48,6144
1785,47,6016
1786,47,6016
1787,47,6016
1788,47,6016
1789,47,6016
1790,47,6016
1791,47,6016
1792,47,6016
1793,44,5632
1794,44,5632
1795,44,5632
1796,44,5632
1797,44,5632
1798,45,5760
1799,44,5632
1800,44,5632
1801,44,5632
1802,44,5632
1803,45,5760
1804,44,5632
1805,45,5760
1806,46,5888
1807,46,5888
1808,46,5888
1809,46,5888
1810,45,5760
1811,45,5760
1812,45,5760
1813,46,5888
1814,47,6016
1815,46,5888
1816,45,5760
1817,45,5760
1818,46,5888
1819,45,5760
1820,45,5760
1821,45,5760
1822,45,5760
1823,45,5760
1824,45,5760
1825,45,5760
1826,46,5888
1827,46,5888
1828,46,5888
1829,46,5888
1830,45,5760
1831,45,5760
1832,45,5760
1833,44,5632
1834,45,5760
1835,45,5760
1836,45,5760
1837,45,5760
1838,45,5760
1839,46,5888
1840,47,6016
1841,47,6016
1842,47,6016
1843,47,6016
1844,46,5888
1845,45,5760
1846,45,5760
1847,44,5632
1848,45,5760
1849,45,5760
1850,45,5760
1851,45,5760
1852,46,5888
1853,45,5760
1854,46,5888
1855,45,5760
1856,45,5760
1857,45,5760
1858,46,5888
1859,46,5888
1860,45,5760
1861,45,5760
1862,45,5760
1863,46,5888
1864,47,6016
1865,48,6144
1866,48,6144
1867,47,6016
1868,47,6016
1869,48,6144
1870,48,6144
1871,47,6016
1872,47,6016
1873,47,6016
1874,47,6016
1875,47,6016
1876,46,5888
1877,47,6016
1878,47,6016
1879,48,6144
1880,48,6144
1881,48,6144
1882,48,6144
1883,48,6144
1884,48,6144
1885,48,6144
1886,48,6144
1887,47,6016
1888,47,6016
1889,47,6016
1890,47,6016
1891,47,6016
1892,48,6144
1893,49,6272
1894,50,6400
1895,50,6400
1896,50,6400
1897,50,6400
1898,50,6400
1899,50,6400
1900,50,6400
1901,48,6144
1902,48,6144
1903,49,6272
1904,49,6272
1905,49,6272
1906,49,6272
1907,49,6272
1908,49,6272
1909,49,6272
1910,48,6144
1911,48,6144
1912,49,6272
1913,49,6272
1914,49,6272
1915,49,6272
1916,49,6272
1917,49,6272
1918,49,6272
1919,48,6144
1920,48,6144
1921,48,6144
1922,48,6144
1923,48,6144
1924,49,6272
1925,48,6144
1926,48,6144
1927,48,6144
1928,48,6144
1929,48,6144
1930,48,6144
1931,48,6144
1932,47,6016
1933,48,6144
1934,48,6144
1935,48,6144
1936,48,6144
1937,48,6144
1938,48,6144
1939,48,6144
1940,48,6144
1941,48,6144
1942,49,6272
1943,49,6272
1944,49,6272
1945,50,6400
1946,51,6528
1947,51,6528
1948,51,6528
1949,53,6784
1950,53,6784
1951,53,6784
1952,50,6400
1953,49,6272
1954,50,6400
1955,50,6400
1956,49,6272
1957,49,6272
1958,49,6272
1959,49,6272
1960,49,6272
1961,49,6272
1962,49,6272
1963,50,6400
1964,50,6400
1965,51,6528
1966,52,6656
1967,52,6656
1968,52,6656
1969,52,6656
1970,52,6656
1971,52,6656
1972,51,6528
1973,51,6528
1974,50,6400
1975,50,6400
1976,51,6528
1977,50,6400
1978,50,6400
1979,50,6400
1980,50,6400
1981,50,6400
1982,50,6400
1983,51,6528
1984,51,6528
1985,51,6528
1986,51,6528
1987,51,6528
1988,51,6528
1989,51,6528
1990,50,6400
1991,50,6400
1992,50,6400
1993,50,6400
1994,50,6400
1995,50,6400
1996,50,6400
1997,50,6400
1998,50,6400
1999,50,6400
2000,50,6400
