RandomSeed,58922,Population size:128,Bit Length:64,Crossover Rate:0,Mutation Rate:0.005
gen,BestFitness,FitnessEval
1,44,5632
2,44,5632
3,44,5632
4,44,5632
5,44,5632
6,45,5760
7,45,5760
8,45,5760
9,45,5760
10,45,5760
11,46,5888
12,45,5760
13,45,5760
14,45,5760
15,45,5760
16,45,5760
17,45,5760
18,45,5760
19,46,5888
20,46,5888
21,46,5888
22,47,6016
23,45,5760
24,45,5760
25,45,5760
26,45,5760
27,46,5888
28,46,5888
29,46,5888
30,46,5888
31,46,5888
32,46,5888
33,46,5888
34,47,6016
35,47,6016
36,46,5888
37,46,5888
38,46,5888
39,46,5888
40,46,5888
41,47,6016
42,48,6144
43,48,6144
44,49,6272
45,50,6400
46,50,6400
47,50,6400
48,49,6272
49,50,6400
50,50,6400
51,50,6400
52,50,6400
53,50,6400
54,49,6272
55,50,6400
56,50,6400
57,50,6400
58,50,6400
59,49,6272
60,50,6400
61,50,6400
62,49,6272
63,49,6272
64,49,6272
65,48,6144
66,48,6144
67,48,6144
68,48,6144
69,48,6144
70,48,6144
71,48,6144
72,48,6144
73,48,6144
74,48,6144
75,48,6144
76,47,6016
77,47,6016
78,48,6144
79,48,6144
80,48,6144
81,48,6144
82,48,6144
83,48,6144
84,47,6016
85,47,6016
86,47,6016
87,47,6016
88,47,6016
89,47,6016
90,47,6016
91,47,6016
92,46,5888
93,46,5888
94,47,6016
95,47,6016
96,47,6016
97,47,6016
98,45,5760
99,46,5888
100,46,5888
101,45,5760
102,46,5888
103,44,5632
104,45,5760
105,44,5632
106,44,5632
107,44,5632
108,44,5632
109,44,5632
110,44,5632
111,44,5632
112,44,5632
113,43,5504
114,44,5632
115,44,5632
116,44,5632
117,45,5760
118,45,5760
119,46,5888
120,46,5888
121,46,5888
122,46,5888
123,47,6016
124,47,6016
125,47,6016
126,46,5888
127,46,5888
128,46,5888
129,46,5888
130,46,5888
131,47,6016
132,47,6016
133,47,6016
134,47,6016
135,46,5888
136,46,5888
137,46,5888
138,46,5888
139,45,5760
140,45,5760
141,46,5888
142,46,5888
143,46,5888
144,45,5760
145,45,5760
146,44,5632
147,44,5632
148,44,5632
149,44,5632
150,45,5760
151,46,5888
152,46,5888
153,47,6016
154,47,6016
155,47,6016
156,47,6016
157,47,6016
158,47,6016
159,47,6016
160,47,6016
161,47,6016
162,48,6144
163,46,5888
164,45,5760
165,46,5888
166,46,5888
167,46,5888
168,47,6016
169,47,6016
170,47,6016
171,47,6016
172,47,6016
173,48,6144
174,49,6272
175,49,6272
176,49,6272
177,48,6144
178,48,6144
179,49,6272
180,49,6272
181,50,6400
182,50,6400
183,50,6400
184,50,6400
185,50,6400
186,49,6272
187,50,6400
188,50,6400
189,50,6400
190,48,6144
191,49,6272
192,49,6272
193,50,6400
194,50,6400
195,51,6528
196,52,6656
197,49,6272
198,50,6400
199,50,6400
200,50,6400
201,50,6400
202,49,6272
203,49,6272
204,49,6272
205,49,6272
206,50,6400
207,51,6528
208,51,6528
209,50,6400
210,50,6400
211,50,6400
212,50,6400
213,50,6400
214,49,6272
215,48,6144
216,49,6272
217,48,6144
218,48,6144
219,48,6144
220,48,6144
221,49,6272
222,47,6016
223,47,6016
224,47,6016
225,47,6016
226,47,6016
227,48,6144
228,48,6144
229,48,6144
230,49,6272
231,49,6272
232,50,6400
233,50,6400
234,50,6400
235,50,6400
236,50,6400
237,50,6400
238,50,6400
239,50,6400
240,50,6400
241,50,6400
242,50,6400
243,50,6400
244,50,6400
245,50,6400
246,50,6400
247,50,6400
248,51,6528
249,52,6656
250,50,6400
251,50,6400
252,50,6400
253,49,6272
254,50,6400
255,50,6400
256,50,6400
257,49,6272
258,49,6272
259,50,6400
260,49,6272
261,50,6400
262,49,6272
263,50,6400
264,50,6400
265,49,6272
266,49,6272
267,49,6272
268,49,6272
269,49,6272
270,49,6272
271,49,6272
272,49,6272
273,49,6272
274,49,6272
275,49,6272
276,49,6272
277,49,6272
278,49,6272
279,49,6272
280,49,6272
281,49,6272
282,50,6400
283,51,6528
284,49,6272
285,49,6272
286,49,6272
287,49,6272
288,50,6400
289,49,6272
290,49,6272
291,49,6272
292,49,6272
293,49,6272
294,49,6272
295,49,6272
296,49,6272
297,50,6400
298,50,6400
299,50,6400
300,50,6400
301,49,6272
302,49,6272
303,49,6272
304,50,6400
305,50,6400
306,50,6400
307,50,6400
308,50,6400
309,49,6272
310,49,6272
311,49,6272
312,49,6272
313,49,6272
314,49,6272
315,49,6272
316,50,6400
317,50,6400
318,50,6400
319,51,6528
320,49,6272
321,49,6272
322,49,6272
323,48,6144
324,49,6272
325,49,6272
326,48,6144
327,48,6144
328,46,5888
329,46,5888
330,46,5888
331,46,5888
332,47,6016
333,47,6016
334,46,5888
335,46,5888
336,47,6016
337,47,6016
338,47,6016
339,47,6016
340,47,6016
341,47,6016
342,47,6016
343,48,6144
344,48,6144
345,47,6016
346,47,6016
347,47,6016
348,47,6016
349,47,6016
350,48,6144
351,48,6144
352,48,6144
353,48,6144
354,48,6144
355,48,6144
356,47,6016
357,48,6144
358,47,6016
359,47,6016
360,47,6016
361,46,5888
362,46,5888
363,46,5888
364,46,5888
365,46,5888
366,47,6016
367,47,6016
368,47,6016
369,47,6016
370,47,6016
371,47,6016
372,47,6016
373,47,6016
374,45,5760
375,45,5760
376,46,5888
377,46,5888
378,48,6144
379,48,6144
380,48,6144
381,48,6144
382,47,6016
383,46,5888
384,47,6016
385,48,6144
386,47,6016
387,46,5888
388,46,5888
389,46,5888
390,46,5888
391,46,5888
392,47,6016
393,47,6016
394,48,6144
395,48,6144
396,49,6272
397,48,6144
398,48,6144
399,48,6144
400,48,6144
401,48,6144
402,47,6016
403,48,6144
404,48,6144
405,49,6272
406,48,6144
407,48,6144
408,48,6144
409,48,6144
410,48,6144
411,48,6144
412,48,6144
413,47,6016
414,47,6016
415,48,6144
416,47,6016
417,47,6016
418,47,6016
419,47,6016
420,47,6016
421,46,5888
422,46,5888
423,47,6016
424,47,6016
425,47,6016
426,47,6016
427,48,6144
428,47,6016
429,47,6016
430,47,6016
431,47,6016
432,48,6144
433,47,6016
434,47,6016
435,48,6144
436,48,6144
437,48,6144
438,48,6144
439,48,6144
440,49,6272
441,49,6272
442,49,6272
443,49,6272
444,49,6272
445,46,5888
446,46,5888
447,45,5760
448,46,5888
449,45,5760
450,46,5888
451,46,5888
452,47,6016
453,46,5888
454,46,5888
455,46,5888
456,46,5888
457,45,5760
458,45,5760
459,45,5760
460,46,5888
461,46,5888
462,46,5888
463,46,5888
464,46,5888
465,46,5888
466,47,6016
467,45,5760
468,45,5760
469,45,5760
470,44,5632
471,44,5632
472,45,5760
473,45,5760
474,45,5760
475,45,5760
476,46,5888
477,46,5888
478,46,5888
479,45,5760
480,46,5888
481,45,5760
482,46,5888
483,45,5760
484,45,5760
485,45,5760
486,45,5760
487,45,5760
488,45,5760
489,45,5760
490,45,5760
491,45,5760
492,45,5760
493,45,5760
494,46,5888
495,46,5888
496,46,5888
497,46,5888
498,46,5888
499,46,5888
500,46,5888
501,47,6016
502,48,6144
503,48,6144
504,46,5888
505,46,5888
506,46,5888
507,46,5888
508,46,5888
509,46,5888
510,46,5888
511,46,5888
512,46,5888
513,47,6016
514,47,6016
515,47,6016
516,47,6016
517,47,6016
518,48,6144
519,47,6016
520,46,5888
521,45,5760
522,45,5760
523,45,5760
524,45,5760
525,46,5888
526,46,5888
527,46,5888
528,46,5888
529,46,5888
530,46,5888
531,45,5760
532,45,5760
533,45,5760
534,45,5760
535,45,5760
536,45,5760
537,44,5632
538,45,5760
539,45,5760
540,45,5760
541,45,5760
542,45,5760
543,45,5760
544,46,5888
545,45,5760
546,45,5760
547,45,5760
548,45,5760
549,45,5760
550,46,5888
551,46,5888
552,46,5888
553,46,5888
554,46,5888
555,48,6144
556,48,6144
557,47,6016
558,47,6016
559,47,6016
560,47,6016
561,47,6016
562,48,6144
563,48,6144
564,48,6144
565,48,6144
566,48,6144
567,49,6272
568,48,6144
569,48,6144
570,48,6144
571,48,6144
572,49,6272
573,47,6016
574,47,6016
575,47,6016
576,48,6144
577,48,6144
578,48,6144
579,48,6144
580,48,6144
581,48,6144
582,48,6144
583,48,6144
584,48,6144
585,49,6272
586,49,6272
587,49,6272
588,49,6272
589,48,6144
590,48,6144
591,47,6016
592,47,6016
593,48,6144
594,47,6016
595,47,6016
596,47,6016
597,47,6016
598,48,6144
599,47,6016
600,47,6016
601,46,5888
602,46,5888
603,46,5888
604,47,6016
605,48,6144
606,48,6144
607,46,5888
608,46,5888
609,46,5888
610,46,5888
611,46,5888
612,46,5888
613,46,5888
614,46,5888
615,46,5888
616,47,6016
617,48,6144
618,47,6016
619,47,6016
620,47,6016
621,47,6016
622,46,5888
623,47,6016
624,45,5760
625,46,5888
626,46,5888
627,45,5760
628,46,5888
629,46,5888
630,46,5888
631,46,5888
632,46,5888
633,47,6016
634,47,6016
635,45,5760
636,45,5760
637,45,5760
638,47,6016
639,47,6016
640,48,6144
641,47,6016
642,45,5760
643,46,5888
644,46,5888
645,46,5888
646,45,5760
647,46,5888
648,46,5888
649,46,5888
650,46,5888
651,46,5888
652,46,5888
653,46,5888
654,46,5888
655,47,6016
656,47,6016
657,47,6016
658,47,6016
659,47,6016
660,47,6016
661,47,6016
662,46,5888
663,47,6016
664,47,6016
665,48,6144
666,48,6144
667,48,6144
668,48,6144
669,48,6144
670,48,6144
671,48,6144
672,49,6272
673,49,6272
674,49,6272
675,49,6272
676,48,6144
677,48,6144
678,48,6144
679,48,6144
680,48,6144
681,48,6144
682,47,6016
683,48,6144
684,49,6272
685,49,6272
686,49,6272
687,49,6272
688,48,6144
689,48,6144
690,49,6272
691,49,6272
692,49,6272
693,49,6272
694,50,6400
695,49,6272
696,51,6528
697,51,6528
698,52,6656
699,51,6528
700,50,6400
701,50,6400
702,50,6400
703,50,6400
704,50,6400
705,50,6400
706,50,6400
707,50,6400
708,50,6400
709,50,6400
710,48,6144
711,49,6272
712,49,6272
713,50,6400
714,50,6400
715,49,6272
716,49,6272
717,49,6272
718,49,6272
719,50,6400
720,50,6400
721,50,6400
722,51,6528
723,50,6400
724,50,6400
725,49,6272
726,50,6400
727,50,6400
728,50,6400
729,50,6400
730,50,6400
731,50,6400
732,50,6400
733,50,6400
734,51,6528
735,51,6528
736,51,6528
737,51,6528
738,51,6528
739,50,6400
740,51,6528
741,51,6528
742,51,6528
743,52,6656
744,51,6528
745,51,6528
746,51,6528
747,51,6528
748,52,6656
749,51,6528
750,51,6528
751,51,6528
752,51,6528
753,51,6528
754,51,6528
755,51,6528
756,51,6528
757,51,6528
758,51,6528
759,50,6400
760,50,6400
761,50,6400
762,50,6400
763,51,6528
764,51,6528
765,51,6528
766,51,6528
767,51,6528
768,51,6528
769,50,6400
770,50,6400
771,51,6528
772,51,6528
773,51,6528
774,51,6528
775,50,6400
776,51,6528
777,51,6528
778,51,6528
779,50,6400
780,51,6528
781,50,6400
782,50,6400
783,50,6400
784,50,6400
785,50,6400
786,50,6400
787,50,6400
788,50,6400
789,50,6400
790,50,6400
791,50,6400
792,51,6528
793,50,6400
794,50,6400
795,50,6400
796,50,6400
797,50,6400
798,49,6272
799,49,6272
800,49,6272
801,49,6272
802,49,6272
803,49,6272
804,49,6272
805,49,6272
806,49,6272
807,50,6400
808,50,6400
809,49,6272
810,49,6272
811,49,6272
812,49,6272
813,49,6272
814,49,6272
815,49,6272
816,49,6272
817,49,6272
818,49,6272
819,49,6272
820,49,6272
821,49,6272
822,49,6272
823,49,6272
824,49,6272
825,49,6272
826,49,6272
827,49,6272
828,49,6272
829,50,6400
830,49,6272
831,49,6272
832,48,6144
833,48,6144
834,48,6144
835,48,6144
836,48,6144
837,48,6144
838,48,6144
839,47,6016
840,48,6144
841,48,6144
842,48,6144
843,48,6144
844,48,6144
845,48,6144
846,48,6144
847,49,6272
848,49,6272
849,48,6144
850,48,6144
851,48,6144
852,48,6144
853,48,6144
854,49,6272
855,49,6272
856,49,6272
857,49,6272
858,49,6272
859,49,6272
860,48,6144
861,48,6144
862,49,6272
863,49,6272
864,50,6400
865,50,6400
866,50,6400
867,50,6400
868,50,6400
869,50,6400
870,50,6400
871,50,6400
872,50,6400
873,50,6400
874,49,6272
875,50,6400
876,50,6400
877,49,6272
878,49,6272
879,50,6400
880,50,6400
881,49,6272
882,49,6272
883,49,6272
884,50,6400
885,50,6400
886,49,6272
887,49,6272
888,49,6272
889,49,6272
890,49,6272
891,49,6272
892,49,6272
893,49,6272
894,49,6272
895,48,6144
896,48,6144
897,49,6272
898,48,6144
899,48,6144
900,48,6144
901,48,6144
902,48,6144
903,48,6144
904,48,6144
905,48,6144
906,48,6144
907,48,6144
908,48,6144
909,48,6144
910,48,6144
911,48,6144
912,48,6144
913,47,6016
914,49,6272
915,49,6272
916,48,6144
917,47,6016
918,47,6016
919,47,6016
920,47,6016
921,47,6016
922,46,5888
923,46,5888
924,46,5888
925,46,5888
926,46,5888
927,46,5888
928,46,5888
929,46,5888
930,46,5888
931,45,5760
932,45,5760
933,45,5760
934,45,5760
935,46,5888
936,45,5760
937,46,5888
938,46,5888
939,46,5888
940,46,5888
941,46,5888
942,46,5888
943,47,6016
944,45,5760
945,45,5760
946,47,6016
947,46,5888
948,47,6016
949,46,5888
950,46,5888
951,47,6016
952,48,6144
953,48,6144
954,49,6272
955,49,6272
956,49,6272
957,50,6400
958,50,6400
959,50,6400
960,50,6400
961,50,6400
962,50,6400
963,50,6400
964,50,6400
965,50,6400
966,50,6400
967,50,6400
968,50,6400
969,50,6400
970,50,6400
971,50,6400
972,49,6272
973,49,6272
974,50,6400
975,50,6400
976,50,6400
977,50,6400
978,50,6400
979,50,6400
980,49,6272
981,50,6400
982,50,6400
983,51,6528
984,50,6400
985,50,6400
986,50,6400
987,50,6400
988,50,6400
989,51,6528
990,51,6528
991,51,6528
992,50,6400
993,51,6528
994,51,6528
995,51,6528
996,51,6528
997,51,6528
998,50,6400
999,50,6400
1000,50,6400
1001,50,6400
1002,50,6400
1003,50,6400
1004,50,6400
1005,50,6400
1006,50,6400
1007,50,6400
1008,50,6400
1009,50,6400
1010,50,6400
1011,51,6528
1012,51,6528
1013,50,6400
1014,50,6400
1015,50,6400
1016,50,6400
1017,50,6400
1018,50,6400
1019,52,6656
1020,52,6656
1021,52,6656
1022,53,6784
1023,52,6656
1024,52,6656
1025,52,6656
1026,52,6656
1027,52,6656
1028,52,6656
1029,52,6656
1030,52,6656
1031,53,6784
1032,52,6656
1033,52,6656
1034,52,6656
1035,52,6656
1036,51,6528
1037,51,6528
1038,51,6528
1039,51,6528
1040,51,6528
1041,51,6528
1042,51,6528
1043,52,6656
1044,52,6656
1045,50,6400
1046,50,6400
1047,51,6528
1048,51,6528
1049,51,6528
1050,50,6400
1051,49,6272
1052,50,6400
1053,50,6400
1054,50,6400
1055,50,6400
1056,50,6400
1057,50,6400
1058,50,6400
1059,50,6400
1060,51,6528
1061,51,6528
1062,51,6528
1063,51,6528
1064,51,6528
1065,51,6528
1066,52,6656
1067,52,6656
1068,52,6656
1069,52,6656
1070,53,6784
1071,52,6656
1072,52,6656
1073,52,6656
1074,52,6656
1075,52,6656
1076,52,6656
1077,53,6784
1078,54,6912
1079,54,6912
1080,55,7040
1081,55,7040
1082,55,7040
1083,55,7040
1084,55,7040
1085,55,7040
1086,55,7040
1087,55,7040
1088,54,6912
1089,54,6912
1090,54,6912
1091,54,6912
1092,54,6912
1093,53,6784
1094,53,6784
1095,53,6784
1096,53,6784
1097,53,6784
1098,53,6784
1099,53,6784
1100,52,6656
1101,52,6656
1102,52,6656
1103,52,6656
1104,53,6784
1105,54,6912
1106,54,6912
1107,55,7040
1108,52,6656
1109,52,6656
1110,52,6656
1111,52,6656
1112,52,6656
1113,52,6656
1114,52,6656
1115,52,6656
1116,52,6656
1117,52,6656
1118,53,6784
1119,53,6784
1120,53,6784
1121,54,6912
1122,54,6912
1123,54,6912
1124,56,7168
1125,56,7168
1126,54,6912
1127,55,7040
1128,54,6912
1129,52,6656
1130,53,6784
1131,53,6784
1132,54,6912
1133,53,6784
1134,53,6784
1135,53,6784
1136,54,6912
1137,54,6912
1138,54,6912
1139,54,6912
1140,54,6912
1141,54,6912
1142,54,6912
1143,54,6912
1144,54,6912
1145,54,6912
1146,54,6912
1147,55,7040
1148,56,7168
1149,56,7168
1150,56,7168
1151,56,7168
1152,55,7040
1153,55,7040
1154,55,7040
1155,55,7040
1156,55,7040
1157,54,6912
1158,54,6912
1159,54,6912
1160,52,6656
1161,52,6656
1162,52,6656
1163,52,6656
1164,52,6656
1165,53,6784
1166,52,6656
1167,53,6784
1168,53,6784
1169,53,6784
1170,53,6784
1171,54,6912
1172,55,7040
1173,55,7040
1174,56,7168
1175,56,7168
1176,56,7168
1177,55,7040
1178,55,7040
1179,55,7040
1180,55,7040
1181,55,7040
1182,55,7040
1183,55,7040
1184,55,7040
1185,54,6912
1186,54,6912
1187,53,6784
1188,52,6656
1189,52,6656
1190,52,6656
1191,53,6784
1192,53,6784
1193,53,6784
1194,53,6784
1195,53,6784
1196,53,6784
1197,53,6784
1198,53,6784
1199,52,6656
1200,52,6656
1201,52,6656
1202,52,6656
1203,52,6656
1204,53,6784
1205,53,6784
1206,54,6912
1207,53,6784
1208,53,6784
1209,53,6784
1210,53,6784
1211,53,6784
1212,53,6784
1213,53,6784
1214,53,6784
1215,52,6656
1216,52,6656
1217,52,6656
1218,52,6656
1219,50,6400
1220,50,6400
1221,50,6400
1222,50,6400
1223,50,6400
1224,50,6400
1225,50,6400
1226,51,6528
1227,51,6528
1228,51,6528
1229,51,6528
1230,50,6400
1231,51,6528
1232,50,6400
1233,50,6400
1234,50,6400
1235,50,6400
1236,50,6400
1237,51,6528
1238,50,6400
1239,50,6400
1240,49,6272
1241,49,6272
1242,50,6400
1243,49,6272
1244,48,6144
1245,48,6144
1246,48,6144
1247,48,6144
1248,48,6144
1249,48,6144
1250,48,6144
1251,48,6144
1252,48,6144
1253,48,6144
1254,48,6144
1255,48,6144
1256,48,6144
1257,48,6144
1258,48,6144
1259,49,6272
1260,49,6272
1261,48,6144
1262,48,6144
1263,49,6272
1264,50,6400
1265,50,6400
1266,49,6272
1267,49,6272
1268,50,6400
1269,50,6400
1270,50,6400
1271,49,6272
1272,49,6272
1273,49,6272
1274,50,6400
1275,50,6400
1276,50,6400
1277,48,6144
1278,48,6144
1279,48,6144
1280,48,6144
1281,47,6016
1282,48,6144
1283,48,6144
1284,48,6144
1285,48,6144
1286,48,6144
1287,48,6144
1288,49,6272
1289,49,6272
1290,49,6272
1291,48,6144
1292,48,6144
1293,48,6144
1294,48,6144
1295,48,6144
1296,48,6144
1297,48,6144
1298,48,6144
1299,48,6144
1300,48,6144
1301,47,6016
1302,48,6144
1303,49,6272
1304,48,6144
1305,48,6144
1306,48,6144
1307,48,6144
1308,48,6144
1309,49,6272
1310,49,6272
1311,48,6144
1312,47,6016
1313,48,6144
1314,48,6144
1315,48,6144
1316,48,6144
1317,48,6144
1318,48,6144
1319,48,6144
1320,49,6272
1321,49,6272
1322,50,6400
1323,50,6400
1324,49,6272
1325,47,6016
1326,47,6016
1327,48,6144
1328,48,6144
1329,48,6144
1330,48,6144
1331,48,6144
1332,48,6144
1333,48,6144
1334,49,6272
1335,48,6144
1336,48,6144
1337,49,6272
1338,49,6272
1339,49,6272
1340,49,6272
1341,48,6144
1342,49,6272
1343,49,6272
1344,49,6272
1345,49,6272
1346,49,6272
1347,49,6272
1348,49,6272
1349,48,6144
1350,48,6144
1351,49,6272
1352,48,6144
1353,49,6272
1354,49,6272
1355,48,6144
1356,48,6144
1357,48,6144
1358,48,6144
1359,48,6144
1360,48,6144
1361,49,6272
1362,49,6272
1363,49,6272
1364,49,6272
1365,49,6272
1366,49,6272
1367,49,6272
1368,49,6272
1369,49,6272
1370,49,6272
1371,49,6272
1372,48,6144
1373,48,6144
1374,48,6144
1375,48,6144
1376,49,6272
1377,49,6272
1378,49,6272
1379,49,6272
1380,49,6272
1381,49,6272
1382,49,6272
1383,50,6400
1384,50,6400
1385,50,6400
1386,50,6400
1387,50,6400
1388,50,6400
1389,50,6400
1390,50,6400
1391,50,6400
1392,51,6528
1393,51,6528
1394,52,6656
1395,52,6656
1396,51,6528
1397,51,6528
1398,51,6528
1399,50,6400
1400,51,6528
1401,51,6528
1402,51,6528
1403,52,6656
1404,52,6656
1405,52,6656
1406,52,6656
1407,53,6784
1408,52,6656
1409,52,6656
1410,52,6656
1411,52,6656
1412,51,6528
1413,52,6656
1414,51,6528
1415,51,6528
1416,51,6528
1417,51,6528
1418,51,6528
1419,51,6528
1420,51,6528
1421,52,6656
1422,52,6656
1423,52,6656
1424,51,6528
1425,51,6528
1426,51,6528
1427,50,6400
1428,50,6400
1429,50,6400
1430,50,6400
1431,50,6400
1432,50,6400
1433,50,6400
1434,50,6400
1435,50,6400
1436,48,6144
1437,48,6144
1438,48,6144
1439,48,6144
1440,48,6144
1441,48,6144
1442,48,6144
1443,48,6144
1444,49,6272
1445,49,6272
1446,49,6272
1447,49,6272
1448,50,6400
1449,51,6528
1450,51,6528
1451,51,6528
1452,51,6528
1453,51,6528
1454,52,6656
1455,52,6656
1456,50,6400
1457,49,6272
1458,50,6400
1459,51,6528
1460,51,6528
1461,49,6272
1462,50,6400
1463,50,6400
1464,50,6400
1465,50,6400
1466,49,6272
1467,50,6400
1468,49,6272
1469,50,6400
1470,50,6400
1471,50,6400
1472,50,6400
1473,50,6400
1474,50,6400
1475,51,6528
1476,51,6528
1477,50,6400
1478,49,6272
1479,49,6272
1480,50,6400
1481,51,6528
1482,50,6400
1483,50,6400
1484,49,6272
1485,49,6272
1486,49,6272
1487,50,6400
1488,50,6400
1489,50,6400
1490,49,6272
1491,50,6400
1492,50,6400
1493,50,6400
1494,50,6400
1495,50,6400
1496,50,6400
1497,50,6400
1498,49,6272
1499,49,6272
1500,50,6400
1501,49,6272
1502,49,6272
1503,49,6272
1504,49,6272
1505,48,6144
1506,48,6144
1507,49,6272
1508,48,6144
1509,48,6144
1510,49,6272
1511,49,6272
1512,50,6400
1513,49,6272
1514,50,6400
1515,49,6272
1516,49,6272
1517,48,6144
1518,48,6144
1519,47,6016
1520,47,6016
1521,47,6016
1522,47,6016
1523,48,6144
1524,48,6144
1525,48,6144
1526,48,6144
1527,48,6144
1528,48,6144
1529,48,6144
1530,48,6144
1531,49,6272
1532,49,6272
1533,49,6272
1534,49,6272
1535,50,6400
1536,50,6400
1537,50,6400
1538,49,6272
1539,50,6400
1540,50,6400
1541,49,6272
1542,50,6400
1543,49,6272
1544,49,6272
1545,50,6400
1546,50,6400
1547,50,6400
1548,51,6528
1549,51,6528
1550,51,6528
1551,51,6528
1552,51,6528
1553,49,6272
1554,49,6272
1555,49,6272
1556,49,6272
1557,49,6272
1558,49,6272
1559,49,6272
1560,49,6272
1561,49,6272
1562,49,6272
1563,49,6272
1564,49,6272
1565,49,6272
1566,49,6272
1567,49,6272
1568,50,6400
1569,49,6272
1570,49,6272
1571,49,6272
1572,49,6272
1573,49,6272
1574,49,6272
1575,49,6272
1576,49,6272
1577,50,6400
1578,49,6272
1579,50,6400
1580,49,6272
1581,50,6400
1582,50,6400
1583,50,6400
1584,50,6400
1585,50,6400
1586,50,6400
1587,50,6400
1588,50,6400
1589,50,6400
1590,50,6400
1591,50,6400
1592,51,6528
1593,51,6528
1594,51,6528
1595,52,6656
1596,52,6656
1597,52,6656
1598,52,6656
1599,52,6656
1600,52,6656
1601,52,6656
1602,52,6656
1603,53,6784
1604,53,6784
1605,52,6656
1606,52,6656
1607,52,6656
1608,52,6656
1609,52,6656
1610,52,6656
1611,51,6528
1612,51,6528
1613,51,6528
1614,52,6656
1615,51,6528
1616,51,6528
1617,52,6656
1618,53,6784
1619,53,6784
1620,53,6784
1621,51,6528
1622,50,6400
1623,50,6400
1624,50,6400
1625,50,6400
1626,50,6400
1627,51,6528
1628,50,6400
1629,50,6400
1630,50,6400
1631,50,6400
1632,50,6400
1633,50,6400
1634,50,6400
1635,50,6400
1636,50,6400
1637,50,6400
1638,50,6400
1639,50,6400
1640,51,6528
1641,50,6400
1642,50,6400
1643,49,6272
1644,49,6272
1645,48,6144
1646,48,6144
1647,48,6144
1648,48,6144
1649,48,6144
1650,47,6016
1651,47,6016
1652,48,6144
1653,48,6144
1654,48,6144
1655,48,6144
1656,47,6016
1657,48,6144
1658,48,6144
1659,48,6144
1660,48,6144
1661,48,6144
1662,46,5888
1663,47,6016
1664,47,6016
1665,46,5888
1666,46,5888
1667,47,6016
1668,47,6016
1669,47,6016
1670,47,6016
1671,47,6016
1672,47,6016
1673,47,6016
1674,48,6144
1675,47,6016
1676,47,6016
1677,47,6016
1678,47,6016
1679,47,6016
1680,47,6016
1681,47,6016
1682,47,6016
1683,47,6016
1684,46,5888
1685,46,5888
1686,46,5888
1687,47,6016
1688,46,5888
1689,46,5888
1690,46,5888
1691,46,5888
1692,46,5888
1693,46,5888
1694,46,5888
1695,46,5888
1696,46,5888
1697,46,5888
1698,46,5888
1699,46,5888
1700,46,5888
1701,45,5760
1702,46,5888
1703,46,5888
1704,47,6016
1705,46,5888
1706,46,5888
1707,46,5888
1708,45,5760
1709,45,5760
1710,46,5888
1711,46,5888
1712,46,5888
1713,46,5888
1714,46,5888
1715,46,5888
1716,46,5888
1717,46,5888
1718,46,5888
1719,47,6016
1720,47,6016
1721,47,6016
1722,47,6016
1723,47,6016
1724,47,6016
1725,47,6016
1726,47,6016
1727,47,6016
1728,48,6144
1729,48,6144
1730,48,6144
1731,48,6144
1732,49,6272
1733,48,6144
1734,48,6144
1735,48,6144
1736,48,6144
1737,47,6016
1738,47,6016
1739,47,6016
1740,47,6016
1741,46,5888
1742,46,5888
1743,46,5888
1744,48,6144
1745,48,6144
1746,47,6016
1747,47,6016
1748,47,6016
1749,47,6016
1750,47,6016
1751,47,6016
1752,46,5888
1753,47,6016
1754,47,6016
1755,47,6016
1756,47,6016
1757,47,6016
1758,46,5888
1759,46,5888
1760,48,6144
1761,48,6144
1762,48,6144
1763,48,6144
1764,48,6144
1765,48,6144
1766,48,6144
1767,48,6144
1768,48,6144
1769,48,6144
1770,48,6144
1771,48,6144
1772,47,6016
1773,47,6016
1774,47,6016
1775,47,6016
1776,47,6016
1777,46,5888
1778,45,5760
1779,45,5760
1780,45,5760
1781,45,5760
1782,46,5888
1783,46,5888
1784,46,5888
1785,46,5888
1786,46,5888
1787,45,5760
1788,45,5760
1789,46,5888
1790,46,5888
1791,46,5888
1792,46,5888
1793,46,5888
1794,46,5888
1795,46,5888
1796,46,5888
1797,46,5888
1798,47,6016
1799,46,5888
1800,46,5888
1801,46,5888
1802,47,6016
1803,47,6016
1804,47,6016
1805,47,6016
1806,47,6016
1807,47,6016
1808,47,6016
1809,47,6016
1810,47,6016
1811,47,6016
1812,47,6016
1813,47,6016
1814,47,6016
1815,47,6016
1816,48,6144
1817,48,6144
1818,48,6144
1819,48,6144
1820,49,6272
1821,47,6016
1822,46,5888
1823,46,5888
1824,46,5888
1825,46,5888
1826,47,6016
1827,47,6016
1828,47,6016
1829,47,6016
1830,47,6016
1831,47,6016
1832,48,6144
1833,48,6144
1834,48,6144
1835,48,6144
1836,48,6144
1837,48,6144
1838,48,6144
1839,48,6144
1840,48,6144
1841,47,6016
1842,47,6016
1843,48,6144
1844,47,6016
1845,47,6016
1846,46,5888
1847,46,5888
1848,47,6016
1849,47,6016
1850,47,6016
1851,46,5888
1852,46,5888
1853,46,5888
1854,46,5888
1855,46,5888
1856,47,6016
1857,46,5888
1858,47,6016
1859,47,6016
1860,46,5888
1861,46,5888
1862,46,5888
1863,46,5888
1864,46,5888
1865,46,5888
1866,46,5888
1867,46,5888
1868,45,5760
1869,45,5760
1870,46,5888
1871,46,5888
1872,46,5888
1873,46,5888
1874,46,5888
1875,46,5888
1876,46,5888
1877,45,5760
1878,45,5760
1879,45,5760
1880,45,5760
1881,45,5760
1882,46,5888
1883,46,5888
1884,46,5888
1885,47,6016
1886,47,6016
1887,47,6016
1888,45,5760
1889,45,5760
1890,45,5760
1891,45,5760
1892,45,5760
1893,45,5760
1894,46,5888
1895,46,5888
1896,47,6016
1897,47,6016
1898,46,5888
1899,46,5888
1900,47,6016
1901,47,6016
1902,47,6016
1903,47,6016
1904,45,5760
1905,46,5888
1906,47,6016
1907,47,6016
1908,46,5888
1909,47,6016
1910,47,6016
1911,47,6016
1912,47,6016
1913,49,6272
1914,48,6144
1915,48,6144
1916,47,6016
1917,46,5888
1918,46,5888
1919,46,5888
1920,46,5888
1921,46,5888
1922,45,5760
1923,46,5888
1924,46,5888
1925,47,6016
1926,47,6016
1927,46,5888
1928,46,5888
1929,46,5888
1930,46,5888
1931,46,5888
1932,46,5888
1933,46,5888
1934,46,5888
1935,47,6016
1936,47,6016
1937,47,6016
1938,47,6016
1939,46,5888
1940,46,5888
1941,46,5888
1942,46,5888
1943,46,5888
1944,46,5888
1945,47,6016
1946,47,6016
1947,47,6016
1948,47,6016
1949,47,6016
1950,48,6144
1951,48,6144
1952,49,6272
1953,48,6144
1954,47,6016
1955,47,6016
1956,47,6016
1957,47,6016
1958,47,6016
1959,47,6016
1960,47,6016
1961,47,6016
1962,47,6016
1963,48,6144
1964,48,6144
1965,48,6144
1966,47,6016
1967,47,6016
1968,47,6016
1969,48,6144
1970,48,6144
1971,47,6016
1972,47,6016
1973,47,6016
1974,47,6016
1975,47,6016
1976,47,6016
1977,47,6016
1978,47,6016
1979,47,6016
1980,46,5888
1981,46,5888
1982,47,6016
1983,49,6272
1984,48,6144
1985,48,6144
1986,47,6016
1987,48,6144
1988,48,6144
1989,47,6016
1990,47,6016
1991,47,6016
1992,47,6016
1993,46,5888
1994,47,6016
1995,47,6016
1996,46,5888
1997,47,6016
1998,47,6016
1999,48,6144
2000,48,6144
