RandomSeed,74971,Population size:128,Bit Length:64,Crossover Rate:0,Mutation Rate:0.005
gen,BestFitness,FitnessEval
1,39,4992
2,40,5120
3,41,5248
4,41,5248
5,40,5120
6,38,4864
7,38,4864
8,40,5120
9,41,5248
10,41,5248
11,41,5248
12,41,5248
13,40,5120
14,40,5120
15,40,5120
16,40,5120
17,40,5120
18,40,5120
19,41,5248
20,42,5376
21,42,5376
22,42,5376
23,42,5376
24,42,5376
25,42,5376
26,42,5376
27,42,5376
28,42,5376
29,42,5376
30,42,5376
31,42,5376
32,42,5376
33,42,5376
34,43,5504
35,42,5376
36,41,5248
37,42,5376
38,42,5376
39,42,5376
40,43,5504
41,43,5504
42,43,5504
43,43,5504
44,43,5504
45,44,5632
46,44,5632
47,44,5632
48,45,5760
49,44,5632
50,44,5632
51,45,5760
52,44,5632
53,44,5632
54,44,5632
55,43,5504
56,44,5632
57,43,5504
58,43,5504
59,44,5632
60,44,5632
61,44,5632
62,44,5632
63,43,5504
64,43,5504
65,43,5504
66,43,5504
67,43,5504
68,42,5376
69,42,5376
70,42,5376
71,43,5504
72,43,5504
73,43,5504
74,43,5504
75,43,5504
76,43,5504
77,43,5504
78,43,5504
79,43,5504
80,42,5376
81,42,5376
82,42,5376
83,43,5504
84,43,5504
85,43,5504
86,44,5632
87,43,5504
88,43,5504
89,43,5504
90,43,5504
91,44,5632
92,44,5632
93,44,5632
94,44,5632
95,44,5632
96,44,5632
97,44,5632
98,44,5632
99,44,5632
100,43,5504
101,43,5504
102,43,5504
103,44,5632
104,45,5760
105,44,5632
106,44,5632
107,44,5632
108,44,5632
109,45,5760
110,45,5760
111,45,5760
112,45,5760
113,46,5888
114,45,5760
115,45,5760
116,45,5760
117,45,5760
118,45,5760
119,45,5760
120,45,5760
121,45,5760
122,45,5760
123,46,5888
124,46,5888
125,46,5888
126,47,6016
127,47,6016
128,47,6016
129,47,6016
130,47,6016
131,47,6016
132,47,6016
133,47,6016
134,46,5888
135,47,6016
136,47,6016
137,48,6144
138,48,6144
139,47,6016
140,48,6144
141,48,6144
142,48,6144
143,48,6144
144,47,6016
145,47,6016
146,47,6016
147,47,6016
148,47,6016
149,47,6016
150,47,6016
151,47,6016
152,47,6016
153,47,6016
154,48,6144
155,49,6272
156,47,6016
157,46,5888
158,46,5888
159,46,5888
160,47,6016
161,46,5888
162,46,5888
163,47,6016
164,47,6016
165,47,6016
166,48,6144
167,47,6016
168,47,6016
169,47,6016
170,47,6016
171,47,6016
172,47,6016
173,46,5888
174,46,5888
175,46,5888
176,47,6016
177,47,6016
178,47,6016
179,47,6016
180,48,6144
181,47,6016
182,46,5888
183,46,5888
184,46,5888
185,47,6016
186,46,5888
187,46,5888
188,46,5888
189,46,5888
190,46,5888
191,46,5888
192,46,5888
193,46,5888
194,46,5888
195,46,5888
196,46,5888
197,46,5888
198,46,5888
199,46,5888
200,46,5888
201,47,6016
202,46,5888
203,46,5888
204,47,6016
205,47,6016
206,47,6016
207,47,6016
208,47,6016
209,47,6016
210,47,6016
211,47,6016
212,48,6144
213,48,6144
214,47,6016
215,47,6016
216,47,6016
217,47,6016
218,47,6016
219,48,6144
220,47,6016
221,47,6016
222,47,6016
223,47,6016
224,46,5888
225,46,5888
226,46,5888
227,46,5888
228,46,5888
229,46,5888
230,46,5888
231,46,5888
232,46,5888
233,47,6016
234,47,6016
235,47,6016
236,46,5888
237,46,5888
238,46,5888
239,46,5888
240,46,5888
241,47,6016
242,46,5888
243,46,5888
244,46,5888
245,47,6016
246,46,5888
247,46,5888
248,46,5888
249,46,5888
250,47,6016
251,47,6016
252,47,6016
253,47,6016
254,47,6016
255,48,6144
256,47,6016
257,48,6144
258,48,6144
259,47,6016
260,47,6016
261,47,6016
262,47,6016
263,47,6016
264,48,6144
265,47,6016
266,47,6016
267,47,6016
268,48,6144
269,48,6144
270,48,6144
271,48,6144
272,48,6144
273,48,6144
274,48,6144
275,49,6272
276,48,6144
277,47,6016
278,47,6016
279,46,5888
280,46,5888
281,46,5888
282,46,5888
283,47,6016
284,47,6016
285,47,6016
286,47,6016
287,46,5888
288,47,6016
289,47,6016
290,46,5888
291,46,5888
292,46,5888
293,46,5888
294,46,5888
295,46,5888
296,45,5760
297,46,5888
298,46,5888
299,46,5888
300,46,5888
301,46,5888
302,46,5888
303,47,6016
304,47,6016
305,47,6016
306,48,6144
307,48,6144
308,46,5888
309,46,5888
310,46,5888
311,46,5888
312,46,5888
313,46,5888
314,46,5888
315,46,5888
316,46,5888
317,46,5888
318,46,5888
319,46,5888
320,47,6016
321,46,5888
322,46,5888
323,45,5760
324,46,5888
325,46,5888
326,46,5888
327,47,6016
328,46,5888
329,46,5888
330,46,5888
331,47,6016
332,47,6016
333,47,6016
334,47,6016
335,47,6016
336,47,6016
337,47,6016
338,48,6144
339,47,6016
340,48,6144
341,48,6144
342,48,6144
343,48,6144
344,49,6272
345,49,6272
346,49,6272
347,48,6144
348,47,6016
349,47,6016
350,47,6016
351,47,6016
352,48,6144
353,48,6144
354,48,6144
355,48,6144
356,48,6144
357,48,6144
358,47,6016
359,47,6016
360,47,6016
361,47,6016
362,47,6016
363,47,6016
364,47,6016
365,46,5888
366,45,5760
367,46,5888
368,46,5888
369,46,5888
370,46,5888
371,46,5888
372,46,5888
373,46,5888
374,47,6016
375,47,6016
376,47,6016
377,47,6016
378,47,6016
379,47,6016
380,47,6016
381,47,6016
382,47,6016
383,47,6016
384,48,6144
385,47,6016
386,48,6144
387,47,6016
388,47,6016
389,47,6016
390,48,6144
391,45,5760
392,46,5888
393,46,5888
394,46,5888
395,46,5888
396,46,5888
397,45,5760
398,46,5888
399,47,6016
400,47,6016
401,47,6016
402,47,6016
403,47,6016
404,48,6144
405,48,6144
406,48,6144
407,49,6272
408,49,6272
409,49,6272
410,49,6272
411,47,6016
412,47,6016
413,47,6016
414,47,6016
415,47,6016
416,47,6016
417,47,6016
418,47,6016
419,47,6016
420,47,6016
421,47,6016
422,47,6016
423,47,6016
424,47,6016
425,48,6144
426,48,6144
427,49,6272
428,48,6144
429,48,6144
430,48,6144
431,48,6144
432,47,6016
433,47,6016
434,47,6016
435,47,6016
436,47,6016
437,47,6016
438,46,5888
439,46,5888
440,46,5888
441,45,5760
442,45,5760
443,44,5632
444,45,5760
445,45,5760
446,45,5760
447,45,5760
448,45,5760
449,46,5888
450,46,5888
451,46,5888
452,45,5760
453,45,5760
454,46,5888
455,46,5888
456,46,5888
457,46,5888
458,48,6144
459,48,6144
460,47,6016
461,48,6144
462,47,6016
463,47,6016
464,47,6016
465,48,6144
466,48,6144
467,46,5888
468,46,5888
469,46,5888
470,46,5888
471,47,6016
472,47,6016
473,46,5888
474,46,5888
475,47,6016
476,46,5888
477,47,6016
478,48,6144
479,48,6144
480,49,6272
481,50,6400
482,50,6400
483,49,6272
484,48,6144
485,48,6144
486,48,6144
487,48,6144
488,49,6272
489,50,6400
490,49,6272
491,48,6144
492,48,6144
493,48,6144
494,48,6144
495,48,6144
496,48,6144
497,48,6144
498,48,6144
499,48,6144
500,48,6144
501,48,6144
502,48,6144
503,49,6272
504,49,6272
505,49,6272
506,49,6272
507,49,6272
508,48,6144
509,48,6144
510,47,6016
511,47,6016
512,47,6016
513,47,6016
514,48,6144
515,49,6272
516,49,6272
517,49,6272
518,49,6272
519,50,6400
520,50,6400
521,50,6400
522,51,6528
523,51,6528
524,51,6528
525,51,6528
526,51,6528
527,51,6528
528,52,6656
529,51,6528
530,51,6528
531,52,6656
532,52,6656
533,52,6656
534,53,6784
535,53,6784
536,52,6656
537,53,6784
538,53,6784
539,53,6784
540,53,6784
541,53,6784
542,53,6784
543,53,6784
544,52,6656
545,52,6656
546,52,6656
547,52,6656
548,52,6656
549,52,6656
550,52,6656
551,52,6656
552,52,6656
553,52,6656
554,51,6528
555,52,6656
556,52,6656
557,52,6656
558,52,6656
559,52,6656
560,50,6400
561,50,6400
562,50,6400
563,50,6400
564,50,6400
565,52,6656
566,49,6272
567,49,6272
568,49,6272
569,49,6272
570,49,6272
571,50,6400
572,50,6400
573,50,6400
574,50,6400
575,50,6400
576,50,6400
577,50,6400
578,50,6400
579,51,6528
580,51,6528
581,51,6528
582,50,6400
583,51,6528
584,51,6528
585,50,6400
586,50,6400
587,51,6528
588,51,6528
589,51,6528
590,51,6528
591,51,6528
592,51,6528
593,50,6400
594,50,6400
595,49,6272
596,48,6144
597,47,6016
598,47,6016
599,47,6016
600,47,6016
601,49,6272
602,49,6272
603,49,6272
604,48,6144
605,48,6144
606,48,6144
607,48,6144
608,48,6144
609,48,6144
610,49,6272
611,49,6272
612,50,6400
613,49,6272
614,49,6272
615,49,6272
616,50,6400
617,50,6400
618,50,6400
619,50,6400
620,50,6400
621,50,6400
622,49,6272
623,49,6272
624,49,6272
625,48,6144
626,48,6144
627,49,6272
628,50,6400
629,50,6400
630,50,6400
631,50,6400
632,50,6400
633,50,6400
634,50,6400
635,50,6400
636,51,6528
637,51,6528
638,51,6528
639,51,6528
640,51,6528
641,51,6528
642,51,6528
643,52,6656
644,52,6656
645,51,6528
646,51,6528
647,51,6528
648,51,6528
649,50,6400
650,50,6400
651,50,6400
652,51,6528
653,49,6272
654,50,6400
655,49,6272
656,49,6272
657,50,6400
658,50,6400
659,49,6272
660,49,6272
661,49,6272
662,49,6272
663,49,6272
664,49,6272
665,49,6272
666,49,6272
667,48,6144
668,48,6144
669,48,6144
670,49,6272
671,48,6144
672,48,6144
673,49,6272
674,49,6272
675,49,6272
676,49,6272
677,49,6272
678,49,6272
679,49,6272
680,49,6272
681,49,6272
682,50,6400
683,49,6272
684,49,6272
685,50,6400
686,51,6528
687,50,6400
688,50,6400
689,51,6528
690,51,6528
691,50,6400
692,50,6400
693,50,6400
694,50,6400
695,50,6400
696,50,6400
697,51,6528
698,51,6528
699,51,6528
700,51,6528
701,51,6528
702,52,6656
703,53,6784
704,51,6528
705,52,6656
706,51,6528
707,50,6400
708,50,6400
709,50,6400
710,51,6528
711,52,6656
712,53,6784
713,53,6784
714,53,6784
715,50,6400
716,50,6400
717,50,6400
718,49,6272
719,49,6272
720,50,6400
721,49,6272
722,50,6400
723,49,6272
724,49,6272
725,50,6400
726,50,6400
727,51,6528
728,49,6272
729,49,6272
730,49,6272
731,49,6272
732,49,6272
733,48,6144
734,49,6272
735,48,6144
736,48,6144
737,48,6144
738,48,6144
739,48,6144
740,49,6272
741,49,6272
742,49,6272
743,50,6400
744,49,6272
745,49,6272
746,49,6272
747,49,6272
748,49,6272
749,49,6272
750,49,6272
751,49,6272
752,49,6272
753,49,6272
754,48,6144
755,49,6272
756,48,6144
757,48,6144
758,50,6400
759,50,6400
760,50,6400
761,50,6400
762,50,6400
763,50,6400
764,49,6272
765,49,6272
766,48,6144
767,48,6144
768,48,6144
769,48,6144
770,48,6144
771,47,6016
772,48,6144
773,47,6016
774,47,6016
775,48,6144
776,47,6016
777,46,5888
778,46,5888
779,46,5888
780,46,5888
781,46,5888
782,45,5760
783,45,5760
784,45,5760
785,46,5888
786,46,5888
787,46,5888
788,46,5888
789,46,5888
790,46,5888
791,46,5888
792,46,5888
793,46,5888
794,47,6016
795,46,5888
796,47,6016
797,48,6144
798,47,6016
799,47,6016
800,47,6016
801,46,5888
802,46,5888
803,46,5888
804,46,5888
805,46,5888
806,47,6016
807,47,6016
808,47,6016
809,47,6016
810,47,6016
811,47,6016
812,47,6016
813,47,6016
814,47,6016
815,47,6016
816,48,6144
817,47,6016
818,47,6016
819,48,6144
820,47,6016
821,47,6016
822,47,6016
823,47,6016
824,47,6016
825,49,6272
826,49,6272
827,46,5888
828,45,5760
829,46,5888
830,46,5888
831,46,5888
832,45,5760
833,45,5760
834,45,5760
835,44,5632
836,45,5760
837,45,5760
838,45,5760
839,44,5632
840,45,5760
841,45,5760
842,45,5760
843,44,5632
844,43,5504
845,43,5504
846,43,5504
847,44,5632
848,45,5760
849,45,5760
850,46,5888
851,45,5760
852,45,5760
853,44,5632
854,45,5760
855,45,5760
856,46,5888
857,46,5888
858,46,5888
859,45,5760
860,45,5760
861,46,5888
862,46,5888
863,46,5888
864,45,5760
865,45,5760
866,45,5760
867,45,5760
868,45,5760
869,45,5760
870,45,5760
871,45,5760
872,46,5888
873,46,5888
874,46,5888
875,46,5888
876,46,5888
877,46,5888
878,47,6016
879,47,6016
880,46,5888
881,46,5888
882,46,5888
883,45,5760
884,45,5760
885,45,5760
886,44,5632
887,44,5632
888,44,5632
889,44,5632
890,44,5632
891,44,5632
892,44,5632
893,45,5760
894,44,5632
895,45,5760
896,45,5760
897,45,5760
898,46,5888
899,46,5888
900,47,6016
901,46,5888
902,44,5632
903,45,5760
904,44,5632
905,44,5632
906,45,5760
907,45,5760
908,46,5888
909,46,5888
910,46,5888
911,45,5760
912,46,5888
913,47,6016
914,46,5888
915,46,5888
916,46,5888
917,46,5888
918,46,5888
919,46,5888
920,47,6016
921,47,6016
922,47,6016
923,47,6016
924,47,6016
925,47,6016
926,48,6144
927,48,6144
928,47,6016
929,47,6016
930,48,6144
931,48,6144
932,48,6144
933,48,6144
934,48,6144
935,48,6144
936,47,6016
937,48,6144
938,48,6144
939,48,6144
940,48,6144
941,48,6144
942,48,6144
943,48,6144
944,48,6144
945,48,6144
946,49,6272
947,49,6272
948,49,6272
949,49,6272
950,49,6272
951,50,6400
952,49,6272
953,49,6272
954,49,6272
955,50,6400
956,50,6400
957,51,6528
958,50,6400
959,50,6400
960,50,6400
961,50,6400
962,50,6400
963,49,6272
964,49,6272
965,49,6272
966,50,6400
967,50,6400
968,50,6400
969,49,6272
970,49,6272
971,49,6272
972,49,6272
973,49,6272
974,49,6272
975,49,6272
976,48,6144
977,49,6272
978,49,6272
979,49,6272
980,49,6272
981,49,6272
982,50,6400
983,50,6400
984,49,6272
985,49,6272
986,49,6272
987,49,6272
988,49,6272
989,50,6400
990,50,6400
991,50,6400
992,50,6400
993,50,6400
994,51,6528
995,52,6656
996,52,6656
997,52,6656
998,52,6656
999,52,6656
1000,52,6656
1001,52,6656
1002,52,6656
1003,50,6400
1004,50,6400
1005,51,6528
1006,51,6528
1007,50,6400
1008,51,6528
1009,51,6528
1010,51,6528
1011,51,6528
1012,52,6656
1013,52,6656
1014,52,6656
1015,52,6656
1016,52,6656
1017,52,6656
1018,53,6784
1019,52,6656
1020,52,6656
1021,52,6656
1022,52,6656
1023,52,6656
1024,52,6656
1025,52,6656
1026,52,6656
1027,52,6656
1028,52,6656
1029,51,6528
1030,51,6528
1031,51,6528
1032,51,6528
1033,51,6528
1034,51,6528
1035,52,6656
1036,52,6656
1037,52,6656
1038,53,6784
1039,49,6272
1040,49,6272
1041,49,6272
1042,49,6272
1043,50,6400
1044,50,6400
1045,50,6400
1046,50,6400
1047,50,6400
1048,50,6400
1049,50,6400
1050,51,6528
1051,51,6528
1052,51,6528
1053,51,6528
1054,51,6528
1055,51,6528
1056,51,6528
1057,51,6528
1058,51,6528
1059,51,6528
1060,51,6528
1061,51,6528
1062,51,6528
1063,50,6400
1064,51,6528
1065,51,6528
1066,51,6528
1067,51,6528
1068,51,6528
1069,51,6528
1070,50,6400
1071,50,6400
1072,51,6528
1073,50,6400
1074,50,6400
1075,50,6400
1076,50,6400
1077,50,6400
1078,50,6400
1079,50,6400
1080,52,6656
1081,52,6656
1082,52,6656
1083,51,6528
1084,51,6528
1085,51,6528
1086,51,6528
1087,51,6528
1088,51,6528
1089,51,6528
1090,50,6400
1091,50,6400
1092,51,6528
1093,51,6528
1094,51,6528
1095,51,6528
1096,51,6528
1097,52,6656
1098,52,6656
1099,52,6656
1100,52,6656
1101,52,6656
1102,52,6656
1103,51,6528
1104,51,6528
1105,51,6528
1106,51,6528
1107,51,6528
1108,51,6528
1109,51,6528
1110,51,6528
1111,51,6528
1112,52,6656
1113,52,6656
1114,51,6528
1115,52,6656
1116,51,6528
1117,51,6528
1118,52,6656
1119,51,6528
1120,51,6528
1121,51,6528
1122,52,6656
1123,52,6656
1124,52,6656
1125,52,6656
1126,51,6528
1127,51,6528
1128,51,6528
1129,51,6528
1130,52,6656
1131,52,6656
1132,52,6656
1133,52,6656
1134,52,6656
1135,52,6656
1136,52,6656
1137,52,6656
1138,52,6656
1139,52,6656
1140,52,6656
1141,52,6656
1142,52,6656
1143,52,6656
1144,51,6528
1145,51,6528
1146,51,6528
1147,52,6656
1148,51,6528
1149,50,6400
1150,50,6400
1151,50,6400
1152,50,6400
1153,50,6400
1154,50,6400
1155,50,6400
1156,50,6400
1157,50,6400
1158,51,6528
1159,52,6656
1160,52,6656
1161,52,6656
1162,52,6656
1163,53,6784
1164,53,6784
1165,53,6784
1166,52,6656
1167,52,6656
1168,50,6400
1169,50,6400
1170,51,6528
1171,51,6528
1172,51,6528
1173,50,6400
1174,50,6400
1175,49,6272
1176,49,6272
1177,49,6272
1178,49,6272
1179,49,6272
1180,49,6272
1181,49,6272
1182,49,6272
1183,49,6272
1184,49,6272
1185,50,6400
1186,50,6400
1187,50,6400
1188,50,6400
1189,50,6400
1190,50,6400
1191,50,6400
1192,48,6144
1193,48,6144
1194,48,6144
1195,48,6144
1196,48,6144
1197,49,6272
1198,49,6272
1199,49,6272
1200,49,6272
1201,49,6272
1202,49,6272
1203,49,6272
1204,49,6272
1205,50,6400
1206,49,6272
1207,50,6400
1208,49,6272
1209,49,6272
1210,50,6400
1211,50,6400
1212,50,6400
1213,50,6400
1214,50,6400
1215,51,6528
1216,50,6400
1217,50,6400
1218,50,6400
1219,50,6400
1220,48,6144
1221,49,6272
1222,49,6272
1223,50,6400
1224,50,6400
1225,48,6144
1226,48,6144
1227,48,6144
1228,47,6016
1229,47,6016
1230,46,5888
1231,47,6016
1232,47,6016
1233,48,6144
1234,48,6144
1235,48,6144
1236,48,6144
1237,47,6016
1238,47,6016
1239,47,6016
1240,47,6016
1241,47,6016
1242,48,6144
1243,48,6144
1244,47,6016
1245,47,6016
1246,47,6016
1247,46,5888
1248,47,6016
1249,47,6016
1250,46,5888
1251,46,5888
1252,46,5888
1253,47,6016
1254,47,6016
1255,48,6144
1256,47,6016
1257,47,6016
1258,47,6016
1259,47,6016
1260,47,6016
1261,47,6016
1262,47,6016
1263,47,6016
1264,48,6144
1265,49,6272
1266,49,6272
1267,49,6272
1268,49,6272
1269,49,6272
1270,49,6272
1271,48,6144
1272,48,6144
1273,48,6144
1274,49,6272
1275,49,6272
1276,49,6272
1277,50,6400
1278,50,6400
1279,50,6400
1280,50,6400
1281,50,6400
1282,49,6272
1283,49,6272
1284,49,6272
1285,50,6400
1286,50,6400
1287,50,6400
1288,50,6400
1289,50,6400
1290,50,6400
1291,49,6272
1292,50,6400
1293,50,6400
1294,50,6400
1295,51,6528
1296,51,6528
1297,51,6528
1298,51,6528
1299,50,6400
1300,50,6400
1301,50,6400
1302,51,6528
1303,51,6528
1304,51,6528
1305,51,6528
1306,51,6528
1307,50,6400
1308,51,6528
1309,51,6528
1310,51,6528
1311,51,6528
1312,51,6528
1313,52,6656
1314,52,6656
1315,53,6784
1316,53,6784
1317,53,6784
1318,53,6784
1319,53,6784
1320,52,6656
1321,52,6656
1322,51,6528
1323,53,6784
1324,53,6784
1325,51,6528
1326,51,6528
1327,50,6400
1328,51,6528
1329,51,6528
1330,51,6528
1331,50,6400
1332,51,6528
1333,51,6528
1334,51,6528
1335,51,6528
1336,51,6528
1337,51,6528
1338,51,6528
1339,52,6656
1340,52,6656
1341,53,6784
1342,53,6784
1343,52,6656
1344,52,6656
1345,51,6528
1346,52,6656
1347,52,6656
1348,53,6784
1349,53,6784
1350,53,6784
1351,53,6784
1352,53,6784
1353,53,6784
1354,53,6784
1355,53,6784
1356,53,6784
1357,53,6784
1358,53,6784
1359,53,6784
1360,53,6784
1361,53,6784
1362,53,6784
1363,53,6784
1364,53,6784
1365,52,6656
1366,52,6656
1367,51,6528
1368,52,6656
1369,52,6656
1370,52,6656
1371,52,6656
1372,52,6656
1373,51,6528
1374,51,6528
1375,50,6400
1376,50,6400
1377,49,6272
1378,49,6272
1379,49,6272
1380,50,6400
1381,50,6400
1382,50,6400
1383,50,6400
1384,50,6400
1385,50,6400
1386,51,6528
1387,49,6272
1388,49,6272
1389,49,6272
1390,50,6400
1391,50,6400
1392,50,6400
1393,49,6272
1394,49,6272
1395,49,6272
1396,49,6272
1397,50,6400
1398,50,6400
1399,50,6400
1400,50,6400
1401,49,6272
1402,49,6272
1403,49,6272
1404,49,6272
1405,49,6272
1406,49,6272
1407,50,6400
1408,50,6400
1409,50,6400
1410,51,6528
1411,51,6528
1412,51,6528
1413,51,6528
1414,51,6528
1415,52,6656
1416,52,6656
1417,52,6656
1418,52,6656
1419,53,6784
1420,52,6656
1421,53,6784
1422,53,6784
1423,52,6656
1424,53,6784
1425,53,6784
1426,53,6784
1427,54,6912
1428,54,6912
1429,53,6784
1430,53,6784
1431,53,6784
1432,53,6784
1433,53,6784
1434,53,6784
1435,53,6784
1436,54,6912
1437,53,6784
1438,53,6784
1439,54,6912
1440,53,6784
1441,53,6784
1442,53,6784
1443,52,6656
1444,52,6656
1445,52,6656
1446,52,6656
1447,52,6656
1448,53,6784
1449,54,6912
1450,53,6784
1451,53,6784
1452,53,6784
1453,53,6784
1454,53,6784
1455,53,6784
1456,53,6784
1457,54,6912
1458,54,6912
1459,53,6784
1460,53,6784
1461,53,6784
1462,53,6784
1463,53,6784
1464,54,6912
1465,54,6912
1466,54,6912
1467,53,6784
1468,53,6784
1469,54,6912
1470,53,6784
1471,53,6784
1472,53,6784
1473,53,6784
1474,53,6784
1475,53,6784
1476,54,6912
1477,53,6784
1478,53,6784
1479,53,6784
1480,54,6912
1481,52,6656
1482,52,6656
1483,53,6784
1484,53,6784
1485,53,6784
1486,53,6784
1487,54,6912
1488,53,6784
1489,55,7040
1490,55,7040
1491,54,6912
1492,53,6784
1493,54,6912
1494,54,6912
1495,55,7040
1496,57,7296
1497,57,7296
1498,57,7296
1499,57,7296
1500,57,7296
1501,56,7168
1502,57,7296
1503,56,7168
1504,56,7168
1505,56,7168
1506,56,7168
1507,55,7040
1508,55,7040
1509,55,7040
1510,54,6912
1511,54,6912
1512,54,6912
1513,54,6912
1514,54,6912
1515,54,6912
1516,54,6912
1517,54,6912
1518,55,7040
1519,55,7040
1520,55,7040
1521,55,7040
1522,55,7040
1523,55,7040
1524,55,7040
1525,56,7168
1526,56,7168
1527,55,7040
1528,55,7040
1529,55,7040
1530,55,7040
1531,55,7040
1532,55,7040
1533,55,7040
1534,55,7040
1535,55,7040
1536,56,7168
1537,56,7168
1538,56,7168
1539,56,7168
1540,56,7168
1541,56,7168
1542,56,7168
1543,55,7040
1544,55,7040
1545,55,7040
1546,55,7040
1547,55,7040
1548,54,6912
1549,54,6912
1550,54,6912
1551,54,6912
1552,54,6912
1553,54,6912
1554,53,6784
1555,53,6784
1556,53,6784
1557,53,6784
1558,55,7040
1559,53,6784
1560,52,6656
1561,52,6656
1562,53,6784
1563,53,6784
1564,53,6784
1565,53,6784
1566,52,6656
1567,52,6656
1568,52,6656
1569,52,6656
1570,52,6656
1571,51,6528
1572,51,6528
1573,52,6656
1574,52,6656
1575,51,6528
1576,51,6528
1577,51,6528
1578,51,6528
1579,51,6528
1580,51,6528
1581,51,6528
1582,51,6528
1583,51,6528
1584,52,6656
1585,52,6656
1586,52,6656
1587,51,6528
1588,52,6656
1589,52,6656
1590,52,6656
1591,52,6656
1592,51,6528
1593,52,6656
1594,52,6656
1595,52,6656
1596,52,6656
1597,52,6656
1598,52,6656
1599,52,6656
1600,51,6528
1601,51,6528
1602,51,6528
1603,52,6656
1604,51,6528
1605,51,6528
1606,51,6528
1607,51,6528
1608,50,6400
1609,51,6528
1610,51,6528
1611,51,6528
1612,50,6400
1613,50,6400
1614,50,6400
1615,50,6400
1616,49,6272
1617,49,6272
1618,50,6400
1619,49,6272
1620,49,6272
1621,49,6272
1622,50,6400
1623,49,6272
1624,49,6272
1625,50,6400
1626,49,6272
1627,48,6144
1628,48,6144
1629,48,6144
1630,48,6144
1631,48,6144
1632,48,6144
1633,49,6272
1634,49,6272
1635,49,6272
1636,49,6272
1637,49,6272
1638,49,6272
1639,49,6272
1640,50,6400
1641,50,6400
1642,50,6400
1643,50,6400
1644,50,6400
1645,51,6528
1646,51,6528
1647,51,6528
1648,50,6400
1649,50,6400
1650,50,6400
1651,48,6144
1652,47,6016
1653,47,6016
1654,47,6016
1655,47,6016
1656,48,6144
1657,49,6272
1658,49,6272
1659,48,6144
1660,48,6144
1661,48,6144
1662,49,6272
1663,48,6144
1664,48,6144
1665,48,6144
1666,47,6016
1667,47,6016
1668,46,5888
1669,47,6016
1670,47,6016
1671,45,5760
1672,45,5760
1673,45,5760
1674,45,5760
1675,45,5760
1676,44,5632
1677,44,5632
1678,44,5632
1679,44,5632
1680,45,5760
1681,45,5760
1682,45,5760
1683,45,5760
1684,45,5760
1685,44,5632
1686,45,5760
1687,45,5760
1688,45,5760
1689,45,5760
1690,45,5760
1691,45,5760
1692,45,5760
1693,45,5760
1694,45,5760
1695,46,5888
1696,45,5760
1697,45,5760
1698,45,5760
1699,45,5760
1700,45,5760
1701,45,5760
1702,45,5760
1703,46,5888
1704,47,6016
1705,47,6016
1706,47,6016
1707,47,6016
1708,47,6016
1709,47,6016
1710,47,6016
1711,47,6016
1712,47,6016
1713,47,6016
1714,48,6144
1715,48,6144
1716,49,6272
1717,49,6272
1718,49,6272
1719,49,6272
1720,48,6144
1721,49,6272
1722,49,6272
1723,48,6144
1724,48,6144
1725,48,6144
1726,49,6272
1727,49,6272
1728,46,5888
1729,47,6016
1730,47,6016
1731,45,5760
1732,46,5888
1733,46,5888
1734,47,6016
1735,47,6016
1736,47,6016
1737,47,6016
1738,48,6144
1739,48,6144
1740,49,6272
1741,49,6272
1742,49,6272
1743,48,6144
1744,48,6144
1745,46,5888
1746,46,5888
1747,46,5888
1748,47,6016
1749,47,6016
1750,48,6144
1751,48,6144
1752,48,6144
1753,47,6016
1754,47,6016
1755,47,6016
1756,47,6016
1757,47,6016
1758,47,6016
1759,47,6016
1760,48,6144
1761,48,6144
1762,47,6016
1763,48,6144
1764,48,6144
1765,48,6144
1766,49,6272
1767,49,6272
1768,49,6272
1769,49,6272
1770,50,6400
1771,50,6400
1772,50,6400
1773,50,6400
1774,49,6272
1775,49,6272
1776,49,6272
1777,49,6272
1778,49,6272
1779,50,6400
1780,49,6272
1781,49,6272
1782,49,6272
1783,50,6400
1784,50,6400
1785,50,6400
1786,50,6400
1787,50,6400
1788,50,6400
1789,50,6400
1790,49,6272
1791,49,6272
1792,48,6144
1793,49,6272
1794,49,6272
1795,49,6272
1796,49,6272
1797,49,6272
1798,49,6272
1799,47,6016
1800,47,6016
1801,47,6016
1802,47,6016
1803,47,6016
1804,47,6016
1805,47,6016
1806,48,6144
1807,48,6144
1808,48,6144
1809,48,6144
1810,48,6144
1811,48,6144
1812,48,6144
1813,48,6144
1814,48,6144
1815,47,6016
1816,47,6016
1817,47,6016
1818,47,6016
1819,47,6016
1820,47,6016
1821,48,6144
1822,48,6144
1823,48,6144
1824,48,6144
1825,48,6144
1826,48,6144
1827,49,6272
1828,50,6400
1829,50,6400
1830,50,6400
1831,48,6144
1832,48,6144
1833,48,6144
1834,49,6272
1835,48,6144
1836,49,6272
1837,49,6272
1838,48,6144
1839,48,6144
1840,48,6144
1841,48,6144
1842,48,6144
1843,48,6144
1844,49,6272
1845,49,6272
1846,49,6272
1847,49,6272
1848,49,6272
1849,50,6400
1850,50,6400
1851,50,6400
1852,50,6400
1853,50,6400
1854,50,6400
1855,50,6400
1856,48,6144
1857,48,6144
1858,48,6144
1859,48,6144
1860,48,6144
1861,48,6144
1862,48,6144
1863,47,6016
1864,47,6016
1865,47,6016
1866,47,6016
1867,48,6144
1868,48,6144
1869,48,6144
1870,47,6016
1871,46,5888
1872,46,5888
1873,46,5888
1874,46,5888
1875,45,5760
1876,46,5888
1877,46,5888
1878,46,5888
1879,46,5888
1880,46,5888
1881,46,5888
1882,46,5888
1883,45,5760
1884,45,5760
1885,46,5888
1886,46,5888
1887,46,5888
1888,46,5888
1889,45,5760
1890,46,5888
1891,46,5888
1892,46,5888
1893,46,5888
1894,46,5888
1895,46,5888
1896,46,5888
1897,46,5888
1898,46,5888
1899,46,5888
1900,46,5888
1901,46,5888
1902,46,5888
1903,47,6016
1904,46,5888
1905,46,5888
1906,46,5888
1907,46,5888
1908,46,5888
1909,47,6016
1910,47,6016
1911,47,6016
1912,47,6016
1913,47,6016
1914,47,6016
1915,46,5888
1916,46,5888
1917,46,5888
1918,46,5888
1919,46,5888
1920,46,5888
1921,46,5888
1922,46,5888
1923,46,5888
1924,46,5888
1925,47,6016
1926,47,6016
1927,47,6016
1928,47,6016
1929,47,6016
1930,47,6016
1931,47,6016
1932,46,5888
1933,46,5888
1934,45,5760
1935,46,5888
1936,46,5888
1937,46,5888
1938,46,5888
1939,47,6016
1940,47,6016
1941,47,6016
1942,47,6016
1943,46,5888
1944,46,5888
1945,46,5888
1946,48,6144
1947,48,6144
1948,48,6144
1949,46,5888
1950,46,5888
1951,46,5888
1952,46,5888
1953,46,5888
1954,46,5888
1955,46,5888
1956,47,6016
1957,47,6016
1958,46,5888
1959,47,6016
1960,47,6016
1961,47,6016
1962,47,6016
1963,47,6016
1964,47,6016
1965,47,6016
1966,47,6016
1967,47,6016
1968,48,6144
1969,48,6144
1970,47,6016
1971,47,6016
1972,47,6016
1973,47,6016
1974,47,6016
1975,47,6016
1976,48,6144
1977,48,6144
1978,47,6016
1979,47,6016
1980,47,6016
1981,47,6016
1982,47,6016
1983,49,6272
1984,50,6400
1985,50,6400
1986,51,6528
1987,51,6528
1988,52,6656
1989,51,6528
1990,50,6400
1991,51,6528
1992,52,6656
1993,52,6656
1994,51,6528
1995,51,6528
1996,51,6528
1997,52,6656
1998,52,6656
1999,52,6656
2000,49,6272
