RandomSeed,45767,Population size:128,Bit Length:64,Crossover Rate:0,Mutation Rate:0.005
gen,BestFitness,FitnessEval
1,44,5632
2,43,5504
3,43,5504
4,43,5504
5,37,4736
6,38,4864
7,38,4864
8,39,4992
9,39,4992
10,39,4992
11,39,4992
12,40,5120
13,40,5120
14,41,5248
15,41,5248
16,41,5248
17,40,5120
18,41,5248
19,40,5120
20,40,5120
21,39,4992
22,39,4992
23,40,5120
24,40,5120
25,41,5248
26,40,5120
27,40,5120
28,41,5248
29,41,5248
30,41,5248
31,41,5248
32,42,5376
33,43,5504
34,43,5504
35,42,5376
36,42,5376
37,42,5376
38,42,5376
39,43,5504
40,42,5376
41,42,5376
42,41,5248
43,42,5376
44,42,5376
45,42,5376
46,42,5376
47,43,5504
48,43,5504
49,43,5504
50,44,5632
51,44,5632
52,45,5760
53,45,5760
54,45,5760
55,46,5888
56,46,5888
57,45,5760
58,46,5888
59,47,6016
60,46,5888
61,46,5888
62,46,5888
63,46,5888
64,46,5888
65,46,5888
66,46,5888
67,46,5888
68,46,5888
69,47,6016
70,46,5888
71,46,5888
72,46,5888
73,46,5888
74,45,5760
75,47,6016
76,47,6016
77,46,5888
78,46,5888
79,46,5888
80,46,5888
81,47,6016
82,47,6016
83,45,5760
84,46,5888
85,46,5888
86,46,5888
87,47,6016
88,48,6144
89,48,6144
90,46,5888
91,47,6016
92,48,6144
93,48,6144
94,49,6272
95,47,6016
96,48,6144
97,48,6144
98,48,6144
99,49,6272
100,49,6272
101,49,6272
102,49,6272
103,50,6400
104,50,6400
105,50,6400
106,51,6528
107,52,6656
108,52,6656
109,52,6656
110,50,6400
111,50,6400
112,51,6528
113,51,6528
114,52,6656
115,52,6656
116,53,6784
117,53,6784
118,53,6784
119,51,6528
120,52,6656
121,52,6656
122,52,6656
123,52,6656
124,52,6656
125,52,6656
126,52,6656
127,52,6656
128,52,6656
129,52,6656
130,52,6656
131,52,6656
132,52,6656
133,52,6656
134,52,6656
135,51,6528
136,51,6528
137,51,6528
138,51,6528
139,51,6528
140,51,6528
141,52,6656
142,52,6656
143,52,6656
144,52,6656
145,52,6656
146,51,6528
147,51,6528
148,51,6528
149,51,6528
150,52,6656
151,52,6656
152,52,6656
153,52,6656
154,52,6656
155,52,6656
156,51,6528
157,51,6528
158,51,6528
159,51,6528
160,50,6400
161,50,6400
162,50,6400
163,50,6400
164,51,6528
165,51,6528
166,51,6528
167,52,6656
168,51,6528
169,51,6528
170,51,6528
171,51,6528
172,50,6400
173,50,6400
174,49,6272
175,49,6272
176,49,6272
177,49,6272
178,48,6144
179,49,6272
180,48,6144
181,48,6144
182,49,6272
183,49,6272
184,49,6272
185,49,6272
186,49,6272
187,49,6272
188,49,6272
189,50,6400
190,49,6272
191,49,6272
192,49,6272
193,50,6400
194,49,6272
195,48,6144
196,48,6144
197,48,6144
198,48,6144
199,49,6272
200,48,6144
201,48,6144
202,48,6144
203,48,6144
204,48,6144
205,48,6144
206,48,6144
207,48,6144
208,48,6144
209,48,6144
210,47,6016
211,47,6016
212,47,6016
213,47,6016
214,48,6144
215,48,6144
216,47,6016
217,47,6016
218,47,6016
219,48,6144
220,48,6144
221,48,6144
222,48,6144
223,48,6144
224,48,6144
225,48,6144
226,48,6144
227,48,6144
228,49,6272
229,48,6144
230,50,6400
231,50,6400
232,50,6400
233,50,6400
234,50,6400
235,50,6400
236,50,6400
237,50,6400
238,50,6400
239,50,6400
240,50,6400
241,50,6400
242,50,6400
243,50,6400
244,51,6528
245,51,6528
246,51,6528
247,51,6528
248,50,6400
249,51,6528
250,51,6528
251,51,6528
252,51,6528
253,51,6528
254,52,6656
255,51,6528
256,52,6656
257,52,6656
258,52,6656
259,51,6528
260,51,6528
261,51,6528
262,51,6528
263,51,6528
264,53,6784
265,53,6784
266,51,6528
267,51,6528
268,51,6528
269,51,6528
270,52,6656
271,53,6784
272,53,6784
273,54,6912
274,54,6912
275,54,6912
276,54,6912
277,54,6912
278,52,6656
279,52,6656
280,52,6656
281,52,6656
282,52,6656
283,52,6656
284,51,6528
285,51,6528
286,51,6528
287,51,6528
288,51,6528
289,52,6656
290,50,6400
291,50,6400
292,50,6400
293,50,6400
294,50,6400
295,49,6272
296,50,6400
297,50,6400
298,50,6400
299,50,6400
300,50,6400
301,50,6400
302,51,6528
303,50,6400
304,50,6400
305,50,6400
306,51,6528
307,51,6528
308,51,6528
309,51,6528
310,50,6400
311,51,6528
312,51,6528
313,52,6656
314,52,6656
315,51,6528
316,51,6528
317,51,6528
318,52,6656
319,51,6528
320,51,6528
321,51,6528
322,51,6528
323,52,6656
324,53,6784
325,53,6784
326,53,6784
327,53,6784
328,53,6784
329,53,6784
330,54,6912
331,54,6912
332,54,6912
333,55,7040
334,55,7040
335,56,7168
336,55,7040
337,55,7040
338,55,7040
339,55,7040
340,55,7040
341,54,6912
342,55,7040
343,55,7040
344,55,7040
345,56,7168
346,56,7168
347,55,7040
348,55,7040
349,56,7168
350,56,7168
351,55,7040
352,55,7040
353,54,6912
354,55,7040
355,55,7040
356,55,7040
357,55,7040
358,55,7040
359,55,7040
360,56,7168
361,55,7040
362,54,6912
363,54,6912
364,54,6912
365,54,6912
366,54,6912
367,54,6912
368,54,6912
369,54,6912
370,54,6912
371,54,6912
372,55,7040
373,55,7040
374,56,7168
375,56,7168
376,56,7168
377,57,7296
378,57,7296
379,57,7296
380,58,7424
381,58,7424
382,58,7424
383,58,7424
384,55,7040
385,55,7040
386,53,6784
387,52,6656
388,52,6656
389,52,6656
390,52,6656
391,52,6656
392,53,6784
393,52,6656
394,52,6656
395,51,6528
396,51,6528
397,51,6528
398,51,6528
399,52,6656
400,51,6528
401,51,6528
402,51,6528
403,51,6528
404,52,6656
405,52,6656
406,52,6656
407,52,6656
408,52,6656
409,52,6656
410,52,6656
411,53,6784
412,53,6784
413,53,6784
414,53,6784
415,54,6912
416,54,6912
417,54,6912
418,54,6912
419,54,6912
420,55,7040
421,54,6912
422,54,6912
423,55,7040
424,55,7040
425,54,6912
426,54,6912
427,54,6912
428,54,6912
429,55,7040
430,55,7040
431,54,6912
432,54,6912
433,55,7040
434,55,7040
435,55,7040
436,55,7040
437,55,7040
438,55,7040
439,55,7040
440,55,7040
441,55,7040
442,55,7040
443,55,7040
444,55,7040
445,56,7168
446,56,7168
447,56,7168
448,55,7040
449,55,7040
450,55,7040
451,55,7040
452,55,7040
453,55,7040
454,55,7040
455,54,6912
456,54,6912
457,54,6912
458,54,6912
459,55,7040
460,54,6912
461,54,6912
462,54,6912
463,54,6912
464,54,6912
465,54,6912
466,54,6912
467,54,6912
468,55,7040
469,55,7040
470,55,7040
471,55,7040
472,56,7168
473,55,7040
474,55,7040
475,54,6912
476,54,6912
477,55,7040
478,54,6912
479,54,6912
480,54,6912
481,54,6912
482,54,6912
483,54,6912
484,54,6912
485,54,6912
486,54,6912
487,54,6912
488,55,7040
489,55,7040
490,52,6656
491,52,6656
492,53,6784
493,53,6784
494,54,6912
495,54,6912
496,53,6784
497,54,6912
498,54,6912
499,55,7040
500,52,6656
501,53,6784
502,54,6912
503,54,6912
504,54,6912
505,53,6784
506,54,6912
507,54,6912
508,52,6656
509,52,6656
510,52,6656
511,52,6656
512,52,6656
513,52,6656
514,53,6784
515,53,6784
516,53,6784
517,54,6912
518,54,6912
519,54,6912
520,53,6784
521,53,6784
522,52,6656
523,52,6656
524,53,6784
525,52,6656
526,52,6656
527,52,6656
528,53,6784
529,53,6784
530,52,6656
531,52,6656
532,53,6784
533,53,6784
534,54,6912
535,54,6912
536,54,6912
537,54,6912
538,55,7040
539,55,7040
540,55,7040
541,55,7040
542,54,6912
543,54,6912
544,54,6912
545,54,6912
546,55,7040
547,55,7040
548,56,7168
549,56,7168
550,56,7168
551,55,7040
552,55,7040
553,54,6912
554,54,6912
555,54,6912
556,54,6912
557,53,6784
558,53,6784
559,53,6784
560,53,6784
561,53,6784
562,54,6912
563,55,7040
564,55,7040
565,55,7040
566,55,7040
567,54,6912
568,54,6912
569,54,6912
570,54,6912
571,54,6912
572,53,6784
573,53,6784
574,54,6912
575,52,6656
576,52,6656
577,52,6656
578,51,6528
579,51,6528
580,51,6528
581,51,6528
582,50,6400
583,50,6400
584,50,6400
585,50,6400
586,50,6400
587,50,6400
588,51,6528
589,51,6528
590,51,6528
591,50,6400
592,50,6400
593,50,6400
594,50,6400
595,51,6528
596,51,6528
597,51,6528
598,51,6528
599,52,6656
600,52,6656
601,51,6528
602,51,6528
603,51,6528
604,51,6528
605,50,6400
606,51,6528
607,51,6528
608,51,6528
609,51,6528
610,52,6656
611,51,6528
612,51,6528
613,51,6528
614,51,6528
615,52,6656
616,52,6656
617,52,6656
618,52,6656
619,52,6656
620,52,6656
621,54,6912
622,55,7040
623,55,7040
624,55,7040
625,55,7040
626,55,7040
627,53,6784
628,53,6784
629,52,6656
630,52,6656
631,52,6656
632,52,6656
633,53,6784
634,51,6528
635,51,6528
636,51,6528
637,51,6528
638,51,6528
639,51,6528
640,51,6528
641,51,6528
642,52,6656
643,51,6528
644,52,6656
645,52,6656
646,53,6784
647,53,6784
648,52,6656
649,51,6528
650,52,6656
651,52,6656
652,51,6528
653,51,6528
654,51,6528
655,51,6528
656,51,6528
657,51,6528
658,51,6528
659,51,6528
660,51,6528
661,51,6528
662,50,6400
663,51,6528
664,51,6528
665,51,6528
666,51,6528
667,51,6528
668,51,6528
669,51,6528
670,51,6528
671,51,6528
672,51,6528
673,51,6528
674,52,6656
675,52,6656
676,52,6656
677,51,6528
678,52,6656
679,52,6656
680,52,6656
681,53,6784
682,54,6912
683,53,6784
684,52,6656
685,52,6656
686,51,6528
687,51,6528
688,51,6528
689,51,6528
690,52,6656
691,52,6656
692,52,6656
693,52,6656
694,52,6656
695,52,6656
696,52,6656
697,52,6656
698,52,6656
699,52,6656
700,52,6656
701,53,6784
702,53,6784
703,54,6912
704,54,6912
705,53,6784
706,52,6656
707,52,6656
708,52,6656
709,52,6656
710,52,6656
711,52,6656
712,52,6656
713,52,6656
714,52,6656
715,52,6656
716,52,6656
717,52,6656
718,52,6656
719,50,6400
720,50,6400
721,50,6400
722,51,6528
723,47,6016
724,47,6016
725,47,6016
726,47,6016
727,47,6016
728,47,6016
729,47,6016
730,48,6144
731,48,6144
732,49,6272
733,49,6272
734,48,6144
735,48,6144
736,48,6144
737,48,6144
738,48,6144
739,49,6272
740,49,6272
741,49,6272
742,49,6272
743,48,6144
744,48,6144
745,48,6144
746,48,6144
747,48,6144
748,48,6144
749,48,6144
750,48,6144
751,48,6144
752,48,6144
753,49,6272
754,50,6400
755,50,6400
756,50,6400
757,48,6144
758,49,6272
759,48,6144
760,48,6144
761,47,6016
762,47,6016
763,47,6016
764,47,6016
765,47,6016
766,47,6016
767,47,6016
768,47,6016
769,46,5888
770,46,5888
771,46,5888
772,46,5888
773,46,5888
774,47,6016
775,46,5888
776,46,5888
777,47,6016
778,47,6016
779,47,6016
780,47,6016
781,47,6016
782,47,6016
783,47,6016
784,47,6016
785,47,6016
786,47,6016
787,47,6016
788,46,5888
789,46,5888
790,45,5760
791,46,5888
792,46,5888
793,46,5888
794,46,5888
795,46,5888
796,46,5888
797,46,5888
798,46,5888
799,46,5888
800,47,6016
801,47,6016
802,47,6016
803,47,6016
804,47,6016
805,47,6016
806,47,6016
807,47,6016
808,46,5888
809,46,5888
810,46,5888
811,47,6016
812,47,6016
813,46,5888
814,47,6016
815,45,5760
816,46,5888
817,45,5760
818,45,5760
819,46,5888
820,45,5760
821,45,5760
822,46,5888
823,46,5888
824,46,5888
825,46,5888
826,46,5888
827,46,5888
828,47,6016
829,47,6016
830,47,6016
831,47,6016
832,47,6016
833,46,5888
834,47,6016
835,47,6016
836,46,5888
837,47,6016
838,47,6016
839,47,6016
840,47,6016
841,47,6016
842,47,6016
843,47,6016
844,48,6144
845,48,6144
846,48,6144
847,48,6144
848,48,6144
849,48,6144
850,48,6144
851,49,6272
852,50,6400
853,49,6272
854,49,6272
855,49,6272
856,49,6272
857,49,6272
858,49,6272
859,49,6272
860,49,6272
861,49,6272
862,49,6272
863,49,6272
864,48,6144
865,49,6272
866,49,6272
867,49,6272
868,49,6272
869,49,6272
870,51,6528
871,51,6528
872,48,6144
873,48,6144
874,49,6272
875,50,6400
876,49,6272
877,49,6272
878,49,6272
879,49,6272
880,49,6272
881,49,6272
882,49,6272
883,49,6272
884,49,6272
885,49,6272
886,48,6144
887,49,6272
888,48,6144
889,48,6144
890,48,6144
891,49,6272
892,48,6144
893,49,6272
894,49,6272
895,49,6272
896,49,6272
897,49,6272
898,49,6272
899,49,6272
900,49,6272
901,50,6400
902,50,6400
903,49,6272
904,49,6272
905,50,6400
906,49,6272
907,49,6272
908,49,6272
909,50,6400
910,50,6400
911,50,6400
912,50,6400
913,50,6400
914,50,6400
915,50,6400
916,49,6272
917,49,6272
918,49,6272
919,50,6400
920,49,6272
921,49,6272
922,49,6272
923,49,6272
924,48,6144
925,48,6144
926,48,6144
927,48,6144
928,49,6272
929,49,6272
930,49,6272
931,49,6272
932,50,6400
933,50,6400
934,49,6272
935,48,6144
936,49,6272
937,50,6400
938,50,6400
939,51,6528
940,51,6528
941,51,6528
942,46,5888
943,47,6016
944,47,6016
945,47,6016
946,48,6144
947,48,6144
948,50,6400
949,50,6400
950,48,6144
951,48,6144
952,48,6144
953,48,6144
954,48,6144
955,48,6144
956,47,6016
957,47,6016
958,47,6016
959,47,6016
960,46,5888
961,47,6016
962,47,6016
963,47,6016
964,47,6016
965,48,6144
966,50,6400
967,48,6144
968,48,6144
969,49,6272
970,48,6144
971,47,6016
972,47,6016
973,47,6016
974,47,6016
975,46,5888
976,47,6016
977,46,5888
978,46,5888
979,46,5888
980,46,5888
981,47,6016
982,47,6016
983,47,6016
984,47,6016
985,47,6016
986,47,6016
987,47,6016
988,47,6016
989,47,6016
990,46,5888
991,46,5888
992,46,5888
993,47,6016
994,47,6016
995,47,6016
996,47,6016
997,48,6144
998,48,6144
999,47,6016
1000,47,6016
1001,47,6016
1002,47,6016
1003,48,6144
1004,48,6144
1005,49,6272
1006,48,6144
1007,49,6272
1008,48,6144
1009,48,6144
1010,48,6144
1011,48,6144
1012,46,5888
1013,46,5888
1014,46,5888
1015,46,5888
1016,46,5888
1017,46,5888
1018,46,5888
1019,47,6016
1020,47,6016
1021,46,5888
1022,46,5888
1023,47,6016
1024,47,6016
1025,45,5760
1026,46,5888
1027,46,5888
1028,46,5888
1029,46,5888
1030,46,5888
1031,46,5888
1032,47,6016
1033,45,5760
1034,45,5760
1035,45,5760
1036,46,5888
1037,46,5888
1038,46,5888
1039,46,5888
1040,46,5888
1041,46,5888
1042,46,5888
1043,46,5888
1044,47,6016
1045,47,6016
1046,47,6016
1047,47,6016
1048,47,6016
1049,47,6016
1050,48,6144
1051,48,6144
1052,48,6144
1053,47,6016
1054,47,6016
1055,47,6016
1056,47,6016
1057,48,6144
1058,47,6016
1059,47,6016
1060,48,6144
1061,47,6016
1062,47,6016
1063,46,5888
1064,47,6016
1065,46,5888
1066,46,5888
1067,47,6016
1068,47,6016
1069,48,6144
1070,48,6144
1071,48,6144
1072,48,6144
1073,49,6272
1074,49,6272
1075,48,6144
1076,48,6144
1077,48,6144
1078,49,6272
1079,49,6272
1080,49,6272
1081,49,6272
1082,48,6144
1083,48,6144
1084,48,6144
1085,48,6144
1086,48,6144
1087,48,6144
1088,48,6144
1089,49,6272
1090,49,6272
1091,48,6144
1092,48,6144
1093,48,6144
1094,49,6272
1095,49,6272
1096,49,6272
1097,51,6528
1098,51,6528
1099,51,6528
1100,51,6528
1101,51,6528
1102,51,6528
1103,51,6528
1104,50,6400
1105,50,6400
1106,50,6400
1107,50,6400
1108,50,6400
1109,50,6400
1110,50,6400
1111,50,6400
1112,49,6272
1113,50,6400
1114,50,6400
1115,50,6400
1116,50,6400
1117,50,6400
1118,52,6656
1119,52,6656
1120,53,6784
1121,53,6784
1122,53,6784
1123,50,6400
1124,50,6400
1125,50,6400
1126,50,6400
1127,50,6400
1128,50,6400
1129,50,6400
1130,50,6400
1131,50,6400
1132,50,6400
1133,50,6400
1134,49,6272
1135,49,6272
1136,48,6144
1137,48,6144
1138,49,6272
1139,49,6272
1140,49,6272
1141,50,6400
1142,49,6272
1143,49,6272
1144,50,6400
1145,49,6272
1146,49,6272
1147,50,6400
1148,49,6272
1149,49,6272
1150,49,6272
1151,49,6272
1152,49,6272
1153,49,6272
1154,48,6144
1155,49,6272
1156,49,6272
1157,49,6272
1158,49,6272
1159,49,6272
1160,49,6272
1161,48,6144
1162,48,6144
1163,49,6272
1164,49,6272
1165,49,6272
1166,49,6272
1167,49,6272
1168,49,6272
1169,49,6272
1170,49,6272
1171,50,6400
1172,50,6400
1173,50,6400
1174,50,6400
1175,49,6272
1176,49,6272
1177,49,6272
1178,50,6400
1179,47,6016
1180,47,6016
1181,47,6016
1182,47,6016
1183,47,6016
1184,47,6016
1185,47,6016
1186,47,6016
1187,47,6016
1188,47,6016
1189,47,6016
1190,47,6016
1191,48,6144
1192,48,6144
1193,48,6144
1194,48,6144
1195,48,6144
1196,48,6144
1197,48,6144
1198,47,6016
1199,48,6144
1200,48,6144
1201,48,6144
1202,48,6144
1203,48,6144
1204,48,6144
1205,49,6272
1206,49,6272
1207,49,6272
1208,49,6272
1209,49,6272
1210,49,6272
1211,49,6272
1212,49,6272
1213,50,6400
1214,50,6400
1215,50,6400
1216,49,6272
1217,50,6400
1218,50,6400
1219,50,6400
1220,49,6272
1221,49,6272
1222,49,6272
1223,50,6400
1224,50,6400
1225,49,6272
1226,48,6144
1227,48,6144
1228,47,6016
1229,47,6016
1230,47,6016
1231,48,6144
1232,47,6016
1233,47,6016
1234,47,6016
1235,47,6016
1236,46,5888
1237,46,5888
1238,46,5888
1239,46,5888
1240,45,5760
1241,45,5760
1242,47,6016
1243,48,6144
1244,48,6144
1245,48,6144
1246,48,6144
1247,48,6144
1248,48,6144
1249,48,6144
1250,48,6144
1251,48,6144
1252,49,6272
1253,48,6144
1254,48,6144
1255,48,6144
1256,48,6144
1257,49,6272
1258,49,6272
1259,49,6272
1260,48,6144
1261,48,6144
1262,48,6144
1263,48,6144
1264,48,6144
1265,48,6144
1266,47,6016
1267,48,6144
1268,48,6144
1269,48,6144
1270,48,6144
1271,47,6016
1272,47,6016
1273,48,6144
1274,48,6144
1275,47,6016
1276,47,6016
1277,47,6016
1278,47,6016
1279,48,6144
1280,48,6144
1281,50,6400
1282,49,6272
1283,49,6272
1284,49,6272
1285,49,6272
1286,49,6272
1287,49,6272
1288,49,6272
1289,49,6272
1290,49,6272
1291,49,6272
1292,49,6272
1293,49,6272
1294,49,6272
1295,48,6144
1296,49,6272
1297,49,6272
1298,49,6272
1299,49,6272
1300,50,6400
1301,50,6400
1302,50,6400
1303,50,6400
1304,51,6528
1305,49,6272
1306,49,6272
1307,50,6400
1308,50,6400
1309,50,6400
1310,50,6400
1311,50,6400
1312,50,6400
1313,50,6400
1314,50,6400
1315,50,6400
1316,50,6400
1317,50,6400
1318,50,6400
1319,50,6400
1320,50,6400
1321,48,6144
1322,48,6144
1323,48,6144
1324,49,6272
1325,49,6272
1326,49,6272
1327,49,6272
1328,49,6272
1329,49,6272
1330,50,6400
1331,50,6400
1332,50,6400
1333,50,6400
1334,50,6400
1335,50,6400
1336,50,6400
1337,50,6400
1338,49,6272
1339,50,6400
1340,49,6272
1341,49,6272
1342,49,6272
1343,50,6400
1344,49,6272
1345,49,6272
1346,49,6272
1347,49,6272
1348,49,6272
1349,49,6272
1350,50,6400
1351,50,6400
1352,50,6400
1353,50,6400
1354,50,6400
1355,50,6400
1356,50,6400
1357,51,6528
1358,51,6528
1359,52,6656
1360,53,6784
1361,50,6400
1362,50,6400
1363,49,6272
1364,49,6272
1365,49,6272
1366,49,6272
1367,49,6272
1368,49,6272
1369,49,6272
1370,49,6272
1371,49,6272
1372,49,6272
1373,49,6272
1374,50,6400
1375,50,6400
1376,50,6400
1377,50,6400
1378,51,6528
1379,50,6400
1380,50,6400
1381,51,6528
1382,51,6528
1383,51,6528
1384,51,6528
1385,51,6528
1386,51,6528
1387,51,6528
1388,51,6528
1389,51,6528
1390,52,6656
1391,51,6528
1392,51,6528
1393,51,6528
1394,50,6400
1395,50,6400
1396,51,6528
1397,51,6528
1398,51,6528
1399,50,6400
1400,50,6400
1401,51,6528
1402,51,6528
1403,51,6528
1404,51,6528
1405,51,6528
1406,51,6528
1407,51,6528
1408,51,6528
1409,51,6528
1410,51,6528
1411,51,6528
1412,50,6400
1413,50,6400
1414,50,6400
1415,50,6400
1416,51,6528
1417,50,6400
1418,50,6400
1419,50,6400
1420,50,6400
1421,49,6272
1422,50,6400
1423,50,6400
1424,50,6400
1425,50,6400
1426,50,6400
1427,50,6400
1428,50,6400
1429,50,6400
1430,50,6400
1431,50,6400
1432,50,6400
1433,50,6400
1434,50,6400
1435,50,6400
1436,51,6528
1437,51,6528
1438,50,6400
1439,50,6400
1440,51,6528
1441,48,6144
1442,47,6016
1443,47,6016
1444,47,6016
1445,48,6144
1446,48,6144
1447,48,6144
1448,49,6272
1449,49,6272
1450,49,6272
1451,49,6272
1452,47,6016
1453,48,6144
1454,48,6144
1455,48,6144
1456,48,6144
1457,48,6144
1458,48,6144
1459,48,6144
1460,49,6272
1461,49,6272
1462,49,6272
1463,49,6272
1464,49,6272
1465,49,6272
1466,49,6272
1467,49,6272
1468,50,6400
1469,49,6272
1470,50,6400
1471,50,6400
1472,50,6400
1473,49,6272
1474,49,6272
1475,49,6272
1476,49,6272
1477,50,6400
1478,50,6400
1479,50,6400
1480,50,6400
1481,50,6400
1482,51,6528
1483,51,6528
1484,51,6528
1485,51,6528
1486,51,6528
1487,51,6528
1488,51,6528
1489,51,6528
1490,51,6528
1491,51,6528
1492,51,6528
1493,51,6528
1494,51,6528
1495,50,6400
1496,50,6400
1497,50,6400
1498,49,6272
1499,49,6272
1500,50,6400
1501,49,6272
1502,49,6272
1503,50,6400
1504,50,6400
1505,50,6400
1506,50,6400
1507,50,6400
1508,51,6528
1509,51,6528
1510,51,6528
1511,52,6656
1512,52,6656
1513,51,6528
1514,51,6528
1515,51,6528
1516,51,6528
1517,51,6528
1518,51,6528
1519,52,6656
1520,50,6400
1521,50,6400
1522,51,6528
1523,51,6528
1524,51,6528
1525,51,6528
1526,51,6528
1527,51,6528
1528,51,6528
1529,51,6528
1530,51,6528
1531,51,6528
1532,51,6528
1533,51,6528
1534,50,6400
1535,50,6400
1536,50,6400
1537,50,6400
1538,50,6400
1539,50,6400
1540,50,6400
1541,50,6400
1542,50,6400
1543,51,6528
1544,50,6400
1545,50,6400
1546,50,6400
1547,50,6400
1548,51,6528
1549,50,6400
1550,50,6400
1551,50,6400
1552,51,6528
1553,51,6528
1554,51,6528
1555,51,6528
1556,51,6528
1557,51,6528
1558,52,6656
1559,52,6656
1560,51,6528
1561,51,6528
1562,51,6528
1563,51,6528
1564,51,6528
1565,52,6656
1566,52,6656
1567,51,6528
1568,51,6528
1569,50,6400
1570,51,6528
1571,51,6528
1572,51,6528
1573,51,6528
1574,52,6656
1575,52,6656
1576,53,6784
1577,52,6656
1578,50,6400
1579,50,6400
1580,50,6400
1581,50,6400
1582,50,6400
1583,49,6272
1584,50,6400
1585,49,6272
1586,50,6400
1587,50,6400
1588,50,6400
1589,50,6400
1590,49,6272
1591,49,6272
1592,49,6272
1593,49,6272
1594,49,6272
1595,48,6144
1596,48,6144
1597,48,6144
1598,49,6272
1599,49,6272
1600,48,6144
1601,48,6144
1602,48,6144
1603,49,6272
1604,49,6272
1605,49,6272
1606,49,6272
1607,49,6272
1608,49,6272
1609,49,6272
1610,49,6272
1611,48,6144
1612,48,6144
1613,48,6144
1614,49,6272
1615,49,6272
1616,49,6272
1617,49,6272
1618,50,6400
1619,50,6400
1620,50,6400
1621,51,6528
1622,51,6528
1623,51,6528
1624,50,6400
1625,50,6400
1626,50,6400
1627,50,6400
1628,50,6400
1629,50,6400
1630,50,6400
1631,49,6272
1632,49,6272
1633,50,6400
1634,49,6272
1635,50,6400
1636,50,6400
1637,50,6400
1638,50,6400
1639,49,6272
1640,49,6272
1641,50,6400
1642,50,6400
1643,50,6400
1644,51,6528
1645,53,6784
1646,53,6784
1647,53,6784
1648,53,6784
1649,53,6784
1650,53,6784
1651,53,6784
1652,53,6784
1653,53,6784
1654,51,6528
1655,51,6528
1656,51,6528
1657,51,6528
1658,51,6528
1659,51,6528
1660,51,6528
1661,51,6528
1662,51,6528
1663,51,6528
1664,51,6528
1665,51,6528
1666,51,6528
1667,51,6528
1668,51,6528
1669,49,6272
1670,49,6272
1671,49,6272
1672,49,6272
1673,50,6400
1674,49,6272
1675,49,6272
1676,49,6272
1677,50,6400
1678,50,6400
1679,50,6400
1680,49,6272
1681,49,6272
1682,49,6272
1683,49,6272
1684,49,6272
1685,49,6272
1686,49,6272
1687,48,6144
1688,48,6144
1689,49,6272
1690,49,6272
1691,49,6272
1692,49,6272
1693,50,6400
1694,50,6400
1695,50,6400
1696,50,6400
1697,50,6400
1698,50,6400
1699,50,6400
1700,50,6400
1701,49,6272
1702,49,6272
1703,48,6144
1704,49,6272
1705,49,6272
1706,49,6272
1707,49,6272
1708,49,6272
1709,49,6272
1710,49,6272
1711,49,6272
1712,49,6272
1713,49,6272
1714,50,6400
1715,49,6272
1716,49,6272
1717,49,6272
1718,49,6272
1719,49,6272
1720,49,6272
1721,50,6400
1722,48,6144
1723,48,6144
1724,48,6144
1725,45,5760
1726,45,5760
1727,45,5760
1728,46,5888
1729,46,5888
1730,47,6016
1731,46,5888
1732,46,5888
1733,46,5888
1734,47,6016
1735,47,6016
1736,46,5888
1737,46,5888
1738,47,6016
1739,47,6016
1740,47,6016
1741,47,6016
1742,47,6016
1743,47,6016
1744,47,6016
1745,46,5888
1746,47,6016
1747,47,6016
1748,48,6144
1749,48,6144
1750,48,6144
1751,48,6144
1752,48,6144
1753,48,6144
1754,48,6144
1755,49,6272
1756,49,6272
1757,49,6272
1758,48,6144
1759,48,6144
1760,48,6144
1761,48,6144
1762,48,6144
1763,47,6016
1764,47,6016
1765,48,6144
1766,48,6144
1767,48,6144
1768,48,6144
1769,48,6144
1770,48,6144
1771,47,6016
1772,47,6016
1773,48,6144
1774,48,6144
1775,48,6144
1776,48,6144
1777,47,6016
1778,47,6016
1779,47,6016
1780,47,6016
1781,47,6016
1782,48,6144
1783,49,6272
1784,48,6144
1785,48,6144
1786,46,5888
1787,46,5888
1788,47,6016
1789,47,6016
1790,47,6016
1791,46,5888
1792,46,5888
1793,47,6016
1794,47,6016
1795,48,6144
1796,47,6016
1797,47,6016
1798,47,6016
1799,47,6016
1800,46,5888
1801,46,5888
1802,47,6016
1803,48,6144
1804,47,6016
1805,47,6016
1806,48,6144
1807,48,6144
1808,48,6144
1809,49,6272
1810,50,6400
1811,50,6400
1812,50,6400
1813,50,6400
1814,50,6400
1815,50,6400
1816,51,6528
1817,51,6528
1818,51,6528
1819,50,6400
1820,50,6400
1821,50,6400
1822,50,6400
1823,51,6528
1824,51,6528
1825,52,6656
1826,51,6528
1827,51,6528
1828,51,6528
1829,50,6400
1830,51,6528
1831,51,6528
1832,51,6528
1833,51,6528
1834,51,6528
1835,51,6528
1836,50,6400
1837,50,6400
1838,50,6400
1839,51,6528
1840,50,6400
1841,50,6400
1842,50,6400
1843,50,6400
1844,50,6400
1845,50,6400
1846,50,6400
1847,51,6528
1848,51,6528
1849,49,6272
1850,49,6272
1851,49,6272
1852,50,6400
1853,50,6400
1854,49,6272
1855,49,6272
1856,49,6272
1857,49,6272
1858,50,6400
1859,51,6528
1860,51,6528
1861,51,6528
1862,51,6528
1863,51,6528
1864,51,6528
1865,52,6656
1866,50,6400
1867,50,6400
1868,50,6400
1869,50,6400
1870,50,6400
1871,51,6528
1872,50,6400
1873,50,6400
1874,51,6528
1875,51,6528
1876,50,6400
1877,50,6400
1878,50,6400
1879,50,6400
1880,50,6400
1881,51,6528
1882,50,6400
1883,50,6400
1884,50,6400
1885,50,6400
1886,50,6400
1887,50,6400
1888,49,6272
1889,49,6272
1890,49,6272
1891,50,6400
1892,50,6400
1893,50,6400
1894,50,6400
1895,50,6400
1896,48,6144
1897,48,6144
1898,48,6144
1899,48,6144
1900,48,6144
1901,48,6144
1902,48,6144
1903,49,6272
1904,48,6144
1905,48,6144
1906,49,6272
1907,48,6144
1908,48,6144
1909,48,6144
1910,48,6144
1911,48,6144
1912,48,6144
1913,48,6144
1914,48,6144
1915,48,6144
1916,48,6144
1917,49,6272
1918,49,6272
1919,49,6272
1920,47,6016
1921,47,6016
1922,47,6016
1923,47,6016
1924,47,6016
1925,47,6016
1926,48,6144
1927,48,6144
1928,48,6144
1929,49,6272
1930,46,5888
1931,46,5888
1932,46,5888
1933,47,6016
1934,47,6016
1935,47,6016
1936,47,6016
1937,47,6016
1938,47,6016
1939,47,6016
1940,47,6016
1941,47,6016
1942,48,6144
1943,46,5888
1944,47,6016
1945,46,5888
1946,47,6016
1947,46,5888
1948,46,5888
1949,46,5888
1950,47,6016
1951,47,6016
1952,47,6016
1953,47,6016
1954,47,6016
1955,48,6144
1956,48,6144
1957,47,6016
1958,49,6272
1959,47,6016
1960,47,6016
1961,47,6016
1962,47,6016
1963,47,6016
1964,47,6016
1965,47,6016
1966,48,6144
1967,48,6144
1968,48,6144
1969,48,6144
1970,48,6144
1971,49,6272
1972,49,6272
1973,50,6400
1974,49,6272
1975,49,6272
1976,49,6272
1977,48,6144
1978,48,6144
1979,48,6144
1980,48,6144
1981,48,6144
1982,49,6272
1983,49,6272
1984,49,6272
1985,49,6272
1986,49,6272
1987,51,6528
1988,51,6528
1989,51,6528
1990,51,6528
1991,51,6528
1992,51,6528
1993,51,6528
1994,50,6400
1995,50,6400
1996,49,6272
1997,49,6272
1998,49,6272
1999,49,6272
2000,50,6400
