RandomSeed,63453,Population size:128,Bit Length:64,Crossover Rate:0,Mutation Rate:0.005
gen,BestFitness,FitnessEval
1,42,5376
2,42,5376
3,42,5376
4,43,5504
5,43,5504
6,43,5504
7,43,5504
8,44,5632
9,44,5632
10,45,5760
11,45,5760
12,45,5760
13,45,5760
14,46,5888
15,45,5760
16,47,6016
17,47,6016
18,47,6016
19,47,6016
20,46,5888
21,46,5888
22,45,5760
23,45,5760
24,46,5888
25,46,5888
26,46,5888
27,46,5888
28,45,5760
29,46,5888
30,46,5888
31,47,6016
32,48,6144
33,48,6144
34,48,6144
35,47,6016
36,47,6016
37,48,6144
38,47,6016
39,48,6144
40,48,6144
41,47,6016
42,47,6016
43,47,6016
44,47,6016
45,47,6016
46,47,6016
47,47,6016
48,47,6016
49,47,6016
50,47,6016
51,46,5888
52,46,5888
53,47,6016
54,47,6016
55,47,6016
56,47,6016
57,48,6144
58,48,6144
59,49,6272
60,49,6272
61,49,6272
62,49,6272
63,49,6272
64,48,6144
65,48,6144
66,47,6016
67,47,6016
68,47,6016
69,47,6016
70,47,6016
71,47,6016
72,46,5888
73,47,6016
74,47,6016
75,46,5888
76,47,6016
77,47,6016
78,47,6016
79,47,6016
80,47,6016
81,48,6144
82,48,6144
83,48,6144
84,49,6272
85,48,6144
86,48,6144
87,48,6144
88,49,6272
89,49,6272
90,49,6272
91,49,6272
92,49,6272
93,49,6272
94,49,6272
95,47,6016
96,47,6016
97,47,6016
98,47,6016
99,47,6016
100,48,6144
101,47,6016
102,47,6016
103,47,6016
104,49,6272
105,46,5888
106,47,6016
107,47,6016
108,46,5888
109,46,5888
110,45,5760
111,45,5760
112,46,5888
113,46,5888
114,46,5888
115,46,5888
116,47,6016
117,48,6144
118,47,6016
119,46,5888
120,46,5888
121,46,5888
122,46,5888
123,46,5888
124,47,6016
125,46,5888
126,47,6016
127,46,5888
128,45,5760
129,45,5760
130,45,5760
131,46,5888
132,47,6016
133,47,6016
134,47,6016
135,47,6016
136,47,6016
137,47,6016
138,48,6144
139,49,6272
140,49,6272
141,49,6272
142,49,6272
143,49,6272
144,50,6400
145,50,6400
146,50,6400
147,50,6400
148,50,6400
149,50,6400
150,50,6400
151,50,6400
152,50,6400
153,50,6400
154,50,6400
155,50,6400
156,50,6400
157,48,6144
158,48,6144
159,48,6144
160,48,6144
161,48,6144
162,48,6144
163,49,6272
164,48,6144
165,48,6144
166,49,6272
167,49,6272
168,49,6272
169,49,6272
170,48,6144
171,49,6272
172,49,6272
173,48,6144
174,48,6144
175,48,6144
176,49,6272
177,49,6272
178,49,6272
179,49,6272
180,49,6272
181,49,6272
182,49,6272
183,49,6272
184,48,6144
185,47,6016
186,47,6016
187,47,6016
188,47,6016
189,47,6016
190,47,6016
191,47,6016
192,46,5888
193,46,5888
194,45,5760
195,46,5888
196,46,5888
197,46,5888
198,46,5888
199,46,5888
200,47,6016
201,46,5888
202,47,6016
203,47,6016
204,48,6144
205,47,6016
206,48,6144
207,48,6144
208,47,6016
209,48,6144
210,48,6144
211,48,6144
212,48,6144
213,49,6272
214,49,6272
215,49,6272
216,48,6144
217,48,6144
218,48,6144
219,48,6144
220,48,6144
221,47,6016
222,48,6144
223,48,6144
224,48,6144
225,48,6144
226,47,6016
227,48,6144
228,48,6144
229,48,6144
230,48,6144
231,49,6272
232,49,6272
233,49,6272
234,48,6144
235,48,6144
236,48,6144
237,48,6144
238,48,6144
239,49,6272
240,49,6272
241,48,6144
242,49,6272
243,49,6272
244,49,6272
245,49,6272
246,49,6272
247,49,6272
248,49,6272
249,49,6272
250,49,6272
251,49,6272
252,49,6272
253,49,6272
254,49,6272
255,49,6272
256,49,6272
257,49,6272
258,49,6272
259,49,6272
260,50,6400
261,50,6400
262,49,6272
263,50,6400
264,50,6400
265,50,6400
266,50,6400
267,51,6528
268,49,6272
269,48,6144
270,48,6144
271,48,6144
272,48,6144
273,48,6144
274,49,6272
275,49,6272
276,49,6272
277,49,6272
278,49,6272
279,49,6272
280,49,6272
281,49,6272
282,48,6144
283,48,6144
284,49,6272
285,49,6272
286,49,6272
287,48,6144
288,49,6272
289,48,6144
290,48,6144
291,48,6144
292,49,6272
293,49,6272
294,49,6272
295,49,6272
296,50,6400
297,50,6400
298,51,6528
299,50,6400
300,49,6272
301,49,6272
302,50,6400
303,49,6272
304,49,6272
305,49,6272
306,49,6272
307,49,6272
308,50,6400
309,50,6400
310,50,6400
311,50,6400
312,50,6400
313,51,6528
314,51,6528
315,52,6656
316,52,6656
317,52,6656
318,50,6400
319,49,6272
320,49,6272
321,49,6272
322,49,6272
323,49,6272
324,49,6272
325,49,6272
326,49,6272
327,48,6144
328,48,6144
329,48,6144
330,48,6144
331,48,6144
332,48,6144
333,49,6272
334,49,6272
335,48,6144
336,48,6144
337,48,6144
338,49,6272
339,49,6272
340,49,6272
341,50,6400
342,49,6272
343,49,6272
344,49,6272
345,48,6144
346,47,6016
347,47,6016
348,48,6144
349,48,6144
350,47,6016
351,47,6016
352,48,6144
353,48,6144
354,48,6144
355,48,6144
356,48,6144
357,49,6272
358,49,6272
359,50,6400
360,49,6272
361,48,6144
362,48,6144
363,48,6144
364,48,6144
365,49,6272
366,49,6272
367,50,6400
368,50,6400
369,50,6400
370,50,6400
371,50,6400
372,49,6272
373,49,6272
374,49,6272
375,49,6272
376,49,6272
377,48,6144
378,48,6144
379,48,6144
380,48,6144
381,48,6144
382,48,6144
383,48,6144
384,48,6144
385,48,6144
386,48,6144
387,47,6016
388,47,6016
389,47,6016
390,47,6016
391,47,6016
392,47,6016
393,48,6144
394,49,6272
395,49,6272
396,48,6144
397,46,5888
398,46,5888
399,48,6144
400,48,6144
401,49,6272
402,49,6272
403,50,6400
404,50,6400
405,50,6400
406,50,6400
407,50,6400
408,50,6400
409,50,6400
410,50,6400
411,51,6528
412,51,6528
413,52,6656
414,52,6656
415,52,6656
416,52,6656
417,48,6144
418,48,6144
419,50,6400
420,50,6400
421,48,6144
422,48,6144
423,48,6144
424,48,6144
425,48,6144
426,48,6144
427,48,6144
428,48,6144
429,48,6144
430,50,6400
431,50,6400
432,48,6144
433,48,6144
434,48,6144
435,49,6272
436,49,6272
437,48,6144
438,49,6272
439,49,6272
440,48,6144
441,48,6144
442,49,6272
443,49,6272
444,49,6272
445,49,6272
446,49,6272
447,49,6272
448,50,6400
449,50,6400
450,50,6400
451,49,6272
452,50,6400
453,48,6144
454,49,6272
455,49,6272
456,49,6272
457,49,6272
458,49,6272
459,50,6400
460,50,6400
461,49,6272
462,48,6144
463,48,6144
464,48,6144
465,49,6272
466,48,6144
467,49,6272
468,49,6272
469,48,6144
470,48,6144
471,49,6272
472,49,6272
473,50,6400
474,50,6400
475,49,6272
476,49,6272
477,49,6272
478,49,6272
479,49,6272
480,50,6400
481,49,6272
482,49,6272
483,49,6272
484,48,6144
485,48,6144
486,48,6144
487,48,6144
488,48,6144
489,48,6144
490,46,5888
491,46,5888
492,47,6016
493,47,6016
494,47,6016
495,47,6016
496,48,6144
497,47,6016
498,47,6016
499,48,6144
500,48,6144
501,47,6016
502,48,6144
503,48,6144
504,48,6144
505,48,6144
506,48,6144
507,48,6144
508,48,6144
509,48,6144
510,49,6272
511,48,6144
512,49,6272
513,50,6400
514,51,6528
515,50,6400
516,50,6400
517,49,6272
518,49,6272
519,49,6272
520,49,6272
521,49,6272
522,49,6272
523,49,6272
524,49,6272
525,48,6144
526,48,6144
527,48,6144
528,48,6144
529,49,6272
530,49,6272
531,48,6144
532,48,6144
533,47,6016
534,47,6016
535,47,6016
536,47,6016
537,47,6016
538,48,6144
539,47,6016
540,47,6016
541,47,6016
542,47,6016
543,47,6016
544,47,6016
545,47,6016
546,46,5888
547,46,5888
548,46,5888
549,47,6016
550,48,6144
551,48,6144
552,47,6016
553,47,6016
554,48,6144
555,48,6144
556,48,6144
557,47,6016
558,47,6016
559,47,6016
560,46,5888
561,46,5888
562,46,5888
563,46,5888
564,46,5888
565,46,5888
566,46,5888
567,45,5760
568,45,5760
569,45,5760
570,44,5632
571,45,5760
572,45,5760
573,44,5632
574,45,5760
575,44,5632
576,45,5760
577,45,5760
578,45,5760
579,45,5760
580,46,5888
581,46,5888
582,46,5888
583,45,5760
584,45,5760
585,46,5888
586,45,5760
587,45,5760
588,45,5760
589,46,5888
590,46,5888
591,46,5888
592,45,5760
593,45,5760
594,45,5760
595,45,5760
596,45,5760
597,45,5760
598,46,5888
599,45,5760
600,45,5760
601,45,5760
602,45,5760
603,45,5760
604,46,5888
605,46,5888
606,46,5888
607,45,5760
608,46,5888
609,46,5888
610,46,5888
611,46,5888
612,47,6016
613,47,6016
614,46,5888
615,46,5888
616,46,5888
617,47,6016
618,47,6016
619,47,6016
620,47,6016
621,47,6016
622,46,5888
623,47,6016
624,47,6016
625,47,6016
626,46,5888
627,47,6016
628,47,6016
629,47,6016
630,47,6016
631,46,5888
632,46,5888
633,46,5888
634,47,6016
635,46,5888
636,46,5888
637,47,6016
638,47,6016
639,46,5888
640,47,6016
641,47,6016
642,47,6016
643,47,6016
644,46,5888
645,46,5888
646,46,5888
647,46,5888
648,46,5888
649,46,5888
650,46,5888
651,47,6016
652,47,6016
653,47,6016
654,47,6016
655,47,6016
656,47,6016
657,48,6144
658,47,6016
659,48,6144
660,47,6016
661,47,6016
662,48,6144
663,48,6144
664,49,6272
665,48,6144
666,47,6016
667,47,6016
668,47,6016
669,47,6016
670,48,6144
671,48,6144
672,48,6144
673,47,6016
674,47,6016
675,47,6016
676,47,6016
677,47,6016
678,48,6144
679,48,6144
680,48,6144
681,48,6144
682,48,6144
683,47,6016
684,47,6016
685,48,6144
686,48,6144
687,48,6144
688,48,6144
689,48,6144
690,48,6144
691,48,6144
692,48,6144
693,48,6144
694,47,6016
695,48,6144
696,48,6144
697,48,6144
698,48,6144
699,48,6144
700,47,6016
701,47,6016
702,47,6016
703,47,6016
704,48,6144
705,47,6016
706,47,6016
707,47,6016
708,47,6016
709,47,6016
710,47,6016
711,47,6016
712,47,6016
713,47,6016
714,47,6016
715,47,6016
716,46,5888
717,47,6016
718,46,5888
719,47,6016
720,47,6016
721,46,5888
722,46,5888
723,46,5888
724,46,5888
725,46,5888
726,46,5888
727,46,5888
728,46,5888
729,46,5888
730,46,5888
731,45,5760
732,45,5760
733,46,5888
734,46,5888
735,46,5888
736,45,5760
737,45,5760
738,44,5632
739,44,5632
740,44,5632
741,44,5632
742,45,5760
743,44,5632
744,44,5632
745,45,5760
746,44,5632
747,45,5760
748,44,5632
749,44,5632
750,45,5760
751,45,5760
752,44,5632
753,44,5632
754,44,5632
755,44,5632
756,45,5760
757,45,5760
758,45,5760
759,45,5760
760,46,5888
761,45,5760
762,45,5760
763,45,5760
764,46,5888
765,46,5888
766,46,5888
767,47,6016
768,46,5888
769,45,5760
770,45,5760
771,45,5760
772,46,5888
773,45,5760
774,45,5760
775,46,5888
776,46,5888
777,46,5888
778,47,6016
779,47,6016
780,47,6016
781,47,6016
782,47,6016
783,47,6016
784,48,6144
785,48,6144
786,48,6144
787,48,6144
788,48,6144
789,48,6144
790,48,6144
791,49,6272
792,49,6272
793,50,6400
794,50,6400
795,50,6400
796,50,6400
797,51,6528
798,50,6400
799,49,6272
800,48,6144
801,49,6272
802,48,6144
803,48,6144
804,49,6272
805,49,6272
806,50,6400
807,50,6400
808,50,6400
809,48,6144
810,48,6144
811,48,6144
812,48,6144
813,49,6272
814,49,6272
815,48,6144
816,48,6144
817,50,6400
818,50,6400
819,48,6144
820,48,6144
821,48,6144
822,49,6272
823,49,6272
824,50,6400
825,49,6272
826,50,6400
827,50,6400
828,50,6400
829,50,6400
830,49,6272
831,49,6272
832,50,6400
833,50,6400
834,50,6400
835,50,6400
836,51,6528
837,50,6400
838,50,6400
839,48,6144
840,48,6144
841,49,6272
842,49,6272
843,49,6272
844,50,6400
845,49,6272
846,49,6272
847,50,6400
848,49,6272
849,49,6272
850,50,6400
851,50,6400
852,51,6528
853,50,6400
854,50,6400
855,51,6528
856,51,6528
857,50,6400
858,50,6400
859,49,6272
860,49,6272
861,49,6272
862,49,6272
863,49,6272
864,49,6272
865,49,6272
866,50,6400
867,50,6400
868,50,6400
869,50,6400
870,50,6400
871,50,6400
872,50,6400
873,50,6400
874,52,6656
875,51,6528
876,51,6528
877,51,6528
878,51,6528
879,50,6400
880,50,6400
881,50,6400
882,50,6400
883,50,6400
884,50,6400
885,50,6400
886,50,6400
887,50,6400
888,50,6400
889,50,6400
890,50,6400
891,50,6400
892,50,6400
893,50,6400
894,50,6400
895,50,6400
896,50,6400
897,50,6400
898,50,6400
899,50,6400
900,50,6400
901,50,6400
902,51,6528
903,51,6528
904,50,6400
905,50,6400
906,51,6528
907,52,6656
908,52,6656
909,50,6400
910,50,6400
911,50,6400
912,50,6400
913,50,6400
914,50,6400
915,50,6400
916,50,6400
917,51,6528
918,51,6528
919,52,6656
920,51,6528
921,51,6528
922,51,6528
923,51,6528
924,50,6400
925,51,6528
926,50,6400
927,50,6400
928,51,6528
929,50,6400
930,50,6400
931,50,6400
932,49,6272
933,50,6400
934,49,6272
935,49,6272
936,50,6400
937,50,6400
938,50,6400
939,50,6400
940,49,6272
941,50,6400
942,49,6272
943,49,6272
944,49,6272
945,49,6272
946,49,6272
947,49,6272
948,49,6272
949,49,6272
950,49,6272
951,49,6272
952,49,6272
953,49,6272
954,50,6400
955,49,6272
956,49,6272
957,49,6272
958,49,6272
959,49,6272
960,49,6272
961,49,6272
962,49,6272
963,49,6272
964,49,6272
965,49,6272
966,49,6272
967,48,6144
968,48,6144
969,48,6144
970,49,6272
971,49,6272
972,50,6400
973,49,6272
974,49,6272
975,49,6272
976,49,6272
977,49,6272
978,48,6144
979,48,6144
980,49,6272
981,49,6272
982,49,6272
983,48,6144
984,48,6144
985,48,6144
986,48,6144
987,49,6272
988,49,6272
989,48,6144
990,49,6272
991,49,6272
992,49,6272
993,49,6272
994,49,6272
995,49,6272
996,49,6272
997,49,6272
998,50,6400
999,50,6400
1000,49,6272
1001,48,6144
1002,48,6144
1003,48,6144
1004,48,6144
1005,48,6144
1006,47,6016
1007,47,6016
1008,48,6144
1009,47,6016
1010,47,6016
1011,48,6144
1012,48,6144
1013,48,6144
1014,48,6144
1015,48,6144
1016,48,6144
1017,48,6144
1018,48,6144
1019,48,6144
1020,48,6144
1021,49,6272
1022,49,6272
1023,49,6272
1024,51,6528
1025,51,6528
1026,51,6528
1027,51,6528
1028,51,6528
1029,51,6528
1030,51,6528
1031,51,6528
1032,51,6528
1033,51,6528
1034,51,6528
1035,50,6400
1036,49,6272
1037,49,6272
1038,49,6272
1039,50,6400
1040,50,6400
1041,50,6400
1042,50,6400
1043,50,6400
1044,49,6272
1045,49,6272
1046,49,6272
1047,48,6144
1048,48,6144
1049,48,6144
1050,48,6144
1051,48,6144
1052,48,6144
1053,48,6144
1054,48,6144
1055,48,6144
1056,48,6144
1057,49,6272
1058,49,6272
1059,50,6400
1060,52,6656
1061,52,6656
1062,53,6784
1063,53,6784
1064,49,6272
1065,47,6016
1066,45,5760
1067,45,5760
1068,46,5888
1069,46,5888
1070,45,5760
1071,46,5888
1072,46,5888
1073,46,5888
1074,46,5888
1075,46,5888
1076,47,6016
1077,47,6016
1078,47,6016
1079,47,6016
1080,47,6016
1081,47,6016
1082,47,6016
1083,47,6016
1084,47,6016
1085,47,6016
1086,48,6144
1087,47,6016
1088,48,6144
1089,48,6144
1090,48,6144
1091,48,6144
1092,49,6272
1093,50,6400
1094,49,6272
1095,49,6272
1096,49,6272
1097,49,6272
1098,49,6272
1099,49,6272
1100,49,6272
1101,49,6272
1102,50,6400
1103,49,6272
1104,50,6400
1105,50,6400
1106,49,6272
1107,49,6272
1108,51,6528
1109,51,6528
1110,50,6400
1111,50,6400
1112,50,6400
1113,50,6400
1114,50,6400
1115,50,6400
1116,51,6528
1117,50,6400
1118,50,6400
1119,50,6400
1120,50,6400
1121,50,6400
1122,50,6400
1123,50,6400
1124,50,6400
1125,51,6528
1126,51,6528
1127,51,6528
1128,51,6528
1129,52,6656
1130,52,6656
1131,50,6400
1132,50,6400
1133,50,6400
1134,50,6400
1135,51,6528
1136,51,6528
1137,51,6528
1138,51,6528
1139,51,6528
1140,51,6528
1141,51,6528
1142,51,6528
1143,51,6528
1144,50,6400
1145,50,6400
1146,50,6400
1147,50,6400
1148,50,6400
1149,50,6400
1150,50,6400
1151,49,6272
1152,49,6272
1153,50,6400
1154,49,6272
1155,49,6272
1156,50,6400
1157,51,6528
1158,51,6528
1159,50,6400
1160,51,6528
1161,51,6528
1162,51,6528
1163,51,6528
1164,51,6528
1165,47,6016
1166,47,6016
1167,47,6016
1168,47,6016
1169,47,6016
1170,47,6016
1171,48,6144
1172,48,6144
1173,48,6144
1174,48,6144
1175,50,6400
1176,50,6400
1177,50,6400
1178,50,6400
1179,50,6400
1180,50,6400
1181,50,6400
1182,50,6400
1183,50,6400
1184,50,6400
1185,50,6400
1186,50,6400
1187,50,6400
1188,50,6400
1189,50,6400
1190,50,6400
1191,50,6400
1192,49,6272
1193,49,6272
1194,49,6272
1195,49,6272
1196,49,6272
1197,50,6400
1198,50,6400
1199,50,6400
1200,49,6272
1201,49,6272
1202,49,6272
1203,49,6272
1204,49,6272
1205,49,6272
1206,49,6272
1207,49,6272
1208,49,6272
1209,49,6272
1210,49,6272
1211,49,6272
1212,49,6272
1213,49,6272
1214,49,6272
1215,49,6272
1216,49,6272
1217,49,6272
1218,49,6272
1219,49,6272
1220,49,6272
1221,49,6272
1222,50,6400
1223,49,6272
1224,50,6400
1225,50,6400
1226,51,6528
1227,51,6528
1228,51,6528
1229,51,6528
1230,51,6528
1231,51,6528
1232,51,6528
1233,50,6400
1234,50,6400
1235,48,6144
1236,48,6144
1237,48,6144
1238,49,6272
1239,48,6144
1240,48,6144
1241,48,6144
1242,48,6144
1243,48,6144
1244,48,6144
1245,47,6016
1246,48,6144
1247,47,6016
1248,48,6144
1249,49,6272
1250,49,6272
1251,48,6144
1252,48,6144
1253,48,6144
1254,45,5760
1255,46,5888
1256,46,5888
1257,46,5888
1258,46,5888
1259,46,5888
1260,47,6016
1261,47,6016
1262,46,5888
1263,46,5888
1264,47,6016
1265,45,5760
1266,45,5760
1267,45,5760
1268,46,5888
1269,44,5632
1270,44,5632
1271,44,5632
1272,45,5760
1273,45,5760
1274,46,5888
1275,46,5888
1276,46,5888
1277,45,5760
1278,46,5888
1279,46,5888
1280,46,5888
1281,46,5888
1282,47,6016
1283,47,6016
1284,46,5888
1285,47,6016
1286,47,6016
1287,47,6016
1288,47,6016
1289,47,6016
1290,46,5888
1291,46,5888
1292,46,5888
1293,46,5888
1294,46,5888
1295,46,5888
1296,47,6016
1297,47,6016
1298,46,5888
1299,47,6016
1300,46,5888
1301,45,5760
1302,45,5760
1303,45,5760
1304,45,5760
1305,46,5888
1306,46,5888
1307,47,6016
1308,48,6144
1309,48,6144
1310,49,6272
1311,49,6272
1312,49,6272
1313,47,6016
1314,47,6016
1315,47,6016
1316,47,6016
1317,48,6144
1318,48,6144
1319,49,6272
1320,49,6272
1321,49,6272
1322,50,6400
1323,50,6400
1324,51,6528
1325,50,6400
1326,50,6400
1327,50,6400
1328,49,6272
1329,50,6400
1330,51,6528
1331,51,6528
1332,49,6272
1333,49,6272
1334,49,6272
1335,49,6272
1336,49,6272
1337,49,6272
1338,50,6400
1339,49,6272
1340,50,6400
1341,50,6400
1342,50,6400
1343,50,6400
1344,51,6528
1345,50,6400
1346,50,6400
1347,50,6400
1348,50,6400
1349,50,6400
1350,51,6528
1351,51,6528
1352,50,6400
1353,49,6272
1354,49,6272
1355,49,6272
1356,50,6400
1357,49,6272
1358,49,6272
1359,50,6400
1360,50,6400
1361,50,6400
1362,51,6528
1363,49,6272
1364,48,6144
1365,49,6272
1366,49,6272
1367,49,6272
1368,49,6272
1369,49,6272
1370,50,6400
1371,50,6400
1372,50,6400
1373,50,6400
1374,51,6528
1375,52,6656
1376,52,6656
1377,52,6656
1378,52,6656
1379,52,6656
1380,52,6656
1381,53,6784
1382,51,6528
1383,51,6528
1384,51,6528
1385,51,6528
1386,51,6528
1387,51,6528
1388,51,6528
1389,50,6400
1390,50,6400
1391,50,6400
1392,50,6400
1393,50,6400
1394,50,6400
1395,51,6528
1396,50,6400
1397,50,6400
1398,50,6400
1399,51,6528
1400,51,6528
1401,51,6528
1402,51,6528
1403,51,6528
1404,50,6400
1405,52,6656
1406,51,6528
1407,51,6528
1408,52,6656
1409,52,6656
1410,52,6656
1411,51,6528
1412,51,6528
1413,51,6528
1414,51,6528
1415,51,6528
1416,51,6528
1417,51,6528
1418,50,6400
1419,50,6400
1420,50,6400
1421,51,6528
1422,50,6400
1423,50,6400
1424,50,6400
1425,50,6400
1426,51,6528
1427,50,6400
1428,50,6400
1429,50,6400
1430,51,6528
1431,50,6400
1432,50,6400
1433,51,6528
1434,51,6528
1435,51,6528
1436,51,6528
1437,51,6528
1438,51,6528
1439,51,6528
1440,51,6528
1441,51,6528
1442,51,6528
1443,51,6528
1444,51,6528
1445,51,6528
1446,51,6528
1447,52,6656
1448,52,6656
1449,52,6656
1450,52,6656
1451,52,6656
1452,52,6656
1453,51,6528
1454,52,6656
1455,52,6656
1456,52,6656
1457,51,6528
1458,51,6528
1459,51,6528
1460,51,6528
1461,51,6528
1462,51,6528
1463,52,6656
1464,50,6400
1465,50,6400
1466,50,6400
1467,50,6400
1468,50,6400
1469,51,6528
1470,50,6400
1471,50,6400
1472,50,6400
1473,50,6400
1474,51,6528
1475,50,6400
1476,50,6400
1477,50,6400
1478,50,6400
1479,49,6272
1480,50,6400
1481,50,6400
1482,50,6400
1483,50,6400
1484,50,6400
1485,51,6528
1486,52,6656
1487,50,6400
1488,50,6400
1489,50,6400
1490,50,6400
1491,50,6400
1492,50,6400
1493,52,6656
1494,52,6656
1495,52,6656
1496,52,6656
1497,52,6656
1498,53,6784
1499,52,6656
1500,53,6784
1501,51,6528
1502,51,6528
1503,51,6528
1504,51,6528
1505,53,6784
1506,48,6144
1507,49,6272
1508,48,6144
1509,49,6272
1510,49,6272
1511,48,6144
1512,48,6144
1513,48,6144
1514,48,6144
1515,49,6272
1516,49,6272
1517,49,6272
1518,49,6272
1519,49,6272
1520,49,6272
1521,49,6272
1522,49,6272
1523,47,6016
1524,48,6144
1525,48,6144
1526,48,6144
1527,48,6144
1528,48,6144
1529,48,6144
1530,48,6144
1531,48,6144
1532,48,6144
1533,49,6272
1534,49,6272
1535,49,6272
1536,49,6272
1537,48,6144
1538,48,6144
1539,48,6144
1540,49,6272
1541,49,6272
1542,47,6016
1543,48,6144
1544,47,6016
1545,47,6016
1546,47,6016
1547,47,6016
1548,48,6144
1549,48,6144
1550,49,6272
1551,46,5888
1552,46,5888
1553,46,5888
1554,46,5888
1555,46,5888
1556,46,5888
1557,47,6016
1558,46,5888
1559,46,5888
1560,46,5888
1561,46,5888
1562,46,5888
1563,45,5760
1564,45,5760
1565,45,5760
1566,45,5760
1567,45,5760
1568,45,5760
1569,45,5760
1570,45,5760
1571,45,5760
1572,45,5760
1573,46,5888
1574,46,5888
1575,47,6016
1576,46,5888
1577,46,5888
1578,46,5888
1579,45,5760
1580,45,5760
1581,45,5760
1582,45,5760
1583,46,5888
1584,47,6016
1585,45,5760
1586,44,5632
1587,45,5760
1588,44,5632
1589,45,5760
1590,45,5760
1591,45,5760
1592,44,5632
1593,44,5632
1594,45,5760
1595,44,5632
1596,44,5632
1597,44,5632
1598,45,5760
1599,45,5760
1600,45,5760
1601,45,5760
1602,44,5632
1603,45,5760
1604,45,5760
1605,46,5888
1606,46,5888
1607,46,5888
1608,46,5888
1609,47,6016
1610,47,6016
1611,47,6016
1612,47,6016
1613,48,6144
1614,49,6272
1615,49,6272
1616,48,6144
1617,48,6144
1618,48,6144
1619,48,6144
1620,48,6144
1621,48,6144
1622,48,6144
1623,48,6144
1624,49,6272
1625,49,6272
1626,49,6272
1627,50,6400
1628,49,6272
1629,48,6144
1630,48,6144
1631,48,6144
1632,49,6272
1633,49,6272
1634,49,6272
1635,48,6144
1636,48,6144
1637,47,6016
1638,47,6016
1639,47,6016
1640,48,6144
1641,47,6016
1642,48,6144
1643,47,6016
1644,47,6016
1645,46,5888
1646,46,5888
1647,46,5888
1648,46,5888
1649,46,5888
1650,46,5888
1651,46,5888
1652,46,5888
1653,46,5888
1654,46,5888
1655,46,5888
1656,47,6016
1657,47,6016
1658,46,5888
1659,47,6016
1660,45,5760
1661,45,5760
1662,45,5760
1663,46,5888
1664,43,5504
1665,44,5632
1666,44,5632
1667,45,5760
1668,45,5760
1669,45,5760
1670,45,5760
1671,45,5760
1672,45,5760
1673,46,5888
1674,46,5888
1675,44,5632
1676,44,5632
1677,44,5632
1678,44,5632
1679,44,5632
1680,44,5632
1681,45,5760
1682,45,5760
1683,45,5760
1684,46,5888
1685,45,5760
1686,46,5888
1687,45,5760
1688,45,5760
1689,46,5888
1690,46,5888
1691,46,5888
1692,46,5888
1693,46,5888
1694,47,6016
1695,47,6016
1696,47,6016
1697,47,6016
1698,47,6016
1699,47,6016
1700,47,6016
1701,47,6016
1702,48,6144
1703,48,6144
1704,47,6016
1705,47,6016
1706,47,6016
1707,47,6016
1708,47,6016
1709,48,6144
1710,48,6144
1711,47,6016
1712,48,6144
1713,49,6272
1714,49,6272
1715,47,6016
1716,48,6144
1717,48,6144
1718,48,6144
1719,48,6144
1720,48,6144
1721,49,6272
1722,49,6272
1723,50,6400
1724,50,6400
1725,50,6400
1726,50,6400
1727,49,6272
1728,49,6272
1729,49,6272
1730,49,6272
1731,50,6400
1732,49,6272
1733,49,6272
1734,49,6272
1735,50,6400
1736,49,6272
1737,50,6400
1738,50,6400
1739,50,6400
1740,51,6528
1741,50,6400
1742,50,6400
1743,50,6400
1744,51,6528
1745,51,6528
1746,51,6528
1747,51,6528
1748,51,6528
1749,51,6528
1750,50,6400
1751,50,6400
1752,51,6528
1753,51,6528
1754,51,6528
1755,51,6528
1756,51,6528
1757,51,6528
1758,51,6528
1759,51,6528
1760,50,6400
1761,51,6528
1762,51,6528
1763,51,6528
1764,51,6528
1765,51,6528
1766,52,6656
1767,52,6656
1768,52,6656
1769,52,6656
1770,52,6656
1771,52,6656
1772,51,6528
1773,51,6528
1774,51,6528
1775,51,6528
1776,52,6656
1777,52,6656
1778,52,6656
1779,52,6656
1780,52,6656
1781,52,6656
1782,52,6656
1783,52,6656
1784,52,6656
1785,52,6656
1786,52,6656
1787,52,6656
1788,53,6784
1789,53,6784
1790,53,6784
1791,53,6784
1792,53,6784
1793,53,6784
1794,53,6784
1795,53,6784
1796,54,6912
1797,54,6912
1798,54,6912
1799,52,6656
1800,52,6656
1801,52,6656
1802,52,6656
1803,52,6656
1804,52,6656
1805,52,6656
1806,53,6784
1807,53,6784
1808,52,6656
1809,52,6656
1810,53,6784
1811,52,6656
1812,52,6656
1813,52,6656
1814,53,6784
1815,53,6784
1816,53,6784
1817,53,6784
1818,53,6784
1819,52,6656
1820,52,6656
1821,52,6656
1822,52,6656
1823,51,6528
1824,51,6528
1825,51,6528
1826,51,6528
1827,51,6528
1828,52,6656
1829,50,6400
1830,50,6400
1831,51,6528
1832,50,6400
1833,51,6528
1834,51,6528
1835,52,6656
1836,52,6656
1837,52,6656
1838,52,6656
1839,53,6784
1840,53,6784
1841,53,6784
1842,53,6784
1843,53,6784
1844,53,6784
1845,53,6784
1846,53,6784
1847,53,6784
1848,53,6784
1849,53,6784
1850,53,6784
1851,53,6784
1852,53,6784
1853,53,6784
1854,52,6656
1855,52,6656
1856,52,6656
1857,52,6656
1858,52,6656
1859,52,6656
1860,52,6656
1861,52,6656
1862,52,6656
1863,52,6656
1864,51,6528
1865,51,6528
1866,51,6528
1867,51,6528
1868,51,6528
1869,51,6528
1870,50,6400
1871,50,6400
1872,50,6400
1873,50,6400
1874,50,6400
1875,50,6400
1876,50,6400
1877,50,6400
1878,49,6272
1879,50,6400
1880,50,6400
1881,50,6400
1882,50,6400
1883,50,6400
1884,50,6400
1885,50,6400
1886,50,6400
1887,50,6400
1888,50,6400
1889,50,6400
1890,50,6400
1891,50,6400
1892,50,6400
1893,50,6400
1894,50,6400
1895,50,6400
1896,50,6400
1897,50,6400
1898,50,6400
1899,50,6400
1900,50,6400
1901,50,6400
1902,50,6400
1903,50,6400
1904,50,6400
1905,50,6400
1906,50,6400
1907,51,6528
1908,50,6400
1909,48,6144
1910,48,6144
1911,49,6272
1912,48,6144
1913,48,6144
1914,48,6144
1915,48,6144
1916,48,6144
1917,47,6016
1918,48,6144
1919,48,6144
1920,48,6144
1921,48,6144
1922,48,6144
1923,48,6144
1924,48,6144
1925,48,6144
1926,48,6144
1927,47,6016
1928,48,6144
1929,48,6144
1930,48,6144
1931,48,6144
1932,48,6144
1933,49,6272
1934,49,6272
1935,50,6400
1936,50,6400
1937,50,6400
1938,50,6400
1939,51,6528
1940,51,6528
1941,50,6400
1942,51,6528
1943,51,6528
1944,51,6528
1945,50,6400
1946,50,6400
1947,50,6400
1948,49,6272
1949,49,6272
1950,50,6400
1951,49,6272
1952,50,6400
1953,50,6400
1954,50,6400
1955,50,6400
1956,50,6400
1957,50,6400
1958,50,6400
1959,49,6272
1960,50,6400
1961,50,6400
1962,49,6272
1963,49,6272
1964,49,6272
1965,50,6400
1966,50,6400
1967,50,6400
1968,50,6400
1969,50,6400
1970,50,6400
1971,49,6272
1972,50,6400
1973,50,6400
1974,50,6400
1975,50,6400
1976,50,6400
1977,50,6400
1978,50,6400
1979,49,6272
1980,49,6272
1981,50,6400
1982,50,6400
1983,49,6272
1984,49,6272
1985,50,6400
1986,49,6272
1987,49,6272
1988,49,6272
1989,50,6400
1990,50,6400
1991,49,6272
1992,49,6272
1993,50,6400
1994,50,6400
1995,50,6400
1996,50,6400
1997,50,6400
1998,49,6272
1999,49,6272
2000,50,6400
