RandomSeed,74286,Population size:128,Bit Length:64,Crossover Rate:0,Mutation Rate:0.005
gen,BestFitness,FitnessEval
1,40,5120
2,39,4992
3,40,5120
4,40,5120
5,40,5120
6,40,5120
7,41,5248
8,41,5248
9,41,5248
10,41,5248
11,42,5376
12,43,5504
13,41,5248
14,41,5248
15,42,5376
16,43,5504
17,42,5376
18,43,5504
19,43,5504
20,43,5504
21,44,5632
22,44,5632
23,44,5632
24,45,5760
25,45,5760
26,46,5888
27,46,5888
28,46,5888
29,46,5888
30,46,5888
31,46,5888
32,47,6016
33,47,6016
34,48,6144
35,48,6144
36,48,6144
37,50,6400
38,50,6400
39,50,6400
40,51,6528
41,51,6528
42,51,6528
43,50,6400
44,50,6400
45,50,6400
46,50,6400
47,51,6528
48,49,6272
49,49,6272
50,50,6400
51,50,6400
52,50,6400
53,50,6400
54,50,6400
55,50,6400
56,50,6400
57,51,6528
58,51,6528
59,51,6528
60,51,6528
61,51,6528
62,51,6528
63,51,6528
64,51,6528
65,51,6528
66,50,6400
67,50,6400
68,50,6400
69,50,6400
70,50,6400
71,50,6400
72,51,6528
73,51,6528
74,51,6528
75,50,6400
76,51,6528
77,50,6400
78,50,6400
79,50,6400
80,50,6400
81,50,6400
82,50,6400
83,50,6400
84,50,6400
85,50,6400
86,50,6400
87,51,6528
88,51,6528
89,51,6528
90,51,6528
91,51,6528
92,50,6400
93,51,6528
94,50,6400
95,49,6272
96,50,6400
97,49,6272
98,49,6272
99,50,6400
100,50,6400
101,51,6528
102,52,6656
103,53,6784
104,52,6656
105,54,6912
106,54,6912
107,54,6912
108,52,6656
109,52,6656
110,53,6784
111,52,6656
112,52,6656
113,51,6528
114,51,6528
115,49,6272
116,49,6272
117,49,6272
118,49,6272
119,50,6400
120,50,6400
121,51,6528
122,49,6272
123,50,6400
124,49,6272
125,50,6400
126,50,6400
127,50,6400
128,50,6400
129,50,6400
130,50,6400
131,50,6400
132,51,6528
133,51,6528
134,51,6528
135,51,6528
136,50,6400
137,50,6400
138,49,6272
139,49,6272
140,50,6400
141,50,6400
142,50,6400
143,51,6528
144,51,6528
145,51,6528
146,51,6528
147,51,6528
148,51,6528
149,51,6528
150,51,6528
151,51,6528
152,51,6528
153,51,6528
154,51,6528
155,50,6400
156,50,6400
157,50,6400
158,50,6400
159,51,6528
160,51,6528
161,51,6528
162,51,6528
163,52,6656
164,52,6656
165,52,6656
166,52,6656
167,51,6528
168,51,6528
169,51,6528
170,51,6528
171,51,6528
172,51,6528
173,51,6528
174,51,6528
175,51,6528
176,52,6656
177,52,6656
178,52,6656
179,52,6656
180,52,6656
181,52,6656
182,52,6656
183,53,6784
184,53,6784
185,53,6784
186,53,6784
187,52,6656
188,52,6656
189,52,6656
190,54,6912
191,54,6912
192,53,6784
193,53,6784
194,53,6784
195,53,6784
196,53,6784
197,53,6784
198,53,6784
199,53,6784
200,52,6656
201,52,6656
202,52,6656
203,52,6656
204,53,6784
205,52,6656
206,53,6784
207,53,6784
208,52,6656
209,52,6656
210,52,6656
211,52,6656
212,52,6656
213,51,6528
214,51,6528
215,51,6528
216,51,6528
217,51,6528
218,51,6528
219,51,6528
220,52,6656
221,52,6656
222,51,6528
223,51,6528
224,51,6528
225,50,6400
226,50,6400
227,50,6400
228,49,6272
229,49,6272
230,49,6272
231,49,6272
232,50,6400
233,49,6272
234,49,6272
235,49,6272
236,49,6272
237,49,6272
238,49,6272
239,48,6144
240,49,6272
241,49,6272
242,49,6272
243,49,6272
244,49,6272
245,49,6272
246,49,6272
247,49,6272
248,50,6400
249,49,6272
250,49,6272
251,49,6272
252,49,6272
253,51,6528
254,51,6528
255,51,6528
256,51,6528
257,50,6400
258,50,6400
259,50,6400
260,50,6400
261,50,6400
262,50,6400
263,50,6400
264,50,6400
265,50,6400
266,50,6400
267,50,6400
268,50,6400
269,50,6400
270,51,6528
271,51,6528
272,51,6528
273,51,6528
274,51,6528
275,51,6528
276,51,6528
277,51,6528
278,51,6528
279,52,6656
280,52,6656
281,52,6656
282,51,6528
283,51,6528
284,51,6528
285,51,6528
286,50,6400
287,51,6528
288,50,6400
289,51,6528
290,52,6656
291,51,6528
292,50,6400
293,51,6528
294,51,6528
295,51,6528
296,52,6656
297,51,6528
298,51,6528
299,51,6528
300,51,6528
301,51,6528
302,51,6528
303,51,6528
304,52,6656
305,51,6528
306,51,6528
307,52,6656
308,52,6656
309,52,6656
310,53,6784
311,53,6784
312,52,6656
313,53,6784
314,53,6784
315,53,6784
316,53,6784
317,53,6784
318,53,6784
319,54,6912
320,54,6912
321,55,7040
322,55,7040
323,55,7040
324,55,7040
325,54,6912
326,54,6912
327,53,6784
328,54,6912
329,53,6784
330,53,6784
331,54,6912
332,52,6656
333,52,6656
334,52,6656
335,52,6656
336,53,6784
337,53,6784
338,53,6784
339,53,6784
340,52,6656
341,52,6656
342,52,6656
343,52,6656
344,52,6656
345,52,6656
346,52,6656
347,53,6784
348,53,6784
349,53,6784
350,53,6784
351,53,6784
352,53,6784
353,53,6784
354,53,6784
355,53,6784
356,53,6784
357,54,6912
358,54,6912
359,54,6912
360,53,6784
361,53,6784
362,53,6784
363,54,6912
364,54,6912
365,54,6912
366,54,6912
367,55,7040
368,55,7040
369,53,6784
370,54,6912
371,54,6912
372,54,6912
373,53,6784
374,53,6784
375,53,6784
376,53,6784
377,53,6784
378,54,6912
379,54,6912
380,54,6912
381,55,7040
382,54,6912
383,54,6912
384,53,6784
385,53,6784
386,54,6912
387,54,6912
388,54,6912
389,54,6912
390,55,7040
391,55,7040
392,55,7040
393,55,7040
394,55,7040
395,54,6912
396,54,6912
397,54,6912
398,53,6784
399,54,6912
400,53,6784
401,52,6656
402,52,6656
403,53,6784
404,52,6656
405,52,6656
406,52,6656
407,52,6656
408,52,6656
409,52,6656
410,53,6784
411,52,6656
412,52,6656
413,52,6656
414,52,6656
415,52,6656
416,53,6784
417,53,6784
418,53,6784
419,52,6656
420,52,6656
421,52,6656
422,52,6656
423,52,6656
424,52,6656
425,54,6912
426,53,6784
427,52,6656
428,53,6784
429,52,6656
430,51,6528
431,52,6656
432,51,6528
433,51,6528
434,51,6528
435,51,6528
436,51,6528
437,51,6528
438,50,6400
439,50,6400
440,50,6400
441,50,6400
442,50,6400
443,50,6400
444,49,6272
445,49,6272
446,50,6400
447,50,6400
448,50,6400
449,50,6400
450,50,6400
451,51,6528
452,51,6528
453,52,6656
454,52,6656
455,50,6400
456,50,6400
457,50,6400
458,50,6400
459,49,6272
460,49,6272
461,49,6272
462,49,6272
463,48,6144
464,49,6272
465,49,6272
466,50,6400
467,50,6400
468,50,6400
469,50,6400
470,50,6400
471,51,6528
472,50,6400
473,51,6528
474,51,6528
475,49,6272
476,49,6272
477,49,6272
478,49,6272
479,49,6272
480,49,6272
481,49,6272
482,48,6144
483,48,6144
484,48,6144
485,48,6144
486,48,6144
487,50,6400
488,50,6400
489,50,6400
490,50,6400
491,50,6400
492,49,6272
493,50,6400
494,50,6400
495,49,6272
496,49,6272
497,49,6272
498,49,6272
499,49,6272
500,49,6272
501,49,6272
502,49,6272
503,50,6400
504,50,6400
505,50,6400
506,49,6272
507,49,6272
508,49,6272
509,48,6144
510,48,6144
511,47,6016
512,48,6144
513,47,6016
514,48,6144
515,48,6144
516,47,6016
517,47,6016
518,47,6016
519,47,6016
520,47,6016
521,47,6016
522,47,6016
523,47,6016
524,46,5888
525,47,6016
526,46,5888
527,46,5888
528,46,5888
529,46,5888
530,46,5888
531,46,5888
532,46,5888
533,46,5888
534,47,6016
535,47,6016
536,46,5888
537,46,5888
538,46,5888
539,47,6016
540,47,6016
541,47,6016
542,47,6016
543,47,6016
544,47,6016
545,46,5888
546,47,6016
547,47,6016
548,47,6016
549,48,6144
550,47,6016
551,46,5888
552,46,5888
553,46,5888
554,46,5888
555,46,5888
556,46,5888
557,46,5888
558,46,5888
559,45,5760
560,45,5760
561,45,5760
562,45,5760
563,45,5760
564,45,5760
565,45,5760
566,46,5888
567,45,5760
568,47,6016
569,47,6016
570,47,6016
571,48,6144
572,46,5888
573,46,5888
574,46,5888
575,46,5888
576,47,6016
577,47,6016
578,47,6016
579,46,5888
580,46,5888
581,46,5888
582,46,5888
583,46,5888
584,47,6016
585,47,6016
586,47,6016
587,47,6016
588,47,6016
589,45,5760
590,46,5888
591,46,5888
592,46,5888
593,46,5888
594,47,6016
595,47,6016
596,46,5888
597,46,5888
598,46,5888
599,46,5888
600,46,5888
601,46,5888
602,46,5888
603,46,5888
604,47,6016
605,47,6016
606,46,5888
607,47,6016
608,47,6016
609,46,5888
610,46,5888
611,47,6016
612,47,6016
613,47,6016
614,47,6016
615,47,6016
616,47,6016
617,47,6016
618,48,6144
619,48,6144
620,47,6016
621,47,6016
622,47,6016
623,47,6016
624,48,6144
625,48,6144
626,48,6144
627,47,6016
628,47,6016
629,48,6144
630,48,6144
631,48,6144
632,49,6272
633,48,6144
634,48,6144
635,47,6016
636,48,6144
637,48,6144
638,48,6144
639,47,6016
640,47,6016
641,47,6016
642,46,5888
643,46,5888
644,46,5888
645,46,5888
646,46,5888
647,47,6016
648,47,6016
649,47,6016
650,47,6016
651,47,6016
652,46,5888
653,46,5888
654,46,5888
655,47,6016
656,47,6016
657,48,6144
658,48,6144
659,48,6144
660,48,6144
661,48,6144
662,48,6144
663,47,6016
664,47,6016
665,47,6016
666,47,6016
667,47,6016
668,46,5888
669,47,6016
670,48,6144
671,48,6144
672,48,6144
673,48,6144
674,48,6144
675,48,6144
676,49,6272
677,49,6272
678,49,6272
679,49,6272
680,48,6144
681,48,6144
682,48,6144
683,49,6272
684,49,6272
685,49,6272
686,49,6272
687,48,6144
688,48,6144
689,48,6144
690,49,6272
691,48,6144
692,49,6272
693,49,6272
694,49,6272
695,49,6272
696,49,6272
697,49,6272
698,49,6272
699,49,6272
700,49,6272
701,49,6272
702,48,6144
703,48,6144
704,48,6144
705,49,6272
706,49,6272
707,50,6400
708,50,6400
709,50,6400
710,50,6400
711,50,6400
712,49,6272
713,50,6400
714,49,6272
715,49,6272
716,49,6272
717,49,6272
718,49,6272
719,49,6272
720,49,6272
721,49,6272
722,49,6272
723,49,6272
724,49,6272
725,48,6144
726,48,6144
727,48,6144
728,49,6272
729,49,6272
730,49,6272
731,49,6272
732,47,6016
733,47,6016
734,48,6144
735,47,6016
736,47,6016
737,47,6016
738,47,6016
739,47,6016
740,47,6016
741,47,6016
742,47,6016
743,47,6016
744,47,6016
745,48,6144
746,48,6144
747,49,6272
748,49,6272
749,50,6400
750,50,6400
751,51,6528
752,50,6400
753,51,6528
754,51,6528
755,51,6528
756,51,6528
757,52,6656
758,51,6528
759,50,6400
760,50,6400
761,50,6400
762,50,6400
763,49,6272
764,49,6272
765,49,6272
766,49,6272
767,49,6272
768,49,6272
769,48,6144
770,48,6144
771,48,6144
772,49,6272
773,49,6272
774,48,6144
775,48,6144
776,48,6144
777,48,6144
778,48,6144
779,48,6144
780,48,6144
781,48,6144
782,48,6144
783,48,6144
784,48,6144
785,48,6144
786,47,6016
787,47,6016
788,47,6016
789,47,6016
790,48,6144
791,48,6144
792,49,6272
793,49,6272
794,48,6144
795,48,6144
796,48,6144
797,48,6144
798,49,6272
799,48,6144
800,48,6144
801,48,6144
802,47,6016
803,48,6144
804,47,6016
805,48,6144
806,48,6144
807,47,6016
808,48,6144
809,49,6272
810,48,6144
811,48,6144
812,48,6144
813,48,6144
814,48,6144
815,48,6144
816,48,6144
817,48,6144
818,48,6144
819,48,6144
820,48,6144
821,48,6144
822,48,6144
823,48,6144
824,49,6272
825,49,6272
826,49,6272
827,49,6272
828,50,6400
829,49,6272
830,50,6400
831,50,6400
832,50,6400
833,50,6400
834,51,6528
835,51,6528
836,50,6400
837,50,6400
838,50,6400
839,51,6528
840,51,6528
841,51,6528
842,51,6528
843,51,6528
844,52,6656
845,52,6656
846,49,6272
847,50,6400
848,50,6400
849,50,6400
850,51,6528
851,51,6528
852,50,6400
853,50,6400
854,50,6400
855,49,6272
856,49,6272
857,50,6400
858,50,6400
859,50,6400
860,51,6528
861,50,6400
862,49,6272
863,50,6400
864,50,6400
865,50,6400
866,50,6400
867,50,6400
868,49,6272
869,49,6272
870,50,6400
871,50,6400
872,49,6272
873,50,6400
874,50,6400
875,50,6400
876,48,6144
877,49,6272
878,49,6272
879,49,6272
880,49,6272
881,49,6272
882,48,6144
883,48,6144
884,48,6144
885,47,6016
886,48,6144
887,48,6144
888,48,6144
889,49,6272
890,48,6144
891,48,6144
892,48,6144
893,48,6144
894,48,6144
895,47,6016
896,47,6016
897,47,6016
898,48,6144
899,48,6144
900,48,6144
901,49,6272
902,49,6272
903,50,6400
904,49,6272
905,49,6272
906,49,6272
907,49,6272
908,49,6272
909,49,6272
910,49,6272
911,48,6144
912,48,6144
913,49,6272
914,48,6144
915,48,6144
916,47,6016
917,47,6016
918,46,5888
919,47,6016
920,47,6016
921,47,6016
922,47,6016
923,47,6016
924,49,6272
925,49,6272
926,48,6144
927,48,6144
928,48,6144
929,49,6272
930,49,6272
931,48,6144
932,49,6272
933,49,6272
934,49,6272
935,50,6400
936,49,6272
937,49,6272
938,50,6400
939,50,6400
940,50,6400
941,50,6400
942,50,6400
943,50,6400
944,50,6400
945,51,6528
946,49,6272
947,49,6272
948,49,6272
949,49,6272
950,49,6272
951,49,6272
952,49,6272
953,50,6400
954,50,6400
955,50,6400
956,50,6400
957,50,6400
958,50,6400
959,50,6400
960,50,6400
961,50,6400
962,50,6400
963,50,6400
964,50,6400
965,50,6400
966,50,6400
967,50,6400
968,50,6400
969,50,6400
970,50,6400
971,50,6400
972,50,6400
973,50,6400
974,50,6400
975,51,6528
976,51,6528
977,51,6528
978,51,6528
979,51,6528
980,51,6528
981,51,6528
982,49,6272
983,49,6272
984,49,6272
985,48,6144
986,48,6144
987,48,6144
988,48,6144
989,49,6272
990,48,6144
991,48,6144
992,48,6144
993,49,6272
994,49,6272
995,50,6400
996,50,6400
997,50,6400
998,50,6400
999,50,6400
1000,50,6400
1001,50,6400
1002,50,6400
1003,49,6272
1004,49,6272
1005,49,6272
1006,51,6528
1007,51,6528
1008,51,6528
1009,51,6528
1010,52,6656
1011,50,6400
1012,50,6400
1013,49,6272
1014,49,6272
1015,49,6272
1016,49,6272
1017,49,6272
1018,50,6400
1019,49,6272
1020,50,6400
1021,50,6400
1022,50,6400
1023,50,6400
1024,50,6400
1025,50,6400
1026,50,6400
1027,49,6272
1028,49,6272
1029,47,6016
1030,47,6016
1031,47,6016
1032,47,6016
1033,47,6016
1034,47,6016
1035,46,5888
1036,46,5888
1037,46,5888
1038,47,6016
1039,47,6016
1040,47,6016
1041,47,6016
1042,47,6016
1043,47,6016
1044,47,6016
1045,47,6016
1046,47,6016
1047,47,6016
1048,47,6016
1049,47,6016
1050,48,6144
1051,48,6144
1052,48,6144
1053,48,6144
1054,48,6144
1055,48,6144
1056,47,6016
1057,47,6016
1058,48,6144
1059,47,6016
1060,48,6144
1061,48,6144
1062,48,6144
1063,48,6144
1064,48,6144
1065,49,6272
1066,49,6272
1067,49,6272
1068,49,6272
1069,49,6272
1070,49,6272
1071,48,6144
1072,48,6144
1073,48,6144
1074,48,6144
1075,48,6144
1076,49,6272
1077,50,6400
1078,51,6528
1079,51,6528
1080,50,6400
1081,50,6400
1082,50,6400
1083,50,6400
1084,50,6400
1085,50,6400
1086,50,6400
1087,51,6528
1088,50,6400
1089,50,6400
1090,50,6400
1091,50,6400
1092,50,6400
1093,50,6400
1094,50,6400
1095,51,6528
1096,51,6528
1097,51,6528
1098,51,6528
1099,50,6400
1100,50,6400
1101,50,6400
1102,50,6400
1103,50,6400
1104,50,6400
1105,50,6400
1106,50,6400
1107,50,6400
1108,50,6400
1109,52,6656
1110,51,6528
1111,51,6528
1112,49,6272
1113,49,6272
1114,49,6272
1115,46,5888
1116,47,6016
1117,47,6016
1118,47,6016
1119,46,5888
1120,46,5888
1121,46,5888
1122,47,6016
1123,46,5888
1124,46,5888
1125,46,5888
1126,46,5888
1127,46,5888
1128,47,6016
1129,47,6016
1130,47,6016
1131,47,6016
1132,46,5888
1133,46,5888
1134,46,5888
1135,46,5888
1136,46,5888
1137,46,5888
1138,47,6016
1139,47,6016
1140,48,6144
1141,47,6016
1142,46,5888
1143,47,6016
1144,47,6016
1145,47,6016
1146,47,6016
1147,47,6016
1148,49,6272
1149,47,6016
1150,48,6144
1151,48,6144
1152,48,6144
1153,47,6016
1154,48,6144
1155,47,6016
1156,48,6144
1157,48,6144
1158,48,6144
1159,48,6144
1160,48,6144
1161,48,6144
1162,48,6144
1163,48,6144
1164,48,6144
1165,48,6144
1166,49,6272
1167,49,6272
1168,48,6144
1169,48,6144
1170,48,6144
1171,48,6144
1172,48,6144
1173,48,6144
1174,48,6144
1175,47,6016
1176,47,6016
1177,48,6144
1178,48,6144
1179,48,6144
1180,48,6144
1181,49,6272
1182,49,6272
1183,49,6272
1184,48,6144
1185,49,6272
1186,48,6144
1187,48,6144
1188,48,6144
1189,49,6272
1190,49,6272
1191,48,6144
1192,49,6272
1193,49,6272
1194,49,6272
1195,49,6272
1196,49,6272
1197,49,6272
1198,50,6400
1199,50,6400
1200,51,6528
1201,51,6528
1202,49,6272
1203,49,6272
1204,49,6272
1205,48,6144
1206,48,6144
1207,48,6144
1208,48,6144
1209,48,6144
1210,49,6272
1211,49,6272
1212,49,6272
1213,50,6400
1214,51,6528
1215,51,6528
1216,51,6528
1217,51,6528
1218,50,6400
1219,50,6400
1220,50,6400
1221,49,6272
1222,49,6272
1223,50,6400
1224,50,6400
1225,50,6400
1226,50,6400
1227,50,6400
1228,50,6400
1229,50,6400
1230,50,6400
1231,50,6400
1232,50,6400
1233,48,6144
1234,48,6144
1235,49,6272
1236,49,6272
1237,49,6272
1238,50,6400
1239,50,6400
1240,50,6400
1241,51,6528
1242,51,6528
1243,51,6528
1244,50,6400
1245,49,6272
1246,47,6016
1247,47,6016
1248,47,6016
1249,47,6016
1250,47,6016
1251,47,6016
1252,48,6144
1253,48,6144
1254,48,6144
1255,49,6272
1256,48,6144
1257,49,6272
1258,50,6400
1259,50,6400
1260,50,6400
1261,50,6400
1262,50,6400
1263,49,6272
1264,49,6272
1265,49,6272
1266,49,6272
1267,49,6272
1268,49,6272
1269,49,6272
1270,49,6272
1271,49,6272
1272,50,6400
1273,50,6400
1274,49,6272
1275,49,6272
1276,50,6400
1277,50,6400
1278,50,6400
1279,49,6272
1280,49,6272
1281,50,6400
1282,50,6400
1283,51,6528
1284,51,6528
1285,51,6528
1286,50,6400
1287,50,6400
1288,50,6400
1289,50,6400
1290,50,6400
1291,50,6400
1292,50,6400
1293,50,6400
1294,50,6400
1295,50,6400
1296,51,6528
1297,50,6400
1298,50,6400
1299,50,6400
1300,51,6528
1301,51,6528
1302,51,6528
1303,51,6528
1304,51,6528
1305,51,6528
1306,49,6272
1307,50,6400
1308,50,6400
1309,51,6528
1310,49,6272
1311,49,6272
1312,50,6400
1313,50,6400
1314,50,6400
1315,49,6272
1316,49,6272
1317,50,6400
1318,50,6400
1319,49,6272
1320,50,6400
1321,50,6400
1322,50,6400
1323,50,6400
1324,49,6272
1325,50,6400
1326,50,6400
1327,49,6272
1328,49,6272
1329,49,6272
1330,48,6144
1331,49,6272
1332,49,6272
1333,49,6272
1334,48,6144
1335,48,6144
1336,49,6272
1337,49,6272
1338,49,6272
1339,50,6400
1340,49,6272
1341,48,6144
1342,48,6144
1343,49,6272
1344,49,6272
1345,49,6272
1346,49,6272
1347,50,6400
1348,50,6400
1349,50,6400
1350,50,6400
1351,50,6400
1352,51,6528
1353,51,6528
1354,51,6528
1355,50,6400
1356,50,6400
1357,51,6528
1358,50,6400
1359,49,6272
1360,50,6400
1361,50,6400
1362,49,6272
1363,49,6272
1364,50,6400
1365,50,6400
1366,50,6400
1367,51,6528
1368,49,6272
1369,50,6400
1370,49,6272
1371,50,6400
1372,50,6400
1373,50,6400
1374,50,6400
1375,50,6400
1376,51,6528
1377,51,6528
1378,51,6528
1379,50,6400
1380,50,6400
1381,50,6400
1382,50,6400
1383,50,6400
1384,50,6400
1385,50,6400
1386,49,6272
1387,49,6272
1388,49,6272
1389,49,6272
1390,49,6272
1391,48,6144
1392,49,6272
1393,49,6272
1394,49,6272
1395,49,6272
1396,50,6400
1397,50,6400
1398,50,6400
1399,50,6400
1400,50,6400
1401,50,6400
1402,51,6528
1403,50,6400
1404,50,6400
1405,49,6272
1406,49,6272
1407,49,6272
1408,50,6400
1409,49,6272
1410,50,6400
1411,50,6400
1412,49,6272
1413,50,6400
1414,49,6272
1415,49,6272
1416,49,6272
1417,49,6272
1418,49,6272
1419,51,6528
1420,51,6528
1421,50,6400
1422,50,6400
1423,50,6400
1424,50,6400
1425,50,6400
1426,50,6400
1427,51,6528
1428,50,6400
1429,50,6400
1430,51,6528
1431,51,6528
1432,51,6528
1433,51,6528
1434,51,6528
1435,51,6528
1436,50,6400
1437,51,6528
1438,50,6400
1439,50,6400
1440,51,6528
1441,51,6528
1442,51,6528
1443,51,6528
1444,50,6400
1445,50,6400
1446,50,6400
1447,50,6400
1448,49,6272
1449,49,6272
1450,50,6400
1451,50,6400
1452,50,6400
1453,50,6400
1454,50,6400
1455,51,6528
1456,50,6400
1457,50,6400
1458,50,6400
1459,50,6400
1460,50,6400
1461,51,6528
1462,51,6528
1463,51,6528
1464,51,6528
1465,51,6528
1466,52,6656
1467,51,6528
1468,51,6528
1469,50,6400
1470,50,6400
1471,50,6400
1472,50,6400
1473,50,6400
1474,50,6400
1475,49,6272
1476,49,6272
1477,49,6272
1478,49,6272
1479,50,6400
1480,49,6272
1481,49,6272
1482,48,6144
1483,48,6144
1484,48,6144
1485,48,6144
1486,48,6144
1487,48,6144
1488,49,6272
1489,49,6272
1490,50,6400
1491,50,6400
1492,48,6144
1493,48,6144
1494,48,6144
1495,48,6144
1496,48,6144
1497,48,6144
1498,48,6144
1499,49,6272
1500,48,6144
1501,48,6144
1502,48,6144
1503,48,6144
1504,48,6144
1505,49,6272
1506,49,6272
1507,49,6272
1508,49,6272
1509,49,6272
1510,49,6272
1511,50,6400
1512,50,6400
1513,50,6400
1514,50,6400
1515,50,6400
1516,50,6400
1517,51,6528
1518,51,6528
1519,51,6528
1520,51,6528
1521,50,6400
1522,50,6400
1523,52,6656
1524,50,6400
1525,51,6528
1526,50,6400
1527,50,6400
1528,51,6528
1529,51,6528
1530,51,6528
1531,52,6656
1532,52,6656
1533,50,6400
1534,50,6400
1535,50,6400
1536,50,6400
1537,50,6400
1538,49,6272
1539,49,6272
1540,49,6272
1541,49,6272
1542,50,6400
1543,50,6400
1544,50,6400
1545,50,6400
1546,50,6400
1547,49,6272
1548,49,6272
1549,49,6272
1550,49,6272
1551,50,6400
1552,49,6272
1553,49,6272
1554,49,6272
1555,49,6272
1556,51,6528
1557,49,6272
1558,49,6272
1559,50,6400
1560,49,6272
1561,48,6144
1562,48,6144
1563,48,6144
1564,49,6272
1565,49,6272
1566,48,6144
1567,47,6016
1568,48,6144
1569,48,6144
1570,48,6144
1571,48,6144
1572,49,6272
1573,48,6144
1574,49,6272
1575,48,6144
1576,48,6144
1577,49,6272
1578,50,6400
1579,49,6272
1580,49,6272
1581,49,6272
1582,49,6272
1583,49,6272
1584,49,6272
1585,51,6528
1586,51,6528
1587,51,6528
1588,51,6528
1589,51,6528
1590,50,6400
1591,50,6400
1592,49,6272
1593,48,6144
1594,48,6144
1595,48,6144
1596,48,6144
1597,48,6144
1598,48,6144
1599,49,6272
1600,48,6144
1601,48,6144
1602,48,6144
1603,48,6144
1604,48,6144
1605,47,6016
1606,48,6144
1607,48,6144
1608,48,6144
1609,48,6144
1610,48,6144
1611,48,6144
1612,49,6272
1613,49,6272
1614,49,6272
1615,48,6144
1616,48,6144
1617,48,6144
1618,48,6144
1619,48,6144
1620,48,6144
1621,48,6144
1622,48,6144
1623,48,6144
1624,48,6144
1625,48,6144
1626,48,6144
1627,48,6144
1628,49,6272
1629,49,6272
1630,49,6272
1631,49,6272
1632,49,6272
1633,49,6272
1634,50,6400
1635,50,6400
1636,50,6400
1637,50,6400
1638,49,6272
1639,50,6400
1640,49,6272
1641,50,6400
1642,49,6272
1643,49,6272
1644,49,6272
1645,49,6272
1646,49,6272
1647,48,6144
1648,48,6144
1649,48,6144
1650,48,6144
1651,48,6144
1652,48,6144
1653,48,6144
1654,48,6144
1655,48,6144
1656,48,6144
1657,47,6016
1658,47,6016
1659,47,6016
1660,47,6016
1661,48,6144
1662,48,6144
1663,48,6144
1664,48,6144
1665,48,6144
1666,48,6144
1667,48,6144
1668,48,6144
1669,49,6272
1670,49,6272
1671,49,6272
1672,49,6272
1673,49,6272
1674,49,6272
1675,50,6400
1676,50,6400
1677,51,6528
1678,52,6656
1679,52,6656
1680,52,6656
1681,51,6528
1682,51,6528
1683,52,6656
1684,52,6656
1685,52,6656
1686,52,6656
1687,52,6656
1688,52,6656
1689,51,6528
1690,52,6656
1691,52,6656
1692,51,6528
1693,51,6528
1694,51,6528
1695,51,6528
1696,50,6400
1697,50,6400
1698,49,6272
1699,50,6400
1700,50,6400
1701,49,6272
1702,49,6272
1703,49,6272
1704,49,6272
1705,49,6272
1706,49,6272
1707,49,6272
1708,50,6400
1709,50,6400
1710,51,6528
1711,51,6528
1712,51,6528
1713,52,6656
1714,50,6400
1715,51,6528
1716,51,6528
1717,51,6528
1718,51,6528
1719,53,6784
1720,51,6528
1721,52,6656
1722,49,6272
1723,49,6272
1724,49,6272
1725,49,6272
1726,49,6272
1727,49,6272
1728,49,6272
1729,49,6272
1730,50,6400
1731,50,6400
1732,49,6272
1733,49,6272
1734,49,6272
1735,49,6272
1736,50,6400
1737,50,6400
1738,49,6272
1739,50,6400
1740,50,6400
1741,49,6272
1742,49,6272
1743,49,6272
1744,49,6272
1745,48,6144
1746,48,6144
1747,48,6144
1748,48,6144
1749,48,6144
1750,48,6144
1751,47,6016
1752,48,6144
1753,48,6144
1754,48,6144
1755,48,6144
1756,48,6144
1757,49,6272
1758,49,6272
1759,49,6272
1760,49,6272
1761,50,6400
1762,51,6528
1763,51,6528
1764,49,6272
1765,49,6272
1766,49,6272
1767,49,6272
1768,49,6272
1769,50,6400
1770,49,6272
1771,49,6272
1772,49,6272
1773,50,6400
1774,50,6400
1775,50,6400
1776,50,6400
1777,50,6400
1778,50,6400
1779,51,6528
1780,51,6528
1781,51,6528
1782,51,6528
1783,52,6656
1784,50,6400
1785,50,6400
1786,50,6400
1787,50,6400
1788,50,6400
1789,50,6400
1790,51,6528
1791,51,6528
1792,51,6528
1793,51,6528
1794,51,6528
1795,51,6528
1796,51,6528
1797,51,6528
1798,51,6528
1799,51,6528
1800,51,6528
1801,51,6528
1802,51,6528
1803,50,6400
1804,50,6400
1805,51,6528
1806,51,6528
1807,49,6272
1808,50,6400
1809,50,6400
1810,49,6272
1811,49,6272
1812,49,6272
1813,49,6272
1814,49,6272
1815,48,6144
1816,48,6144
1817,47,6016
1818,47,6016
1819,47,6016
1820,47,6016
1821,47,6016
1822,47,6016
1823,47,6016
1824,47,6016
1825,47,6016
1826,46,5888
1827,46,5888
1828,47,6016
1829,46,5888
1830,46,5888
1831,46,5888
1832,46,5888
1833,46,5888
1834,47,6016
1835,47,6016
1836,47,6016
1837,48,6144
1838,47,6016
1839,47,6016
1840,48,6144
1841,47,6016
1842,47,6016
1843,48,6144
1844,48,6144
1845,49,6272
1846,49,6272
1847,50,6400
1848,49,6272
1849,49,6272
1850,49,6272
1851,49,6272
1852,49,6272
1853,49,6272
1854,49,6272
1855,50,6400
1856,50,6400
1857,49,6272
1858,49,6272
1859,49,6272
1860,49,6272
1861,50,6400
1862,50,6400
1863,50,6400
1864,50,6400
1865,50,6400
1866,50,6400
1867,49,6272
1868,49,6272
1869,48,6144
1870,48,6144
1871,48,6144
1872,48,6144
1873,50,6400
1874,48,6144
1875,48,6144
1876,48,6144
1877,47,6016
1878,47,6016
1879,47,6016
1880,48,6144
1881,48,6144
1882,48,6144
1883,48,6144
1884,50,6400
1885,48,6144
1886,49,6272
1887,49,6272
1888,49,6272
1889,48,6144
1890,48,6144
1891,48,6144
1892,49,6272
1893,49,6272
1894,49,6272
1895,47,6016
1896,46,5888
1897,46,5888
1898,47,6016
1899,47,6016
1900,47,6016
1901,47,6016
1902,47,6016
1903,46,5888
1904,46,5888
1905,47,6016
1906,47,6016
1907,47,6016
1908,47,6016
1909,48,6144
1910,49,6272
1911,48,6144
1912,48,6144
1913,48,6144
1914,48,6144
1915,48,6144
1916,48,6144
1917,48,6144
1918,48,6144
1919,48,6144
1920,48,6144
1921,48,6144
1922,48,6144
1923,48,6144
1924,48,6144
1925,48,6144
1926,48,6144
1927,48,6144
1928,48,6144
1929,49,6272
1930,49,6272
1931,49,6272
1932,49,6272
1933,49,6272
1934,49,6272
1935,49,6272
1936,50,6400
1937,50,6400
1938,50,6400
1939,50,6400
1940,50,6400
1941,50,6400
1942,50,6400
1943,50,6400
1944,49,6272
1945,49,6272
1946,48,6144
1947,48,6144
1948,48,6144
1949,49,6272
1950,48,6144
1951,48,6144
1952,48,6144
1953,48,6144
1954,48,6144
1955,48,6144
1956,48,6144
1957,48,6144
1958,46,5888
1959,47,6016
1960,47,6016
1961,47,6016
1962,47,6016
1963,47,6016
1964,48,6144
1965,48,6144
1966,49,6272
1967,49,6272
1968,48,6144
1969,48,6144
1970,48,6144
1971,48,6144
1972,48,6144
1973,48,6144
1974,48,6144
1975,48,6144
1976,49,6272
1977,48,6144
1978,48,6144
1979,48,6144
1980,48,6144
1981,48,6144
1982,48,6144
1983,49,6272
1984,49,6272
1985,49,6272
1986,49,6272
1987,49,6272
1988,49,6272
1989,50,6400
1990,50,6400
1991,50,6400
1992,50,6400
1993,51,6528
1994,51,6528
1995,51,6528
1996,52,6656
1997,51,6528
1998,53,6784
1999,53,6784
2000,53,6784
