RandomSeed,68837,Population size:128,Bit Length:64,Crossover Rate:0,Mutation Rate:0.005
gen,BestFitness,FitnessEval
1,45,5760
2,45,5760
3,43,5504
4,43,5504
5,43,5504
6,44,5632
7,44,5632
8,44,5632
9,44,5632
10,44,5632
11,44,5632
12,44,5632
13,44,5632
14,44,5632
15,44,5632
16,44,5632
17,43,5504
18,43,5504
19,44,5632
20,44,5632
21,44,5632
22,44,5632
23,44,5632
24,46,5888
25,46,5888
26,46,5888
27,43,5504
28,44,5632
29,44,5632
30,45,5760
31,45,5760
32,45,5760
33,45,5760
34,46,5888
35,46,5888
36,45,5760
37,45,5760
38,45,5760
39,45,5760
40,45,5760
41,44,5632
42,44,5632
43,44,5632
44,45,5760
45,45,5760
46,45,5760
47,45,5760
48,45,5760
49,46,5888
50,46,5888
51,46,5888
52,46,5888
53,46,5888
54,46,5888
55,45,5760
56,44,5632
57,44,5632
58,45,5760
59,46,5888
60,46,5888
61,45,5760
62,45,5760
63,46,5888
64,46,5888
65,47,6016
66,46,5888
67,47,6016
68,46,5888
69,47,6016
70,47,6016
71,46,5888
72,46,5888
73,46,5888
74,45,5760
75,45,5760
76,45,5760
77,45,5760
78,46,5888
79,46,5888
80,46,5888
81,46,5888
82,46,5888
83,46,5888
84,47,6016
85,46,5888
86,46,5888
87,46,5888
88,46,5888
89,46,5888
90,45,5760
91,45,5760
92,45,5760
93,46,5888
94,46,5888
95,46,5888
96,47,6016
97,47,6016
98,48,6144
99,48,6144
100,48,6144
101,47,6016
102,47,6016
103,47,6016
104,48,6144
105,48,6144
106,48,6144
107,48,6144
108,49,6272
109,49,6272
110,49,6272
111,49,6272
112,50,6400
113,51,6528
114,51,6528
115,50,6400
116,51,6528
117,52,6656
118,51,6528
119,51,6528
120,51,6528
121,51,6528
122,52,6656
123,52,6656
124,50,6400
125,50,6400
126,50,6400
127,50,6400
128,50,6400
129,50,6400
130,50,6400
131,50,6400
132,51,6528
133,51,6528
134,51,6528
135,51,6528
136,52,6656
137,52,6656
138,52,6656
139,51,6528
140,50,6400
141,50,6400
142,50,6400
143,50,6400
144,50,6400
145,51,6528
146,50,6400
147,50,6400
148,50,6400
149,50,6400
150,50,6400
151,50,6400
152,50,6400
153,50,6400
154,50,6400
155,51,6528
156,50,6400
157,50,6400
158,50,6400
159,50,6400
160,50,6400
161,50,6400
162,50,6400
163,50,6400
164,49,6272
165,49,6272
166,49,6272
167,49,6272
168,49,6272
169,49,6272
170,49,6272
171,49,6272
172,49,6272
173,49,6272
174,49,6272
175,50,6400
176,50,6400
177,50,6400
178,50,6400
179,50,6400
180,50,6400
181,51,6528
182,51,6528
183,52,6656
184,52,6656
185,52,6656
186,52,6656
187,52,6656
188,53,6784
189,53,6784
190,53,6784
191,53,6784
192,53,6784
193,51,6528
194,52,6656
195,52,6656
196,52,6656
197,52,6656
198,52,6656
199,52,6656
200,53,6784
201,52,6656
202,51,6528
203,51,6528
204,51,6528
205,53,6784
206,51,6528
207,51,6528
208,51,6528
209,51,6528
210,51,6528
211,51,6528
212,51,6528
213,51,6528
214,51,6528
215,51,6528
216,51,6528
217,51,6528
218,51,6528
219,51,6528
220,51,6528
221,51,6528
222,51,6528
223,51,6528
224,51,6528
225,52,6656
226,52,6656
227,52,6656
228,52,6656
229,53,6784
230,52,6656
231,52,6656
232,52,6656
233,52,6656
234,51,6528
235,52,6656
236,52,6656
237,52,6656
238,53,6784
239,53,6784
240,53,6784
241,53,6784
242,53,6784
243,53,6784
244,53,6784
245,53,6784
246,53,6784
247,53,6784
248,53,6784
249,53,6784
250,53,6784
251,53,6784
252,53,6784
253,53,6784
254,53,6784
255,52,6656
256,52,6656
257,53,6784
258,53,6784
259,51,6528
260,50,6400
261,51,6528
262,51,6528
263,51,6528
264,50,6400
265,51,6528
266,51,6528
267,50,6400
268,50,6400
269,50,6400
270,51,6528
271,51,6528
272,51,6528
273,52,6656
274,52,6656
275,52,6656
276,51,6528
277,51,6528
278,51,6528
279,51,6528
280,50,6400
281,50,6400
282,50,6400
283,50,6400
284,50,6400
285,50,6400
286,50,6400
287,51,6528
288,50,6400
289,51,6528
290,50,6400
291,50,6400
292,51,6528
293,51,6528
294,51,6528
295,51,6528
296,51,6528
297,51,6528
298,51,6528
299,51,6528
300,51,6528
301,52,6656
302,52,6656
303,51,6528
304,51,6528
305,51,6528
306,51,6528
307,51,6528
308,51,6528
309,51,6528
310,51,6528
311,52,6656
312,52,6656
313,52,6656
314,52,6656
315,52,6656
316,53,6784
317,53,6784
318,53,6784
319,52,6656
320,52,6656
321,52,6656
322,52,6656
323,52,6656
324,52,6656
325,52,6656
326,53,6784
327,52,6656
328,52,6656
329,53,6784
330,53,6784
331,54,6912
332,54,6912
333,54,6912
334,52,6656
335,52,6656
336,52,6656
337,52,6656
338,53,6784
339,52,6656
340,53,6784
341,52,6656
342,51,6528
343,51,6528
344,51,6528
345,50,6400
346,50,6400
347,50,6400
348,51,6528
349,50,6400
350,50,6400
351,50,6400
352,50,6400
353,50,6400
354,50,6400
355,50,6400
356,50,6400
357,50,6400
358,50,6400
359,50,6400
360,50,6400
361,50,6400
362,50,6400
363,50,6400
364,50,6400
365,50,6400
366,51,6528
367,50,6400
368,50,6400
369,50,6400
370,50,6400
371,49,6272
372,48,6144
373,48,6144
374,48,6144
375,49,6272
376,49,6272
377,50,6400
378,50,6400
379,49,6272
380,49,6272
381,49,6272
382,50,6400
383,49,6272
384,48,6144
385,48,6144
386,49,6272
387,50,6400
388,49,6272
389,49,6272
390,49,6272
391,49,6272
392,49,6272
393,49,6272
394,49,6272
395,49,6272
396,49,6272
397,50,6400
398,51,6528
399,52,6656
400,52,6656
401,49,6272
402,49,6272
403,48,6144
404,48,6144
405,48,6144
406,48,6144
407,49,6272
408,48,6144
409,48,6144
410,48,6144
411,48,6144
412,48,6144
413,48,6144
414,48,6144
415,48,6144
416,48,6144
417,48,6144
418,48,6144
419,49,6272
420,48,6144
421,48,6144
422,49,6272
423,49,6272
424,49,6272
425,49,6272
426,49,6272
427,50,6400
428,50,6400
429,50,6400
430,49,6272
431,49,6272
432,50,6400
433,49,6272
434,49,6272
435,50,6400
436,50,6400
437,51,6528
438,51,6528
439,50,6400
440,50,6400
441,51,6528
442,50,6400
443,50,6400
444,50,6400
445,50,6400
446,49,6272
447,50,6400
448,50,6400
449,50,6400
450,50,6400
451,50,6400
452,50,6400
453,50,6400
454,51,6528
455,52,6656
456,50,6400
457,51,6528
458,51,6528
459,51,6528
460,51,6528
461,51,6528
462,51,6528
463,52,6656
464,52,6656
465,52,6656
466,52,6656
467,52,6656
468,51,6528
469,51,6528
470,52,6656
471,52,6656
472,52,6656
473,51,6528
474,51,6528
475,51,6528
476,52,6656
477,52,6656
478,52,6656
479,51,6528
480,52,6656
481,51,6528
482,51,6528
483,51,6528
484,52,6656
485,52,6656
486,52,6656
487,52,6656
488,52,6656
489,51,6528
490,51,6528
491,51,6528
492,52,6656
493,52,6656
494,50,6400
495,50,6400
496,50,6400
497,50,6400
498,49,6272
499,50,6400
500,50,6400
501,50,6400
502,50,6400
503,50,6400
504,50,6400
505,50,6400
506,50,6400
507,51,6528
508,50,6400
509,50,6400
510,51,6528
511,51,6528
512,49,6272
513,49,6272
514,50,6400
515,50,6400
516,50,6400
517,50,6400
518,49,6272
519,49,6272
520,49,6272
521,49,6272
522,49,6272
523,50,6400
524,50,6400
525,50,6400
526,49,6272
527,49,6272
528,49,6272
529,50,6400
530,50,6400
531,50,6400
532,51,6528
533,51,6528
534,52,6656
535,52,6656
536,51,6528
537,51,6528
538,52,6656
539,52,6656
540,51,6528
541,49,6272
542,49,6272
543,49,6272
544,49,6272
545,49,6272
546,49,6272
547,49,6272
548,49,6272
549,49,6272
550,49,6272
551,49,6272
552,49,6272
553,49,6272
554,49,6272
555,49,6272
556,48,6144
557,48,6144
558,48,6144
559,48,6144
560,47,6016
561,47,6016
562,47,6016
563,47,6016
564,47,6016
565,47,6016
566,47,6016
567,47,6016
568,47,6016
569,48,6144
570,47,6016
571,47,6016
572,47,6016
573,48,6144
574,49,6272
575,49,6272
576,49,6272
577,49,6272
578,48,6144
579,48,6144
580,48,6144
581,48,6144
582,48,6144
583,48,6144
584,48,6144
585,48,6144
586,49,6272
587,49,6272
588,49,6272
589,49,6272
590,48,6144
591,48,6144
592,48,6144
593,48,6144
594,48,6144
595,48,6144
596,47,6016
597,47,6016
598,48,6144
599,48,6144
600,47,6016
601,47,6016
602,48,6144
603,49,6272
604,49,6272
605,50,6400
606,50,6400
607,50,6400
608,50,6400
609,50,6400
610,49,6272
611,49,6272
612,49,6272
613,49,6272
614,49,6272
615,49,6272
616,50,6400
617,50,6400
618,50,6400
619,50,6400
620,50,6400
621,51,6528
622,51,6528
623,50,6400
624,51,6528
625,52,6656
626,50,6400
627,50,6400
628,50,6400
629,51,6528
630,50,6400
631,50,6400
632,50,6400
633,51,6528
634,52,6656
635,52,6656
636,51,6528
637,51,6528
638,52,6656
639,51,6528
640,50,6400
641,50,6400
642,51,6528
643,51,6528
644,51,6528
645,51,6528
646,51,6528
647,51,6528
648,51,6528
649,50,6400
650,50,6400
651,50,6400
652,50,6400
653,50,6400
654,50,6400
655,50,6400
656,49,6272
657,49,6272
658,49,6272
659,49,6272
660,49,6272
661,50,6400
662,50,6400
663,51,6528
664,51,6528
665,50,6400
666,50,6400
667,50,6400
668,51,6528
669,51,6528
670,51,6528
671,50,6400
672,50,6400
673,50,6400
674,50,6400
675,50,6400
676,49,6272
677,49,6272
678,50,6400
679,50,6400
680,50,6400
681,50,6400
682,47,6016
683,47,6016
684,48,6144
685,47,6016
686,47,6016
687,47,6016
688,47,6016
689,49,6272
690,49,6272
691,48,6144
692,47,6016
693,47,6016
694,48,6144
695,48,6144
696,48,6144
697,49,6272
698,50,6400
699,50,6400
700,51,6528
701,51,6528
702,50,6400
703,50,6400
704,49,6272
705,49,6272
706,49,6272
707,49,6272
708,49,6272
709,49,6272
710,49,6272
711,49,6272
712,49,6272
713,49,6272
714,49,6272
715,49,6272
716,49,6272
717,49,6272
718,49,6272
719,49,6272
720,49,6272
721,49,6272
722,50,6400
723,50,6400
724,48,6144
725,49,6272
726,49,6272
727,49,6272
728,50,6400
729,50,6400
730,50,6400
731,50,6400
732,50,6400
733,50,6400
734,50,6400
735,50,6400
736,50,6400
737,51,6528
738,52,6656
739,52,6656
740,52,6656
741,52,6656
742,52,6656
743,52,6656
744,52,6656
745,52,6656
746,52,6656
747,52,6656
748,52,6656
749,52,6656
750,52,6656
751,53,6784
752,52,6656
753,54,6912
754,54,6912
755,54,6912
756,51,6528
757,51,6528
758,51,6528
759,51,6528
760,51,6528
761,51,6528
762,51,6528
763,51,6528
764,51,6528
765,51,6528
766,51,6528
767,50,6400
768,50,6400
769,50,6400
770,50,6400
771,51,6528
772,50,6400
773,50,6400
774,51,6528
775,50,6400
776,51,6528
777,50,6400
778,50,6400
779,50,6400
780,51,6528
781,50,6400
782,50,6400
783,50,6400
784,49,6272
785,49,6272
786,50,6400
787,52,6656
788,52,6656
789,52,6656
790,52,6656
791,52,6656
792,52,6656
793,52,6656
794,52,6656
795,52,6656
796,52,6656
797,52,6656
798,47,6016
799,48,6144
800,49,6272
801,49,6272
802,50,6400
803,50,6400
804,50,6400
805,50,6400
806,50,6400
807,50,6400
808,50,6400
809,50,6400
810,51,6528
811,51,6528
812,51,6528
813,51,6528
814,51,6528
815,50,6400
816,50,6400
817,50,6400
818,50,6400
819,51,6528
820,51,6528
821,52,6656
822,52,6656
823,52,6656
824,52,6656
825,52,6656
826,52,6656
827,50,6400
828,50,6400
829,50,6400
830,51,6528
831,51,6528
832,51,6528
833,51,6528
834,51,6528
835,51,6528
836,51,6528
837,51,6528
838,51,6528
839,51,6528
840,51,6528
841,51,6528
842,52,6656
843,51,6528
844,51,6528
845,51,6528
846,51,6528
847,51,6528
848,51,6528
849,51,6528
850,51,6528
851,51,6528
852,51,6528
853,51,6528
854,51,6528
855,51,6528
856,51,6528
857,51,6528
858,51,6528
859,50,6400
860,52,6656
861,52,6656
862,52,6656
863,53,6784
864,53,6784
865,53,6784
866,53,6784
867,53,6784
868,52,6656
869,52,6656
870,52,6656
871,52,6656
872,52,6656
873,53,6784
874,52,6656
875,53,6784
876,52,6656
877,51,6528
878,51,6528
879,51,6528
880,51,6528
881,51,6528
882,51,6528
883,52,6656
884,52,6656
885,51,6528
886,51,6528
887,50,6400
888,50,6400
889,50,6400
890,50,6400
891,50,6400
892,50,6400
893,51,6528
894,50,6400
895,50,6400
896,50,6400
897,50,6400
898,51,6528
899,51,6528
900,51,6528
901,51,6528
902,51,6528
903,52,6656
904,52,6656
905,52,6656
906,51,6528
907,52,6656
908,52,6656
909,52,6656
910,52,6656
911,52,6656
912,52,6656
913,52,6656
914,53,6784
915,53,6784
916,53,6784
917,53,6784
918,53,6784
919,53,6784
920,53,6784
921,53,6784
922,53,6784
923,53,6784
924,52,6656
925,52,6656
926,52,6656
927,52,6656
928,52,6656
929,52,6656
930,54,6912
931,53,6784
932,53,6784
933,53,6784
934,53,6784
935,53,6784
936,51,6528
937,51,6528
938,51,6528
939,52,6656
940,52,6656
941,52,6656
942,52,6656
943,52,6656
944,52,6656
945,52,6656
946,52,6656
947,51,6528
948,51,6528
949,51,6528
950,51,6528
951,51,6528
952,51,6528
953,51,6528
954,52,6656
955,52,6656
956,51,6528
957,50,6400
958,51,6528
959,51,6528
960,51,6528
961,51,6528
962,52,6656
963,52,6656
964,52,6656
965,52,6656
966,52,6656
967,53,6784
968,50,6400
969,50,6400
970,50,6400
971,50,6400
972,49,6272
973,49,6272
974,50,6400
975,49,6272
976,49,6272
977,49,6272
978,48,6144
979,48,6144
980,48,6144
981,49,6272
982,49,6272
983,49,6272
984,49,6272
985,49,6272
986,49,6272
987,49,6272
988,50,6400
989,49,6272
990,49,6272
991,49,6272
992,49,6272
993,49,6272
994,50,6400
995,50,6400
996,50,6400
997,51,6528
998,51,6528
999,52,6656
1000,52,6656
1001,49,6272
1002,49,6272
1003,50,6400
1004,50,6400
1005,49,6272
1006,49,6272
1007,50,6400
1008,50,6400
1009,49,6272
1010,49,6272
1011,49,6272
1012,49,6272
1013,49,6272
1014,51,6528
1015,51,6528
1016,49,6272
1017,49,6272
1018,49,6272
1019,49,6272
1020,49,6272
1021,49,6272
1022,49,6272
1023,48,6144
1024,48,6144
1025,48,6144
1026,48,6144
1027,49,6272
1028,48,6144
1029,48,6144
1030,48,6144
1031,48,6144
1032,49,6272
1033,50,6400
1034,50,6400
1035,49,6272
1036,48,6144
1037,48,6144
1038,49,6272
1039,49,6272
1040,49,6272
1041,49,6272
1042,49,6272
1043,49,6272
1044,49,6272
1045,49,6272
1046,49,6272
1047,50,6400
1048,50,6400
1049,50,6400
1050,50,6400
1051,50,6400
1052,50,6400
1053,50,6400
1054,49,6272
1055,49,6272
1056,49,6272
1057,49,6272
1058,49,6272
1059,48,6144
1060,48,6144
1061,48,6144
1062,48,6144
1063,48,6144
1064,48,6144
1065,49,6272
1066,49,6272
1067,48,6144
1068,48,6144
1069,48,6144
1070,47,6016
1071,47,6016
1072,48,6144
1073,48,6144
1074,48,6144
1075,48,6144
1076,48,6144
1077,48,6144
1078,48,6144
1079,48,6144
1080,48,6144
1081,48,6144
1082,47,6016
1083,47,6016
1084,47,6016
1085,47,6016
1086,47,6016
1087,47,6016
1088,46,5888
1089,46,5888
1090,46,5888
1091,46,5888
1092,45,5760
1093,45,5760
1094,46,5888
1095,46,5888
1096,47,6016
1097,47,6016
1098,47,6016
1099,46,5888
1100,47,6016
1101,46,5888
1102,46,5888
1103,46,5888
1104,46,5888
1105,47,6016
1106,47,6016
1107,47,6016
1108,47,6016
1109,47,6016
1110,47,6016
1111,47,6016
1112,47,6016
1113,48,6144
1114,48,6144
1115,46,5888
1116,46,5888
1117,45,5760
1118,46,5888
1119,46,5888
1120,46,5888
1121,46,5888
1122,46,5888
1123,46,5888
1124,46,5888
1125,46,5888
1126,47,6016
1127,47,6016
1128,47,6016
1129,47,6016
1130,47,6016
1131,48,6144
1132,49,6272
1133,49,6272
1134,49,6272
1135,49,6272
1136,46,5888
1137,47,6016
1138,47,6016
1139,47,6016
1140,47,6016
1141,47,6016
1142,47,6016
1143,48,6144
1144,47,6016
1145,47,6016
1146,47,6016
1147,48,6144
1148,48,6144
1149,49,6272
1150,49,6272
1151,49,6272
1152,49,6272
1153,49,6272
1154,50,6400
1155,51,6528
1156,51,6528
1157,50,6400
1158,50,6400
1159,50,6400
1160,51,6528
1161,49,6272
1162,49,6272
1163,49,6272
1164,49,6272
1165,50,6400
1166,50,6400
1167,50,6400
1168,48,6144
1169,49,6272
1170,49,6272
1171,49,6272
1172,49,6272
1173,49,6272
1174,50,6400
1175,50,6400
1176,50,6400
1177,50,6400
1178,49,6272
1179,49,6272
1180,49,6272
1181,49,6272
1182,49,6272
1183,49,6272
1184,48,6144
1185,48,6144
1186,49,6272
1187,49,6272
1188,49,6272
1189,51,6528
1190,51,6528
1191,49,6272
1192,49,6272
1193,49,6272
1194,49,6272
1195,50,6400
1196,50,6400
1197,49,6272
1198,49,6272
1199,49,6272
1200,49,6272
1201,49,6272
1202,49,6272
1203,49,6272
1204,48,6144
1205,48,6144
1206,48,6144
1207,48,6144
1208,48,6144
1209,49,6272
1210,49,6272
1211,49,6272
1212,48,6144
1213,48,6144
1214,47,6016
1215,48,6144
1216,48,6144
1217,47,6016
1218,47,6016
1219,47,6016
1220,47,6016
1221,47,6016
1222,47,6016
1223,47,6016
1224,47,6016
1225,47,6016
1226,47,6016
1227,47,6016
1228,47,6016
1229,48,6144
1230,46,5888
1231,46,5888
1232,45,5760
1233,44,5632
1234,44,5632
1235,44,5632
1236,45,5760
1237,46,5888
1238,46,5888
1239,46,5888
1240,46,5888
1241,45,5760
1242,45,5760
1243,45,5760
1244,45,5760
1245,44,5632
1246,44,5632
1247,45,5760
1248,44,5632
1249,45,5760
1250,45,5760
1251,44,5632
1252,45,5760
1253,44,5632
1254,45,5760
1255,45,5760
1256,45,5760
1257,45,5760
1258,45,5760
1259,46,5888
1260,45,5760
1261,45,5760
1262,46,5888
1263,45,5760
1264,46,5888
1265,46,5888
1266,46,5888
1267,46,5888
1268,47,6016
1269,47,6016
1270,47,6016
1271,47,6016
1272,48,6144
1273,48,6144
1274,48,6144
1275,48,6144
1276,48,6144
1277,48,6144
1278,48,6144
1279,48,6144
1280,48,6144
1281,49,6272
1282,49,6272
1283,49,6272
1284,49,6272
1285,49,6272
1286,49,6272
1287,49,6272
1288,49,6272
1289,50,6400
1290,49,6272
1291,49,6272
1292,48,6144
1293,49,6272
1294,49,6272
1295,49,6272
1296,49,6272
1297,49,6272
1298,48,6144
1299,49,6272
1300,48,6144
1301,48,6144
1302,49,6272
1303,49,6272
1304,49,6272
1305,49,6272
1306,50,6400
1307,49,6272
1308,50,6400
1309,50,6400
1310,51,6528
1311,51,6528
1312,51,6528
1313,51,6528
1314,51,6528
1315,51,6528
1316,51,6528
1317,51,6528
1318,51,6528
1319,51,6528
1320,51,6528
1321,50,6400
1322,50,6400
1323,50,6400
1324,50,6400
1325,49,6272
1326,49,6272
1327,50,6400
1328,50,6400
1329,50,6400
1330,50,6400
1331,50,6400
1332,51,6528
1333,51,6528
1334,51,6528
1335,51,6528
1336,51,6528
1337,49,6272
1338,49,6272
1339,49,6272
1340,50,6400
1341,50,6400
1342,50,6400
1343,49,6272
1344,50,6400
1345,49,6272
1346,50,6400
1347,50,6400
1348,50,6400
1349,50,6400
1350,49,6272
1351,50,6400
1352,49,6272
1353,51,6528
1354,52,6656
1355,52,6656
1356,52,6656
1357,52,6656
1358,52,6656
1359,52,6656
1360,52,6656
1361,52,6656
1362,52,6656
1363,52,6656
1364,52,6656
1365,51,6528
1366,51,6528
1367,51,6528
1368,51,6528
1369,51,6528
1370,51,6528
1371,51,6528
1372,50,6400
1373,51,6528
1374,51,6528
1375,52,6656
1376,52,6656
1377,52,6656
1378,52,6656
1379,52,6656
1380,52,6656
1381,52,6656
1382,52,6656
1383,52,6656
1384,53,6784
1385,54,6912
1386,54,6912
1387,54,6912
1388,54,6912
1389,55,7040
1390,53,6784
1391,53,6784
1392,53,6784
1393,53,6784
1394,53,6784
1395,53,6784
1396,53,6784
1397,53,6784
1398,53,6784
1399,53,6784
1400,53,6784
1401,53,6784
1402,53,6784
1403,53,6784
1404,53,6784
1405,54,6912
1406,54,6912
1407,53,6784
1408,53,6784
1409,53,6784
1410,53,6784
1411,54,6912
1412,54,6912
1413,54,6912
1414,54,6912
1415,54,6912
1416,54,6912
1417,54,6912
1418,54,6912
1419,54,6912
1420,54,6912
1421,54,6912
1422,54,6912
1423,54,6912
1424,54,6912
1425,53,6784
1426,53,6784
1427,53,6784
1428,53,6784
1429,53,6784
1430,53,6784
1431,53,6784
1432,53,6784
1433,54,6912
1434,54,6912
1435,54,6912
1436,53,6784
1437,54,6912
1438,53,6784
1439,53,6784
1440,53,6784
1441,54,6912
1442,54,6912
1443,53,6784
1444,54,6912
1445,54,6912
1446,54,6912
1447,54,6912
1448,54,6912
1449,54,6912
1450,54,6912
1451,54,6912
1452,55,7040
1453,55,7040
1454,55,7040
1455,54,6912
1456,54,6912
1457,55,7040
1458,56,7168
1459,56,7168
1460,57,7296
1461,57,7296
1462,56,7168
1463,55,7040
1464,54,6912
1465,54,6912
1466,54,6912
1467,54,6912
1468,53,6784
1469,54,6912
1470,54,6912
1471,54,6912
1472,54,6912
1473,54,6912
1474,54,6912
1475,54,6912
1476,54,6912
1477,54,6912
1478,54,6912
1479,55,7040
1480,54,6912
1481,54,6912
1482,55,7040
1483,55,7040
1484,55,7040
1485,55,7040
1486,55,7040
1487,55,7040
1488,55,7040
1489,56,7168
1490,55,7040
1491,55,7040
1492,55,7040
1493,53,6784
1494,52,6656
1495,52,6656
1496,52,6656
1497,52,6656
1498,52,6656
1499,52,6656
1500,52,6656
1501,52,6656
1502,52,6656
1503,52,6656
1504,52,6656
1505,52,6656
1506,52,6656
1507,52,6656
1508,51,6528
1509,51,6528
1510,51,6528
1511,51,6528
1512,51,6528
1513,51,6528
1514,51,6528
1515,50,6400
1516,50,6400
1517,50,6400
1518,50,6400
1519,50,6400
1520,51,6528
1521,51,6528
1522,50,6400
1523,50,6400
1524,50,6400
1525,50,6400
1526,50,6400
1527,51,6528
1528,50,6400
1529,50,6400
1530,50,6400
1531,50,6400
1532,50,6400
1533,50,6400
1534,50,6400
1535,50,6400
1536,50,6400
1537,50,6400
1538,50,6400
1539,49,6272
1540,50,6400
1541,50,6400
1542,50,6400
1543,50,6400
1544,51,6528
1545,51,6528
1546,52,6656
1547,52,6656
1548,52,6656
1549,52,6656
1550,52,6656
1551,52,6656
1552,52,6656
1553,52,6656
1554,53,6784
1555,53,6784
1556,53,6784
1557,53,6784
1558,53,6784
1559,53,6784
1560,54,6912
1561,54,6912
1562,54,6912
1563,54,6912
1564,54,6912
1565,54,6912
1566,54,6912
1567,53,6784
1568,53,6784
1569,53,6784
1570,51,6528
1571,51,6528
1572,51,6528
1573,51,6528
1574,51,6528
1575,51,6528
1576,51,6528
1577,51,6528
1578,51,6528
1579,51,6528
1580,51,6528
1581,51,6528
1582,50,6400
1583,50,6400
1584,50,6400
1585,50,6400
1586,50,6400
1587,51,6528
1588,51,6528
1589,51,6528
1590,51,6528
1591,51,6528
1592,51,6528
1593,50,6400
1594,51,6528
1595,50,6400
1596,50,6400
1597,51,6528
1598,51,6528
1599,51,6528
1600,51,6528
1601,51,6528
1602,51,6528
1603,50,6400
1604,50,6400
1605,51,6528
1606,50,6400
1607,50,6400
1608,51,6528
1609,51,6528
1610,50,6400
1611,50,6400
1612,50,6400
1613,50,6400
1614,50,6400
1615,49,6272
1616,49,6272
1617,49,6272
1618,49,6272
1619,49,6272
1620,50,6400
1621,50,6400
1622,52,6656
1623,52,6656
1624,52,6656
1625,49,6272
1626,49,6272
1627,49,6272
1628,49,6272
1629,49,6272
1630,49,6272
1631,49,6272
1632,50,6400
1633,50,6400
1634,50,6400
1635,50,6400
1636,49,6272
1637,49,6272
1638,49,6272
1639,49,6272
1640,49,6272
1641,49,6272
1642,49,6272
1643,49,6272
1644,50,6400
1645,50,6400
1646,50,6400
1647,50,6400
1648,51,6528
1649,50,6400
1650,51,6528
1651,51,6528
1652,51,6528
1653,52,6656
1654,52,6656
1655,53,6784
1656,52,6656
1657,52,6656
1658,52,6656
1659,52,6656
1660,52,6656
1661,52,6656
1662,52,6656
1663,52,6656
1664,52,6656
1665,52,6656
1666,52,6656
1667,52,6656
1668,52,6656
1669,52,6656
1670,52,6656
1671,52,6656
1672,52,6656
1673,53,6784
1674,52,6656
1675,53,6784
1676,53,6784
1677,52,6656
1678,52,6656
1679,52,6656
1680,52,6656
1681,52,6656
1682,52,6656
1683,51,6528
1684,52,6656
1685,51,6528
1686,51,6528
1687,51,6528
1688,51,6528
1689,51,6528
1690,51,6528
1691,51,6528
1692,51,6528
1693,50,6400
1694,50,6400
1695,50,6400
1696,50,6400
1697,48,6144
1698,49,6272
1699,48,6144
1700,48,6144
1701,48,6144
1702,48,6144
1703,48,6144
1704,48,6144
1705,48,6144
1706,47,6016
1707,47,6016
1708,47,6016
1709,47,6016
1710,48,6144
1711,49,6272
1712,49,6272
1713,49,6272
1714,49,6272
1715,49,6272
1716,48,6144
1717,48,6144
1718,46,5888
1719,46,5888
1720,47,6016
1721,48,6144
1722,48,6144
1723,48,6144
1724,47,6016
1725,47,6016
1726,47,6016
1727,46,5888
1728,47,6016
1729,47,6016
1730,47,6016
1731,46,5888
1732,47,6016
1733,47,6016
1734,47,6016
1735,47,6016
1736,47,6016
1737,47,6016
1738,47,6016
1739,47,6016
1740,47,6016
1741,47,6016
1742,47,6016
1743,47,6016
1744,47,6016
1745,47,6016
1746,48,6144
1747,47,6016
1748,47,6016
1749,47,6016
1750,47,6016
1751,48,6144
1752,48,6144
1753,47,6016
1754,47,6016
1755,47,6016
1756,46,5888
1757,46,5888
1758,47,6016
1759,47,6016
1760,47,6016
1761,46,5888
1762,46,5888
1763,46,5888
1764,47,6016
1765,47,6016
1766,47,6016
1767,48,6144
1768,47,6016
1769,47,6016
1770,48,6144
1771,48,6144
1772,48,6144
1773,48,6144
1774,48,6144
1775,48,6144
1776,49,6272
1777,49,6272
1778,50,6400
1779,50,6400
1780,50,6400
1781,50,6400
1782,50,6400
1783,50,6400
1784,50,6400
1785,51,6528
1786,51,6528
1787,52,6656
1788,50,6400
1789,50,6400
1790,48,6144
1791,48,6144
1792,49,6272
1793,49,6272
1794,49,6272
1795,49,6272
1796,49,6272
1797,50,6400
1798,50,6400
1799,49,6272
1800,49,6272
1801,49,6272
1802,49,6272
1803,49,6272
1804,50,6400
1805,50,6400
1806,49,6272
1807,50,6400
1808,50,6400
1809,48,6144
1810,49,6272
1811,49,6272
1812,49,6272
1813,49,6272
1814,49,6272
1815,49,6272
1816,49,6272
1817,49,6272
1818,49,6272
1819,49,6272
1820,49,6272
1821,50,6400
1822,50,6400
1823,49,6272
1824,49,6272
1825,49,6272
1826,49,6272
1827,49,6272
1828,49,6272
1829,49,6272
1830,49,6272
1831,49,6272
1832,49,6272
1833,49,6272
1834,49,6272
1835,48,6144
1836,48,6144
1837,48,6144
1838,48,6144
1839,49,6272
1840,49,6272
1841,49,6272
1842,49,6272
1843,50,6400
1844,50,6400
1845,50,6400
1846,50,6400
1847,50,6400
1848,50,6400
1849,50,6400
1850,51,6528
1851,51,6528
1852,51,6528
1853,51,6528
1854,51,6528
1855,51,6528
1856,51,6528
1857,50,6400
1858,49,6272
1859,49,6272
1860,47,6016
1861,48,6144
1862,47,6016
1863,47,6016
1864,48,6144
1865,47,6016
1866,47,6016
1867,47,6016
1868,47,6016
1869,47,6016
1870,47,6016
1871,47,6016
1872,47,6016
1873,49,6272
1874,48,6144
1875,47,6016
1876,47,6016
1877,48,6144
1878,48,6144
1879,48,6144
1880,48,6144
1881,49,6272
1882,49,6272
1883,49,6272
1884,50,6400
1885,49,6272
1886,49,6272
1887,49,6272
1888,45,5760
1889,45,5760
1890,45,5760
1891,45,5760
1892,45,5760
1893,45,5760
1894,46,5888
1895,46,5888
1896,46,5888
1897,46,5888
1898,47,6016
1899,47,6016
1900,47,6016
1901,47,6016
1902,48,6144
1903,48,6144
1904,46,5888
1905,47,6016
1906,47,6016
1907,48,6144
1908,48,6144
1909,48,6144
1910,48,6144
1911,48,6144
1912,48,6144
1913,50,6400
1914,50,6400
1915,50,6400
1916,49,6272
1917,48,6144
1918,47,6016
1919,48,6144
1920,48,6144
1921,48,6144
1922,48,6144
1923,48,6144
1924,49,6272
1925,49,6272
1926,49,6272
1927,49,6272
1928,47,6016
1929,48,6144
1930,48,6144
1931,48,6144
1932,48,6144
1933,48,6144
1934,49,6272
1935,48,6144
1936,48,6144
1937,48,6144
1938,48,6144
1939,48,6144
1940,49,6272
1941,48,6144
1942,49,6272
1943,49,6272
1944,49,6272
1945,49,6272
1946,49,6272
1947,49,6272
1948,49,6272
1949,49,6272
1950,49,6272
1951,49,6272
1952,50,6400
1953,50,6400
1954,51,6528
1955,51,6528
1956,51,6528
1957,51,6528
1958,52,6656
1959,52,6656
1960,52,6656
1961,53,6784
1962,53,6784
1963,53,6784
1964,53,6784
1965,53,6784
1966,53,6784
1967,53,6784
1968,53,6784
1969,53,6784
1970,53,6784
1971,53,6784
1972,53,6784
1973,53,6784
1974,52,6656
1975,52,6656
1976,52,6656
1977,52,6656
1978,52,6656
1979,53,6784
1980,53,6784
1981,53,6784
1982,52,6656
1983,52,6656
1984,53,6784
1985,53,6784
1986,53,6784
1987,53,6784
1988,53,6784
1989,53,6784
1990,53,6784
1991,53,6784
1992,53,6784
1993,53,6784
1994,53,6784
1995,53,6784
1996,53,6784
1997,53,6784
1998,54,6912
1999,54,6912
2000,54,6912
