RandomSeed,51080,Population size:128,Bit Length:64,Crossover Rate:0,Mutation Rate:0.005
gen,BestFitness,FitnessEval
1,44,5632
2,44,5632
3,44,5632
4,44,5632
5,44,5632
6,44,5632
7,45,5760
8,46,5888
9,46,5888
10,46,5888
11,46,5888
12,46,5888
13,45,5760
14,46,5888
15,46,5888
16,44,5632
17,44,5632
18,45,5760
19,45,5760
20,43,5504
21,43,5504
22,44,5632
23,43,5504
24,43,5504
25,45,5760
26,44,5632
27,45,5760
28,45,5760
29,45,5760
30,46,5888
31,46,5888
32,46,5888
33,47,6016
34,47,6016
35,47,6016
36,47,6016
37,49,6272
38,49,6272
39,49,6272
40,49,6272
41,48,6144
42,48,6144
43,48,6144
44,48,6144
45,48,6144
46,48,6144
47,48,6144
48,48,6144
49,49,6272
50,49,6272
51,50,6400
52,50,6400
53,50,6400
54,51,6528
55,50,6400
56,49,6272
57,49,6272
58,49,6272
59,46,5888
60,43,5504
61,44,5632
62,43,5504
63,43,5504
64,44,5632
65,45,5760
66,44,5632
67,44,5632
68,44,5632
69,44,5632
70,44,5632
71,43,5504
72,44,5632
73,43,5504
74,43,5504
75,43,5504
76,43,5504
77,44,5632
78,43,5504
79,44,5632
80,43,5504
81,44,5632
82,44,5632
83,44,5632
84,45,5760
85,44,5632
86,44,5632
87,44,5632
88,43,5504
89,43,5504
90,43,5504
91,44,5632
92,44,5632
93,45,5760
94,45,5760
95,45,5760
96,45,5760
97,45,5760
98,46,5888
99,46,5888
100,46,5888
101,47,6016
102,45,5760
103,46,5888
104,46,5888
105,46,5888
106,45,5760
107,45,5760
108,46,5888
109,46,5888
110,46,5888
111,46,5888
112,46,5888
113,46,5888
114,46,5888
115,48,6144
116,47,6016
117,47,6016
118,47,6016
119,47,6016
120,47,6016
121,46,5888
122,46,5888
123,46,5888
124,46,5888
125,46,5888
126,47,6016
127,47,6016
128,48,6144
129,47,6016
130,47,6016
131,47,6016
132,47,6016
133,48,6144
134,48,6144
135,48,6144
136,48,6144
137,47,6016
138,47,6016
139,47,6016
140,47,6016
141,47,6016
142,47,6016
143,47,6016
144,47,6016
145,47,6016
146,47,6016
147,47,6016
148,48,6144
149,48,6144
150,49,6272
151,48,6144
152,46,5888
153,46,5888
154,46,5888
155,46,5888
156,47,6016
157,47,6016
158,47,6016
159,47,6016
160,46,5888
161,46,5888
162,46,5888
163,46,5888
164,47,6016
165,47,6016
166,47,6016
167,47,6016
168,47,6016
169,47,6016
170,47,6016
171,47,6016
172,47,6016
173,47,6016
174,47,6016
175,47,6016
176,47,6016
177,47,6016
178,48,6144
179,48,6144
180,48,6144
181,48,6144
182,48,6144
183,48,6144
184,49,6272
185,49,6272
186,49,6272
187,49,6272
188,50,6400
189,50,6400
190,50,6400
191,51,6528
192,51,6528
193,51,6528
194,51,6528
195,52,6656
196,52,6656
197,51,6528
198,51,6528
199,51,6528
200,51,6528
201,51,6528
202,50,6400
203,49,6272
204,49,6272
205,49,6272
206,49,6272
207,49,6272
208,49,6272
209,50,6400
210,50,6400
211,49,6272
212,49,6272
213,50,6400
214,50,6400
215,50,6400
216,51,6528
217,50,6400
218,50,6400
219,50,6400
220,50,6400
221,50,6400
222,50,6400
223,50,6400
224,50,6400
225,49,6272
226,49,6272
227,49,6272
228,49,6272
229,49,6272
230,49,6272
231,49,6272
232,49,6272
233,50,6400
234,50,6400
235,50,6400
236,50,6400
237,51,6528
238,51,6528
239,51,6528
240,51,6528
241,51,6528
242,50,6400
243,50,6400
244,50,6400
245,50,6400
246,49,6272
247,49,6272
248,49,6272
249,49,6272
250,49,6272
251,49,6272
252,48,6144
253,48,6144
254,49,6272
255,49,6272
256,49,6272
257,49,6272
258,49,6272
259,49,6272
260,49,6272
261,49,6272
262,50,6400
263,49,6272
264,49,6272
265,49,6272
266,49,6272
267,50,6400
268,50,6400
269,50,6400
270,50,6400
271,48,6144
272,47,6016
273,47,6016
274,47,6016
275,48,6144
276,48,6144
277,48,6144
278,48,6144
279,48,6144
280,49,6272
281,49,6272
282,49,6272
283,49,6272
284,50,6400
285,51,6528
286,51,6528
287,51,6528
288,51,6528
289,51,6528
290,51,6528
291,51,6528
292,51,6528
293,50,6400
294,50,6400
295,50,6400
296,51,6528
297,51,6528
298,51,6528
299,51,6528
300,51,6528
301,51,6528
302,51,6528
303,51,6528
304,50,6400
305,51,6528
306,52,6656
307,51,6528
308,50,6400
309,49,6272
310,49,6272
311,49,6272
312,48,6144
313,48,6144
314,48,6144
315,49,6272
316,49,6272
317,49,6272
318,46,5888
319,46,5888
320,46,5888
321,46,5888
322,47,6016
323,47,6016
324,47,6016
325,47,6016
326,48,6144
327,47,6016
328,47,6016
329,47,6016
330,47,6016
331,47,6016
332,47,6016
333,46,5888
334,46,5888
335,46,5888
336,46,5888
337,46,5888
338,46,5888
339,46,5888
340,47,6016
341,47,6016
342,46,5888
343,47,6016
344,47,6016
345,47,6016
346,47,6016
347,47,6016
348,47,6016
349,46,5888
350,47,6016
351,46,5888
352,46,5888
353,46,5888
354,46,5888
355,47,6016
356,46,5888
357,46,5888
358,46,5888
359,46,5888
360,46,5888
361,46,5888
362,46,5888
363,47,6016
364,47,6016
365,46,5888
366,46,5888
367,46,5888
368,46,5888
369,46,5888
370,46,5888
371,46,5888
372,47,6016
373,47,6016
374,47,6016
375,47,6016
376,47,6016
377,47,6016
378,47,6016
379,46,5888
380,47,6016
381,47,6016
382,47,6016
383,47,6016
384,48,6144
385,47,6016
386,47,6016
387,47,6016
388,47,6016
389,47,6016
390,47,6016
391,47,6016
392,48,6144
393,47,6016
394,47,6016
395,47,6016
396,47,6016
397,47,6016
398,47,6016
399,48,6144
400,47,6016
401,47,6016
402,48,6144
403,48,6144
404,48,6144
405,47,6016
406,47,6016
407,47,6016
408,47,6016
409,47,6016
410,47,6016
411,47,6016
412,47,6016
413,47,6016
414,47,6016
415,47,6016
416,47,6016
417,47,6016
418,47,6016
419,47,6016
420,47,6016
421,47,6016
422,47,6016
423,47,6016
424,48,6144
425,48,6144
426,48,6144
427,48,6144
428,49,6272
429,49,6272
430,49,6272
431,49,6272
432,49,6272
433,49,6272
434,49,6272
435,50,6400
436,50,6400
437,49,6272
438,49,6272
439,50,6400
440,50,6400
441,49,6272
442,49,6272
443,49,6272
444,49,6272
445,49,6272
446,50,6400
447,50,6400
448,50,6400
449,51,6528
450,48,6144
451,47,6016
452,47,6016
453,47,6016
454,47,6016
455,47,6016
456,48,6144
457,47,6016
458,48,6144
459,49,6272
460,48,6144
461,48,6144
462,49,6272
463,49,6272
464,50,6400
465,50,6400
466,50,6400
467,49,6272
468,49,6272
469,49,6272
470,49,6272
471,49,6272
472,48,6144
473,47,6016
474,47,6016
475,47,6016
476,47,6016
477,48,6144
478,47,6016
479,47,6016
480,47,6016
481,47,6016
482,46,5888
483,46,5888
484,47,6016
485,47,6016
486,48,6144
487,47,6016
488,48,6144
489,47,6016
490,46,5888
491,47,6016
492,47,6016
493,48,6144
494,48,6144
495,48,6144
496,47,6016
497,48,6144
498,48,6144
499,47,6016
500,47,6016
501,47,6016
502,47,6016
503,47,6016
504,47,6016
505,47,6016
506,48,6144
507,46,5888
508,45,5760
509,46,5888
510,47,6016
511,44,5632
512,44,5632
513,44,5632
514,44,5632
515,44,5632
516,44,5632
517,44,5632
518,44,5632
519,44,5632
520,45,5760
521,44,5632
522,43,5504
523,43,5504
524,44,5632
525,44,5632
526,44,5632
527,44,5632
528,44,5632
529,44,5632
530,44,5632
531,45,5760
532,45,5760
533,45,5760
534,45,5760
535,45,5760
536,45,5760
537,45,5760
538,45,5760
539,44,5632
540,44,5632
541,44,5632
542,43,5504
543,44,5632
544,44,5632
545,45,5760
546,45,5760
547,44,5632
548,45,5760
549,45,5760
550,45,5760
551,45,5760
552,45,5760
553,46,5888
554,46,5888
555,46,5888
556,46,5888
557,47,6016
558,47,6016
559,47,6016
560,47,6016
561,47,6016
562,46,5888
563,47,6016
564,46,5888
565,46,5888
566,48,6144
567,48,6144
568,47,6016
569,47,6016
570,47,6016
571,48,6144
572,47,6016
573,47,6016
574,47,6016
575,47,6016
576,47,6016
577,47,6016
578,47,6016
579,47,6016
580,47,6016
581,47,6016
582,48,6144
583,48,6144
584,47,6016
585,47,6016
586,47,6016
587,47,6016
588,47,6016
589,47,6016
590,47,6016
591,48,6144
592,48,6144
593,48,6144
594,48,6144
595,48,6144
596,47,6016
597,47,6016
598,47,6016
599,47,6016
600,48,6144
601,46,5888
602,46,5888
603,47,6016
604,47,6016
605,47,6016
606,47,6016
607,47,6016
608,47,6016
609,47,6016
610,47,6016
611,46,5888
612,46,5888
613,46,5888
614,46,5888
615,46,5888
616,46,5888
617,47,6016
618,47,6016
619,47,6016
620,47,6016
621,47,6016
622,48,6144
623,47,6016
624,46,5888
625,46,5888
626,46,5888
627,46,5888
628,46,5888
629,46,5888
630,47,6016
631,46,5888
632,48,6144
633,48,6144
634,48,6144
635,48,6144
636,49,6272
637,49,6272
638,49,6272
639,48,6144
640,48,6144
641,47,6016
642,47,6016
643,47,6016
644,47,6016
645,48,6144
646,48,6144
647,49,6272
648,49,6272
649,48,6144
650,48,6144
651,48,6144
652,48,6144
653,48,6144
654,48,6144
655,48,6144
656,48,6144
657,48,6144
658,49,6272
659,49,6272
660,49,6272
661,48,6144
662,49,6272
663,49,6272
664,49,6272
665,49,6272
666,49,6272
667,48,6144
668,48,6144
669,48,6144
670,48,6144
671,48,6144
672,48,6144
673,48,6144
674,45,5760
675,45,5760
676,46,5888
677,46,5888
678,46,5888
679,46,5888
680,46,5888
681,46,5888
682,47,6016
683,47,6016
684,47,6016
685,48,6144
686,47,6016
687,47,6016
688,48,6144
689,48,6144
690,48,6144
691,48,6144
692,48,6144
693,48,6144
694,48,6144
695,48,6144
696,48,6144
697,48,6144
698,48,6144
699,49,6272
700,47,6016
701,47,6016
702,47,6016
703,47,6016
704,48,6144
705,48,6144
706,48,6144
707,48,6144
708,47,6016
709,47,6016
710,46,5888
711,45,5760
712,45,5760
713,45,5760
714,46,5888
715,45,5760
716,45,5760
717,45,5760
718,46,5888
719,46,5888
720,46,5888
721,46,5888
722,47,6016
723,47,6016
724,47,6016
725,46,5888
726,47,6016
727,46,5888
728,47,6016
729,46,5888
730,46,5888
731,47,6016
732,47,6016
733,46,5888
734,46,5888
735,46,5888
736,46,5888
737,48,6144
738,48,6144
739,46,5888
740,45,5760
741,45,5760
742,45,5760
743,45,5760
744,45,5760
745,46,5888
746,46,5888
747,46,5888
748,46,5888
749,46,5888
750,46,5888
751,47,6016
752,47,6016
753,45,5760
754,46,5888
755,46,5888
756,46,5888
757,46,5888
758,47,6016
759,45,5760
760,46,5888
761,46,5888
762,46,5888
763,46,5888
764,46,5888
765,45,5760
766,45,5760
767,45,5760
768,45,5760
769,45,5760
770,45,5760
771,46,5888
772,44,5632
773,45,5760
774,45,5760
775,45,5760
776,46,5888
777,46,5888
778,45,5760
779,46,5888
780,45,5760
781,44,5632
782,45,5760
783,45,5760
784,45,5760
785,45,5760
786,45,5760
787,46,5888
788,44,5632
789,45,5760
790,44,5632
791,44,5632
792,44,5632
793,45,5760
794,45,5760
795,44,5632
796,45,5760
797,45,5760
798,45,5760
799,45,5760
800,45,5760
801,45,5760
802,45,5760
803,46,5888
804,46,5888
805,47,6016
806,47,6016
807,47,6016
808,47,6016
809,45,5760
810,45,5760
811,45,5760
812,45,5760
813,45,5760
814,45,5760
815,45,5760
816,45,5760
817,46,5888
818,46,5888
819,46,5888
820,46,5888
821,47,6016
822,48,6144
823,47,6016
824,46,5888
825,47,6016
826,47,6016
827,47,6016
828,47,6016
829,45,5760
830,45,5760
831,46,5888
832,46,5888
833,45,5760
834,46,5888
835,45,5760
836,46,5888
837,48,6144
838,46,5888
839,46,5888
840,46,5888
841,46,5888
842,46,5888
843,46,5888
844,46,5888
845,46,5888
846,46,5888
847,46,5888
848,46,5888
849,46,5888
850,47,6016
851,47,6016
852,47,6016
853,47,6016
854,48,6144
855,47,6016
856,48,6144
857,47,6016
858,48,6144
859,48,6144
860,49,6272
861,49,6272
862,49,6272
863,48,6144
864,48,6144
865,49,6272
866,49,6272
867,50,6400
868,50,6400
869,50,6400
870,50,6400
871,50,6400
872,51,6528
873,51,6528
874,51,6528
875,51,6528
876,51,6528
877,50,6400
878,50,6400
879,49,6272
880,49,6272
881,49,6272
882,49,6272
883,49,6272
884,49,6272
885,49,6272
886,49,6272
887,49,6272
888,49,6272
889,49,6272
890,49,6272
891,49,6272
892,49,6272
893,49,6272
894,49,6272
895,49,6272
896,48,6144
897,48,6144
898,48,6144
899,49,6272
900,49,6272
901,49,6272
902,49,6272
903,49,6272
904,49,6272
905,49,6272
906,50,6400
907,49,6272
908,49,6272
909,49,6272
910,50,6400
911,50,6400
912,51,6528
913,50,6400
914,50,6400
915,51,6528
916,51,6528
917,51,6528
918,51,6528
919,51,6528
920,50,6400
921,50,6400
922,50,6400
923,50,6400
924,50,6400
925,50,6400
926,50,6400
927,50,6400
928,50,6400
929,50,6400
930,50,6400
931,50,6400
932,50,6400
933,48,6144
934,48,6144
935,48,6144
936,48,6144
937,48,6144
938,48,6144
939,49,6272
940,49,6272
941,49,6272
942,49,6272
943,49,6272
944,50,6400
945,50,6400
946,51,6528
947,50,6400
948,51,6528
949,51,6528
950,51,6528
951,51,6528
952,51,6528
953,51,6528
954,52,6656
955,52,6656
956,50,6400
957,50,6400
958,50,6400
959,50,6400
960,51,6528
961,51,6528
962,51,6528
963,51,6528
964,50,6400
965,50,6400
966,50,6400
967,50,6400
968,49,6272
969,50,6400
970,49,6272
971,49,6272
972,50,6400
973,49,6272
974,49,6272
975,50,6400
976,50,6400
977,50,6400
978,51,6528
979,51,6528
980,51,6528
981,51,6528
982,51,6528
983,51,6528
984,51,6528
985,52,6656
986,51,6528
987,51,6528
988,52,6656
989,52,6656
990,51,6528
991,51,6528
992,51,6528
993,51,6528
994,50,6400
995,50,6400
996,50,6400
997,51,6528
998,51,6528
999,51,6528
1000,51,6528
1001,50,6400
1002,51,6528
1003,51,6528
1004,51,6528
1005,49,6272
1006,49,6272
1007,50,6400
1008,50,6400
1009,51,6528
1010,50,6400
1011,49,6272
1012,49,6272
1013,49,6272
1014,50,6400
1015,49,6272
1016,50,6400
1017,50,6400
1018,50,6400
1019,50,6400
1020,50,6400
1021,50,6400
1022,50,6400
1023,49,6272
1024,50,6400
1025,50,6400
1026,50,6400
1027,50,6400
1028,51,6528
1029,51,6528
1030,51,6528
1031,48,6144
1032,48,6144
1033,48,6144
1034,48,6144
1035,48,6144
1036,49,6272
1037,49,6272
1038,49,6272
1039,49,6272
1040,49,6272
1041,50,6400
1042,50,6400
1043,50,6400
1044,50,6400
1045,50,6400
1046,50,6400
1047,50,6400
1048,49,6272
1049,50,6400
1050,50,6400
1051,50,6400
1052,49,6272
1053,49,6272
1054,49,6272
1055,51,6528
1056,51,6528
1057,52,6656
1058,51,6528
1059,51,6528
1060,51,6528
1061,51,6528
1062,52,6656
1063,52,6656
1064,52,6656
1065,53,6784
1066,53,6784
1067,53,6784
1068,52,6656
1069,53,6784
1070,53,6784
1071,53,6784
1072,53,6784
1073,54,6912
1074,53,6784
1075,53,6784
1076,53,6784
1077,53,6784
1078,52,6656
1079,52,6656
1080,52,6656
1081,52,6656
1082,52,6656
1083,53,6784
1084,53,6784
1085,53,6784
1086,55,7040
1087,55,7040
1088,54,6912
1089,51,6528
1090,51,6528
1091,51,6528
1092,51,6528
1093,51,6528
1094,51,6528
1095,51,6528
1096,51,6528
1097,51,6528
1098,51,6528
1099,50,6400
1100,50,6400
1101,50,6400
1102,50,6400
1103,50,6400
1104,50,6400
1105,50,6400
1106,50,6400
1107,49,6272
1108,50,6400
1109,50,6400
1110,49,6272
1111,49,6272
1112,49,6272
1113,49,6272
1114,48,6144
1115,49,6272
1116,49,6272
1117,48,6144
1118,48,6144
1119,48,6144
1120,49,6272
1121,49,6272
1122,49,6272
1123,49,6272
1124,49,6272
1125,49,6272
1126,49,6272
1127,48,6144
1128,48,6144
1129,48,6144
1130,48,6144
1131,48,6144
1132,48,6144
1133,48,6144
1134,48,6144
1135,48,6144
1136,49,6272
1137,48,6144
1138,48,6144
1139,48,6144
1140,48,6144
1141,48,6144
1142,49,6272
1143,49,6272
1144,49,6272
1145,50,6400
1146,50,6400
1147,50,6400
1148,50,6400
1149,49,6272
1150,49,6272
1151,49,6272
1152,49,6272
1153,48,6144
1154,48,6144
1155,49,6272
1156,48,6144
1157,48,6144
1158,48,6144
1159,48,6144
1160,48,6144
1161,49,6272
1162,49,6272
1163,49,6272
1164,49,6272
1165,49,6272
1166,49,6272
1167,50,6400
1168,50,6400
1169,50,6400
1170,50,6400
1171,50,6400
1172,49,6272
1173,49,6272
1174,49,6272
1175,49,6272
1176,49,6272
1177,49,6272
1178,50,6400
1179,49,6272
1180,49,6272
1181,49,6272
1182,49,6272
1183,49,6272
1184,49,6272
1185,49,6272
1186,50,6400
1187,50,6400
1188,50,6400
1189,50,6400
1190,50,6400
1191,50,6400
1192,50,6400
1193,50,6400
1194,50,6400
1195,50,6400
1196,50,6400
1197,50,6400
1198,51,6528
1199,51,6528
1200,50,6400
1201,48,6144
1202,48,6144
1203,50,6400
1204,50,6400
1205,49,6272
1206,49,6272
1207,48,6144
1208,48,6144
1209,48,6144
1210,48,6144
1211,49,6272
1212,49,6272
1213,49,6272
1214,49,6272
1215,49,6272
1216,49,6272
1217,50,6400
1218,50,6400
1219,50,6400
1220,50,6400
1221,50,6400
1222,50,6400
1223,50,6400
1224,50,6400
1225,50,6400
1226,51,6528
1227,50,6400
1228,50,6400
1229,50,6400
1230,50,6400
1231,49,6272
1232,49,6272
1233,50,6400
1234,50,6400
1235,49,6272
1236,49,6272
1237,49,6272
1238,50,6400
1239,50,6400
1240,50,6400
1241,51,6528
1242,51,6528
1243,51,6528
1244,51,6528
1245,50,6400
1246,51,6528
1247,49,6272
1248,49,6272
1249,49,6272
1250,49,6272
1251,48,6144
1252,49,6272
1253,49,6272
1254,50,6400
1255,50,6400
1256,50,6400
1257,50,6400
1258,49,6272
1259,48,6144
1260,48,6144
1261,48,6144
1262,48,6144
1263,48,6144
1264,49,6272
1265,48,6144
1266,48,6144
1267,48,6144
1268,48,6144
1269,48,6144
1270,48,6144
1271,48,6144
1272,49,6272
1273,49,6272
1274,49,6272
1275,49,6272
1276,50,6400
1277,50,6400
1278,50,6400
1279,51,6528
1280,51,6528
1281,51,6528
1282,49,6272
1283,49,6272
1284,49,6272
1285,49,6272
1286,50,6400
1287,51,6528
1288,50,6400
1289,49,6272
1290,49,6272
1291,50,6400
1292,50,6400
1293,50,6400
1294,50,6400
1295,51,6528
1296,50,6400
1297,50,6400
1298,50,6400
1299,51,6528
1300,51,6528
1301,51,6528
1302,51,6528
1303,50,6400
1304,50,6400
1305,50,6400
1306,50,6400
1307,50,6400
1308,51,6528
1309,51,6528
1310,51,6528
1311,50,6400
1312,50,6400
1313,51,6528
1314,49,6272
1315,49,6272
1316,49,6272
1317,50,6400
1318,50,6400
1319,50,6400
1320,50,6400
1321,51,6528
1322,51,6528
1323,51,6528
1324,52,6656
1325,51,6528
1326,51,6528
1327,50,6400
1328,51,6528
1329,50,6400
1330,50,6400
1331,50,6400
1332,50,6400
1333,50,6400
1334,51,6528
1335,51,6528
1336,50,6400
1337,50,6400
1338,50,6400
1339,50,6400
1340,50,6400
1341,50,6400
1342,50,6400
1343,50,6400
1344,50,6400
1345,50,6400
1346,50,6400
1347,50,6400
1348,50,6400
1349,51,6528
1350,51,6528
1351,51,6528
1352,51,6528
1353,51,6528
1354,51,6528
1355,51,6528
1356,51,6528
1357,50,6400
1358,51,6528
1359,50,6400
1360,49,6272
1361,50,6400
1362,50,6400
1363,50,6400
1364,49,6272
1365,49,6272
1366,49,6272
1367,49,6272
1368,49,6272
1369,49,6272
1370,50,6400
1371,50,6400
1372,50,6400
1373,50,6400
1374,50,6400
1375,50,6400
1376,50,6400
1377,50,6400
1378,50,6400
1379,50,6400
1380,50,6400
1381,50,6400
1382,50,6400
1383,50,6400
1384,50,6400
1385,49,6272
1386,49,6272
1387,50,6400
1388,50,6400
1389,50,6400
1390,50,6400
1391,50,6400
1392,50,6400
1393,50,6400
1394,50,6400
1395,51,6528
1396,51,6528
1397,52,6656
1398,52,6656
1399,52,6656
1400,52,6656
1401,49,6272
1402,48,6144
1403,48,6144
1404,49,6272
1405,49,6272
1406,49,6272
1407,49,6272
1408,49,6272
1409,49,6272
1410,49,6272
1411,48,6144
1412,48,6144
1413,48,6144
1414,48,6144
1415,49,6272
1416,49,6272
1417,49,6272
1418,49,6272
1419,51,6528
1420,51,6528
1421,51,6528
1422,51,6528
1423,52,6656
1424,52,6656
1425,51,6528
1426,51,6528
1427,52,6656
1428,52,6656
1429,52,6656
1430,53,6784
1431,51,6528
1432,51,6528
1433,52,6656
1434,51,6528
1435,51,6528
1436,51,6528
1437,51,6528
1438,51,6528
1439,51,6528
1440,51,6528
1441,52,6656
1442,51,6528
1443,51,6528
1444,51,6528
1445,51,6528
1446,51,6528
1447,50,6400
1448,51,6528
1449,51,6528
1450,50,6400
1451,51,6528
1452,51,6528
1453,51,6528
1454,52,6656
1455,52,6656
1456,52,6656
1457,52,6656
1458,52,6656
1459,52,6656
1460,52,6656
1461,52,6656
1462,52,6656
1463,52,6656
1464,52,6656
1465,52,6656
1466,52,6656
1467,52,6656
1468,52,6656
1469,52,6656
1470,52,6656
1471,52,6656
1472,51,6528
1473,51,6528
1474,51,6528
1475,52,6656
1476,52,6656
1477,50,6400
1478,50,6400
1479,51,6528
1480,51,6528
1481,52,6656
1482,51,6528
1483,51,6528
1484,51,6528
1485,51,6528
1486,51,6528
1487,51,6528
1488,51,6528
1489,51,6528
1490,51,6528
1491,51,6528
1492,50,6400
1493,50,6400
1494,50,6400
1495,50,6400
1496,50,6400
1497,50,6400
1498,52,6656
1499,51,6528
1500,51,6528
1501,51,6528
1502,51,6528
1503,51,6528
1504,51,6528
1505,51,6528
1506,51,6528
1507,51,6528
1508,51,6528
1509,50,6400
1510,50,6400
1511,50,6400
1512,50,6400
1513,49,6272
1514,50,6400
1515,50,6400
1516,49,6272
1517,49,6272
1518,50,6400
1519,50,6400
1520,49,6272
1521,49,6272
1522,49,6272
1523,49,6272
1524,49,6272
1525,49,6272
1526,49,6272
1527,50,6400
1528,49,6272
1529,50,6400
1530,50,6400
1531,50,6400
1532,50,6400
1533,50,6400
1534,50,6400
1535,50,6400
1536,50,6400
1537,50,6400
1538,50,6400
1539,50,6400
1540,50,6400
1541,50,6400
1542,50,6400
1543,50,6400
1544,51,6528
1545,51,6528
1546,51,6528
1547,50,6400
1548,50,6400
1549,50,6400
1550,51,6528
1551,49,6272
1552,49,6272
1553,48,6144
1554,47,6016
1555,46,5888
1556,46,5888
1557,46,5888
1558,46,5888
1559,48,6144
1560,48,6144
1561,48,6144
1562,48,6144
1563,47,6016
1564,47,6016
1565,47,6016
1566,47,6016
1567,47,6016
1568,49,6272
1569,49,6272
1570,47,6016
1571,46,5888
1572,46,5888
1573,46,5888
1574,47,6016
1575,47,6016
1576,46,5888
1577,47,6016
1578,47,6016
1579,46,5888
1580,46,5888
1581,46,5888
1582,46,5888
1583,46,5888
1584,46,5888
1585,46,5888
1586,46,5888
1587,46,5888
1588,46,5888
1589,46,5888
1590,45,5760
1591,46,5888
1592,46,5888
1593,46,5888
1594,46,5888
1595,46,5888
1596,47,6016
1597,47,6016
1598,47,6016
1599,45,5760
1600,45,5760
1601,46,5888
1602,45,5760
1603,45,5760
1604,45,5760
1605,45,5760
1606,45,5760
1607,46,5888
1608,47,6016
1609,47,6016
1610,47,6016
1611,46,5888
1612,45,5760
1613,45,5760
1614,45,5760
1615,45,5760
1616,45,5760
1617,45,5760
1618,45,5760
1619,45,5760
1620,46,5888
1621,46,5888
1622,45,5760
1623,45,5760
1624,45,5760
1625,45,5760
1626,45,5760
1627,45,5760
1628,45,5760
1629,46,5888
1630,46,5888
1631,46,5888
1632,46,5888
1633,45,5760
1634,45,5760
1635,45,5760
1636,46,5888
1637,46,5888
1638,46,5888
1639,46,5888
1640,46,5888
1641,46,5888
1642,46,5888
1643,46,5888
1644,48,6144
1645,47,6016
1646,47,6016
1647,48,6144
1648,47,6016
1649,47,6016
1650,48,6144
1651,47,6016
1652,47,6016
1653,46,5888
1654,46,5888
1655,47,6016
1656,47,6016
1657,47,6016
1658,48,6144
1659,48,6144
1660,48,6144
1661,49,6272
1662,49,6272
1663,49,6272
1664,49,6272
1665,48,6144
1666,46,5888
1667,46,5888
1668,46,5888
1669,46,5888
1670,47,6016
1671,46,5888
1672,46,5888
1673,47,6016
1674,47,6016
1675,46,5888
1676,47,6016
1677,46,5888
1678,46,5888
1679,46,5888
1680,46,5888
1681,47,6016
1682,48,6144
1683,48,6144
1684,48,6144
1685,47,6016
1686,48,6144
1687,48,6144
1688,48,6144
1689,49,6272
1690,47,6016
1691,47,6016
1692,47,6016
1693,47,6016
1694,47,6016
1695,48,6144
1696,48,6144
1697,49,6272
1698,49,6272
1699,49,6272
1700,49,6272
1701,49,6272
1702,49,6272
1703,50,6400
1704,50,6400
1705,50,6400
1706,50,6400
1707,49,6272
1708,48,6144
1709,48,6144
1710,46,5888
1711,46,5888
1712,47,6016
1713,48,6144
1714,46,5888
1715,47,6016
1716,46,5888
1717,47,6016
1718,47,6016
1719,47,6016
1720,47,6016
1721,47,6016
1722,47,6016
1723,46,5888
1724,46,5888
1725,48,6144
1726,47,6016
1727,47,6016
1728,47,6016
1729,46,5888
1730,47,6016
1731,48,6144
1732,48,6144
1733,48,6144
1734,48,6144
1735,48,6144
1736,47,6016
1737,48,6144
1738,48,6144
1739,48,6144
1740,46,5888
1741,47,6016
1742,47,6016
1743,47,6016
1744,47,6016
1745,47,6016
1746,47,6016
1747,47,6016
1748,46,5888
1749,47,6016
1750,47,6016
1751,47,6016
1752,47,6016
1753,47,6016
1754,46,5888
1755,46,5888
1756,46,5888
1757,46,5888
1758,46,5888
1759,46,5888
1760,46,5888
1761,46,5888
1762,46,5888
1763,46,5888
1764,46,5888
1765,46,5888
1766,46,5888
1767,47,6016
1768,46,5888
1769,47,6016
1770,48,6144
1771,47,6016
1772,46,5888
1773,46,5888
1774,46,5888
1775,47,6016
1776,45,5760
1777,45,5760
1778,45,5760
1779,44,5632
1780,45,5760
1781,46,5888
1782,46,5888
1783,47,6016
1784,48,6144
1785,48,6144
1786,49,6272
1787,49,6272
1788,49,6272
1789,49,6272
1790,49,6272
1791,49,6272
1792,49,6272
1793,49,6272
1794,49,6272
1795,48,6144
1796,48,6144
1797,48,6144
1798,49,6272
1799,48,6144
1800,48,6144
1801,48,6144
1802,48,6144
1803,48,6144
1804,49,6272
1805,49,6272
1806,47,6016
1807,47,6016
1808,47,6016
1809,47,6016
1810,47,6016
1811,48,6144
1812,48,6144
1813,49,6272
1814,49,6272
1815,49,6272
1816,49,6272
1817,49,6272
1818,49,6272
1819,49,6272
1820,50,6400
1821,49,6272
1822,49,6272
1823,49,6272
1824,50,6400
1825,50,6400
1826,50,6400
1827,50,6400
1828,51,6528
1829,49,6272
1830,49,6272
1831,49,6272
1832,49,6272
1833,49,6272
1834,49,6272
1835,49,6272
1836,49,6272
1837,49,6272
1838,50,6400
1839,49,6272
1840,49,6272
1841,49,6272
1842,50,6400
1843,49,6272
1844,49,6272
1845,48,6144
1846,48,6144
1847,49,6272
1848,49,6272
1849,48,6144
1850,49,6272
1851,48,6144
1852,48,6144
1853,47,6016
1854,47,6016
1855,47,6016
1856,47,6016
1857,47,6016
1858,47,6016
1859,47,6016
1860,47,6016
1861,48,6144
1862,48,6144
1863,48,6144
1864,48,6144
1865,48,6144
1866,48,6144
1867,47,6016
1868,47,6016
1869,47,6016
1870,47,6016
1871,47,6016
1872,48,6144
1873,48,6144
1874,48,6144
1875,48,6144
1876,48,6144
1877,48,6144
1878,49,6272
1879,49,6272
1880,49,6272
1881,49,6272
1882,49,6272
1883,49,6272
1884,47,6016
1885,47,6016
1886,47,6016
1887,47,6016
1888,46,5888
1889,44,5632
1890,45,5760
1891,45,5760
1892,45,5760
1893,45,5760
1894,45,5760
1895,45,5760
1896,46,5888
1897,46,5888
1898,46,5888
1899,46,5888
1900,46,5888
1901,47,6016
1902,46,5888
1903,46,5888
1904,46,5888
1905,46,5888
1906,46,5888
1907,46,5888
1908,46,5888
1909,45,5760
1910,46,5888
1911,47,6016
1912,48,6144
1913,48,6144
1914,48,6144
1915,48,6144
1916,48,6144
1917,48,6144
1918,47,6016
1919,47,6016
1920,48,6144
1921,47,6016
1922,47,6016
1923,47,6016
1924,46,5888
1925,47,6016
1926,47,6016
1927,47,6016
1928,47,6016
1929,47,6016
1930,47,6016
1931,47,6016
1932,47,6016
1933,47,6016
1934,46,5888
1935,46,5888
1936,47,6016
1937,46,5888
1938,46,5888
1939,46,5888
1940,46,5888
1941,46,5888
1942,46,5888
1943,46,5888
1944,46,5888
1945,47,6016
1946,47,6016
1947,47,6016
1948,46,5888
1949,45,5760
1950,45,5760
1951,46,5888
1952,46,5888
1953,46,5888
1954,45,5760
1955,45,5760
1956,46,5888
1957,46,5888
1958,45,5760
1959,45,5760
1960,45,5760
1961,46,5888
1962,44,5632
1963,45,5760
1964,45,5760
1965,45,5760
1966,46,5888
1967,45,5760
1968,45,5760
1969,45,5760
1970,45,5760
1971,44,5632
1972,44,5632
1973,44,5632
1974,44,5632
1975,44,5632
1976,46,5888
1977,46,5888
1978,46,5888
1979,47,6016
1980,47,6016
1981,46,5888
1982,46,5888
1983,46,5888
1984,46,5888
1985,46,5888
1986,46,5888
1987,46,5888
1988,46,5888
1989,46,5888
1990,47,6016
1991,47,6016
1992,47,6016
1993,47,6016
1994,47,6016
1995,47,6016
1996,47,6016
1997,46,5888
1998,46,5888
1999,47,6016
2000,45,5760
