RandomSeed,66233,Population size:128,Bit Length:64,Crossover Rate:0,Mutation Rate:0.005
gen,BestFitness,FitnessEval
1,42,5376
2,41,5248
3,41,5248
4,41,5248
5,41,5248
6,40,5120
7,40,5120
8,41,5248
9,41,5248
10,42,5376
11,42,5376
12,42,5376
13,42,5376
14,42,5376
15,42,5376
16,42,5376
17,42,5376
18,42,5376
19,43,5504
20,42,5376
21,43,5504
22,43,5504
23,43,5504
24,43,5504
25,43,5504
26,43,5504
27,43,5504
28,44,5632
29,45,5760
30,45,5760
31,46,5888
32,46,5888
33,46,5888
34,45,5760
35,45,5760
36,45,5760
37,45,5760
38,45,5760
39,46,5888
40,46,5888
41,46,5888
42,46,5888
43,46,5888
44,46,5888
45,47,6016
46,45,5760
47,46,5888
48,46,5888
49,46,5888
50,47,6016
51,46,5888
52,46,5888
53,47,6016
54,48,6144
55,48,6144
56,47,6016
57,46,5888
58,46,5888
59,47,6016
60,46,5888
61,46,5888
62,47,6016
63,46,5888
64,46,5888
65,46,5888
66,46,5888
67,46,5888
68,46,5888
69,45,5760
70,46,5888
71,46,5888
72,47,6016
73,47,6016
74,47,6016
75,47,6016
76,47,6016
77,48,6144
78,47,6016
79,48,6144
80,47,6016
81,47,6016
82,47,6016
83,46,5888
84,47,6016
85,47,6016
86,47,6016
87,47,6016
88,47,6016
89,48,6144
90,46,5888
91,46,5888
92,47,6016
93,47,6016
94,47,6016
95,47,6016
96,47,6016
97,47,6016
98,49,6272
99,47,6016
100,47,6016
101,47,6016
102,47,6016
103,45,5760
104,45,5760
105,47,6016
106,46,5888
107,46,5888
108,46,5888
109,45,5760
110,45,5760
111,45,5760
112,46,5888
113,46,5888
114,46,5888
115,46,5888
116,46,5888
117,46,5888
118,46,5888
119,46,5888
120,46,5888
121,46,5888
122,46,5888
123,46,5888
124,46,5888
125,46,5888
126,46,5888
127,46,5888
128,46,5888
129,46,5888
130,45,5760
131,45,5760
132,46,5888
133,46,5888
134,46,5888
135,46,5888
136,46,5888
137,46,5888
138,47,6016
139,47,6016
140,47,6016
141,47,6016
142,47,6016
143,47,6016
144,48,6144
145,48,6144
146,48,6144
147,48,6144
148,47,6016
149,48,6144
150,48,6144
151,48,6144
152,47,6016
153,47,6016
154,47,6016
155,47,6016
156,47,6016
157,47,6016
158,47,6016
159,47,6016
160,48,6144
161,48,6144
162,48,6144
163,48,6144
164,48,6144
165,48,6144
166,47,6016
167,47,6016
168,48,6144
169,48,6144
170,48,6144
171,48,6144
172,49,6272
173,48,6144
174,48,6144
175,49,6272
176,50,6400
177,50,6400
178,50,6400
179,50,6400
180,50,6400
181,50,6400
182,50,6400
183,50,6400
184,49,6272
185,49,6272
186,49,6272
187,48,6144
188,48,6144
189,48,6144
190,47,6016
191,46,5888
192,46,5888
193,46,5888
194,46,5888
195,46,5888
196,46,5888
197,45,5760
198,45,5760
199,46,5888
200,47,6016
201,46,5888
202,47,6016
203,48,6144
204,48,6144
205,47,6016
206,48,6144
207,48,6144
208,48,6144
209,48,6144
210,47,6016
211,48,6144
212,47,6016
213,47,6016
214,47,6016
215,48,6144
216,47,6016
217,46,5888
218,45,5760
219,46,5888
220,46,5888
221,46,5888
222,46,5888
223,46,5888
224,47,6016
225,45,5760
226,45,5760
227,45,5760
228,46,5888
229,45,5760
230,46,5888
231,46,5888
232,46,5888
233,46,5888
234,46,5888
235,47,6016
236,47,6016
237,47,6016
238,47,6016
239,47,6016
240,48,6144
241,47,6016
242,47,6016
243,49,6272
244,49,6272
245,49,6272
246,49,6272
247,49,6272
248,49,6272
249,49,6272
250,49,6272
251,49,6272
252,49,6272
253,49,6272
254,49,6272
255,49,6272
256,49,6272
257,49,6272
258,49,6272
259,49,6272
260,48,6144
261,48,6144
262,48,6144
263,49,6272
264,47,6016
265,47,6016
266,46,5888
267,47,6016
268,46,5888
269,47,6016
270,45,5760
271,46,5888
272,46,5888
273,47,6016
274,48,6144
275,48,6144
276,48,6144
277,47,6016
278,47,6016
279,47,6016
280,48,6144
281,48,6144
282,48,6144
283,47,6016
284,47,6016
285,49,6272
286,50,6400
287,49,6272
288,49,6272
289,49,6272
290,49,6272
291,49,6272
292,49,6272
293,49,6272
294,50,6400
295,49,6272
296,49,6272
297,49,6272
298,49,6272
299,49,6272
300,49,6272
301,49,6272
302,50,6400
303,50,6400
304,49,6272
305,49,6272
306,49,6272
307,49,6272
308,50,6400
309,50,6400
310,50,6400
311,50,6400
312,51,6528
313,50,6400
314,50,6400
315,50,6400
316,50,6400
317,50,6400
318,50,6400
319,50,6400
320,50,6400
321,51,6528
322,50,6400
323,50,6400
324,50,6400
325,50,6400
326,50,6400
327,50,6400
328,50,6400
329,48,6144
330,48,6144
331,48,6144
332,49,6272
333,47,6016
334,47,6016
335,48,6144
336,48,6144
337,48,6144
338,48,6144
339,48,6144
340,48,6144
341,49,6272
342,49,6272
343,49,6272
344,49,6272
345,48,6144
346,49,6272
347,48,6144
348,48,6144
349,49,6272
350,49,6272
351,49,6272
352,48,6144
353,48,6144
354,48,6144
355,48,6144
356,48,6144
357,47,6016
358,47,6016
359,48,6144
360,48,6144
361,48,6144
362,47,6016
363,48,6144
364,47,6016
365,47,6016
366,47,6016
367,47,6016
368,48,6144
369,48,6144
370,47,6016
371,47,6016
372,48,6144
373,48,6144
374,47,6016
375,47,6016
376,48,6144
377,48,6144
378,48,6144
379,47,6016
380,47,6016
381,48,6144
382,47,6016
383,47,6016
384,48,6144
385,47,6016
386,47,6016
387,47,6016
388,47,6016
389,47,6016
390,47,6016
391,47,6016
392,47,6016
393,47,6016
394,47,6016
395,47,6016
396,46,5888
397,47,6016
398,48,6144
399,48,6144
400,48,6144
401,49,6272
402,49,6272
403,49,6272
404,49,6272
405,49,6272
406,50,6400
407,50,6400
408,50,6400
409,50,6400
410,50,6400
411,50,6400
412,49,6272
413,49,6272
414,50,6400
415,50,6400
416,50,6400
417,50,6400
418,50,6400
419,50,6400
420,50,6400
421,50,6400
422,51,6528
423,52,6656
424,52,6656
425,52,6656
426,52,6656
427,51,6528
428,51,6528
429,51,6528
430,51,6528
431,50,6400
432,50,6400
433,50,6400
434,51,6528
435,50,6400
436,51,6528
437,50,6400
438,50,6400
439,51,6528
440,51,6528
441,51,6528
442,51,6528
443,51,6528
444,50,6400
445,50,6400
446,50,6400
447,50,6400
448,50,6400
449,51,6528
450,51,6528
451,51,6528
452,51,6528
453,51,6528
454,51,6528
455,51,6528
456,51,6528
457,51,6528
458,51,6528
459,51,6528
460,51,6528
461,51,6528
462,52,6656
463,51,6528
464,51,6528
465,51,6528
466,51,6528
467,51,6528
468,52,6656
469,52,6656
470,52,6656
471,52,6656
472,51,6528
473,50,6400
474,51,6528
475,50,6400
476,50,6400
477,51,6528
478,51,6528
479,51,6528
480,51,6528
481,51,6528
482,51,6528
483,49,6272
484,50,6400
485,49,6272
486,49,6272
487,50,6400
488,49,6272
489,49,6272
490,49,6272
491,50,6400
492,50,6400
493,50,6400
494,50,6400
495,50,6400
496,49,6272
497,48,6144
498,49,6272
499,49,6272
500,48,6144
501,49,6272
502,49,6272
503,50,6400
504,50,6400
505,50,6400
506,50,6400
507,50,6400
508,50,6400
509,50,6400
510,49,6272
511,49,6272
512,50,6400
513,50,6400
514,50,6400
515,50,6400
516,51,6528
517,48,6144
518,48,6144
519,48,6144
520,48,6144
521,48,6144
522,48,6144
523,48,6144
524,49,6272
525,49,6272
526,49,6272
527,49,6272
528,49,6272
529,49,6272
530,49,6272
531,48,6144
532,48,6144
533,48,6144
534,50,6400
535,50,6400
536,50,6400
537,50,6400
538,50,6400
539,50,6400
540,49,6272
541,48,6144
542,48,6144
543,48,6144
544,48,6144
545,48,6144
546,48,6144
547,49,6272
548,49,6272
549,51,6528
550,51,6528
551,51,6528
552,51,6528
553,50,6400
554,51,6528
555,50,6400
556,50,6400
557,51,6528
558,51,6528
559,52,6656
560,52,6656
561,52,6656
562,51,6528
563,51,6528
564,51,6528
565,50,6400
566,50,6400
567,50,6400
568,51,6528
569,51,6528
570,51,6528
571,51,6528
572,52,6656
573,51,6528
574,52,6656
575,52,6656
576,52,6656
577,52,6656
578,52,6656
579,52,6656
580,52,6656
581,52,6656
582,53,6784
583,53,6784
584,53,6784
585,52,6656
586,53,6784
587,52,6656
588,52,6656
589,52,6656
590,53,6784
591,54,6912
592,54,6912
593,53,6784
594,53,6784
595,53,6784
596,51,6528
597,51,6528
598,50,6400
599,51,6528
600,51,6528
601,51,6528
602,50,6400
603,50,6400
604,50,6400
605,49,6272
606,49,6272
607,50,6400
608,51,6528
609,51,6528
610,50,6400
611,49,6272
612,49,6272
613,49,6272
614,49,6272
615,49,6272
616,50,6400
617,51,6528
618,51,6528
619,52,6656
620,51,6528
621,51,6528
622,51,6528
623,51,6528
624,51,6528
625,51,6528
626,50,6400
627,50,6400
628,49,6272
629,50,6400
630,49,6272
631,48,6144
632,49,6272
633,49,6272
634,50,6400
635,50,6400
636,50,6400
637,51,6528
638,50,6400
639,50,6400
640,50,6400
641,50,6400
642,50,6400
643,50,6400
644,50,6400
645,50,6400
646,50,6400
647,50,6400
648,50,6400
649,51,6528
650,50,6400
651,50,6400
652,50,6400
653,51,6528
654,52,6656
655,52,6656
656,51,6528
657,51,6528
658,51,6528
659,52,6656
660,52,6656
661,52,6656
662,52,6656
663,52,6656
664,53,6784
665,53,6784
666,53,6784
667,52,6656
668,52,6656
669,53,6784
670,53,6784
671,53,6784
672,52,6656
673,52,6656
674,52,6656
675,53,6784
676,53,6784
677,53,6784
678,52,6656
679,52,6656
680,51,6528
681,51,6528
682,52,6656
683,52,6656
684,52,6656
685,52,6656
686,52,6656
687,52,6656
688,52,6656
689,52,6656
690,52,6656
691,52,6656
692,52,6656
693,51,6528
694,51,6528
695,51,6528
696,51,6528
697,51,6528
698,51,6528
699,51,6528
700,51,6528
701,51,6528
702,51,6528
703,51,6528
704,50,6400
705,50,6400
706,50,6400
707,50,6400
708,50,6400
709,50,6400
710,50,6400
711,50,6400
712,50,6400
713,50,6400
714,50,6400
715,50,6400
716,50,6400
717,51,6528
718,50,6400
719,50,6400
720,50,6400
721,50,6400
722,50,6400
723,49,6272
724,49,6272
725,49,6272
726,50,6400
727,50,6400
728,50,6400
729,50,6400
730,50,6400
731,50,6400
732,50,6400
733,50,6400
734,50,6400
735,50,6400
736,50,6400
737,50,6400
738,50,6400
739,51,6528
740,51,6528
741,51,6528
742,51,6528
743,51,6528
744,51,6528
745,51,6528
746,51,6528
747,49,6272
748,49,6272
749,49,6272
750,49,6272
751,49,6272
752,49,6272
753,48,6144
754,49,6272
755,49,6272
756,49,6272
757,49,6272
758,49,6272
759,48,6144
760,49,6272
761,48,6144
762,48,6144
763,48,6144
764,48,6144
765,48,6144
766,48,6144
767,48,6144
768,48,6144
769,48,6144
770,48,6144
771,48,6144
772,48,6144
773,48,6144
774,47,6016
775,47,6016
776,47,6016
777,47,6016
778,47,6016
779,47,6016
780,47,6016
781,46,5888
782,47,6016
783,47,6016
784,47,6016
785,46,5888
786,46,5888
787,46,5888
788,46,5888
789,46,5888
790,47,6016
791,47,6016
792,47,6016
793,48,6144
794,48,6144
795,48,6144
796,48,6144
797,50,6400
798,49,6272
799,49,6272
800,49,6272
801,49,6272
802,50,6400
803,50,6400
804,50,6400
805,50,6400
806,51,6528
807,51,6528
808,51,6528
809,51,6528
810,51,6528
811,51,6528
812,50,6400
813,51,6528
814,51,6528
815,50,6400
816,50,6400
817,50,6400
818,50,6400
819,50,6400
820,51,6528
821,51,6528
822,51,6528
823,52,6656
824,49,6272
825,49,6272
826,48,6144
827,48,6144
828,48,6144
829,49,6272
830,49,6272
831,49,6272
832,50,6400
833,51,6528
834,51,6528
835,51,6528
836,51,6528
837,51,6528
838,51,6528
839,51,6528
840,51,6528
841,51,6528
842,52,6656
843,52,6656
844,51,6528
845,51,6528
846,51,6528
847,51,6528
848,52,6656
849,51,6528
850,51,6528
851,51,6528
852,50,6400
853,51,6528
854,51,6528
855,52,6656
856,52,6656
857,52,6656
858,52,6656
859,52,6656
860,52,6656
861,49,6272
862,49,6272
863,50,6400
864,50,6400
865,50,6400
866,50,6400
867,50,6400
868,50,6400
869,50,6400
870,50,6400
871,49,6272
872,51,6528
873,50,6400
874,50,6400
875,49,6272
876,50,6400
877,49,6272
878,50,6400
879,50,6400
880,50,6400
881,50,6400
882,50,6400
883,50,6400
884,50,6400
885,50,6400
886,51,6528
887,51,6528
888,51,6528
889,51,6528
890,50,6400
891,51,6528
892,51,6528
893,51,6528
894,50,6400
895,50,6400
896,51,6528
897,50,6400
898,50,6400
899,50,6400
900,50,6400
901,49,6272
902,50,6400
903,50,6400
904,50,6400
905,49,6272
906,49,6272
907,50,6400
908,50,6400
909,51,6528
910,50,6400
911,49,6272
912,49,6272
913,49,6272
914,50,6400
915,51,6528
916,50,6400
917,50,6400
918,50,6400
919,50,6400
920,50,6400
921,50,6400
922,50,6400
923,51,6528
924,50,6400
925,50,6400
926,51,6528
927,50,6400
928,49,6272
929,49,6272
930,49,6272
931,50,6400
932,49,6272
933,50,6400
934,49,6272
935,49,6272
936,49,6272
937,49,6272
938,49,6272
939,50,6400
940,50,6400
941,50,6400
942,50,6400
943,50,6400
944,50,6400
945,50,6400
946,50,6400
947,50,6400
948,50,6400
949,49,6272
950,49,6272
951,50,6400
952,49,6272
953,50,6400
954,50,6400
955,50,6400
956,49,6272
957,49,6272
958,50,6400
959,48,6144
960,49,6272
961,49,6272
962,48,6144
963,48,6144
964,48,6144
965,48,6144
966,48,6144
967,48,6144
968,49,6272
969,49,6272
970,48,6144
971,49,6272
972,51,6528
973,51,6528
974,49,6272
975,48,6144
976,48,6144
977,48,6144
978,48,6144
979,48,6144
980,48,6144
981,48,6144
982,48,6144
983,47,6016
984,47,6016
985,47,6016
986,47,6016
987,47,6016
988,47,6016
989,47,6016
990,47,6016
991,47,6016
992,47,6016
993,46,5888
994,46,5888
995,46,5888
996,46,5888
997,46,5888
998,46,5888
999,46,5888
1000,46,5888
1001,46,5888
1002,47,6016
1003,46,5888
1004,46,5888
1005,46,5888
1006,46,5888
1007,46,5888
1008,46,5888
1009,46,5888
1010,46,5888
1011,47,6016
1012,48,6144
1013,48,6144
1014,48,6144
1015,48,6144
1016,48,6144
1017,48,6144
1018,49,6272
1019,48,6144
1020,48,6144
1021,49,6272
1022,49,6272
1023,50,6400
1024,51,6528
1025,51,6528
1026,52,6656
1027,51,6528
1028,50,6400
1029,50,6400
1030,50,6400
1031,50,6400
1032,51,6528
1033,52,6656
1034,52,6656
1035,52,6656
1036,52,6656
1037,52,6656
1038,52,6656
1039,52,6656
1040,51,6528
1041,51,6528
1042,52,6656
1043,52,6656
1044,52,6656
1045,53,6784
1046,52,6656
1047,53,6784
1048,53,6784
1049,54,6912
1050,54,6912
1051,54,6912
1052,54,6912
1053,52,6656
1054,53,6784
1055,53,6784
1056,53,6784
1057,53,6784
1058,51,6528
1059,51,6528
1060,51,6528
1061,51,6528
1062,51,6528
1063,50,6400
1064,50,6400
1065,49,6272
1066,49,6272
1067,48,6144
1068,49,6272
1069,47,6016
1070,47,6016
1071,48,6144
1072,48,6144
1073,49,6272
1074,50,6400
1075,50,6400
1076,49,6272
1077,49,6272
1078,49,6272
1079,49,6272
1080,49,6272
1081,50,6400
1082,49,6272
1083,49,6272
1084,49,6272
1085,49,6272
1086,49,6272
1087,50,6400
1088,49,6272
1089,49,6272
1090,48,6144
1091,48,6144
1092,48,6144
1093,48,6144
1094,47,6016
1095,47,6016
1096,47,6016
1097,48,6144
1098,48,6144
1099,48,6144
1100,48,6144
1101,47,6016
1102,46,5888
1103,46,5888
1104,46,5888
1105,48,6144
1106,48,6144
1107,47,6016
1108,47,6016
1109,47,6016
1110,46,5888
1111,46,5888
1112,46,5888
1113,46,5888
1114,46,5888
1115,47,6016
1116,47,6016
1117,47,6016
1118,48,6144
1119,47,6016
1120,47,6016
1121,47,6016
1122,47,6016
1123,47,6016
1124,47,6016
1125,47,6016
1126,48,6144
1127,47,6016
1128,47,6016
1129,47,6016
1130,47,6016
1131,48,6144
1132,48,6144
1133,47,6016
1134,46,5888
1135,46,5888
1136,46,5888
1137,46,5888
1138,46,5888
1139,46,5888
1140,46,5888
1141,46,5888
1142,45,5760
1143,46,5888
1144,47,6016
1145,47,6016
1146,46,5888
1147,46,5888
1148,46,5888
1149,46,5888
1150,46,5888
1151,46,5888
1152,46,5888
1153,47,6016
1154,47,6016
1155,47,6016
1156,46,5888
1157,46,5888
1158,46,5888
1159,46,5888
1160,46,5888
1161,46,5888
1162,46,5888
1163,46,5888
1164,46,5888
1165,47,6016
1166,47,6016
1167,45,5760
1168,44,5632
1169,45,5760
1170,45,5760
1171,45,5760
1172,45,5760
1173,45,5760
1174,45,5760
1175,46,5888
1176,45,5760
1177,46,5888
1178,46,5888
1179,45,5760
1180,45,5760
1181,45,5760
1182,45,5760
1183,45,5760
1184,45,5760
1185,46,5888
1186,46,5888
1187,46,5888
1188,46,5888
1189,46,5888
1190,46,5888
1191,46,5888
1192,46,5888
1193,46,5888
1194,47,6016
1195,46,5888
1196,46,5888
1197,46,5888
1198,46,5888
1199,47,6016
1200,47,6016
1201,47,6016
1202,46,5888
1203,47,6016
1204,47,6016
1205,47,6016
1206,47,6016
1207,47,6016
1208,48,6144
1209,49,6272
1210,47,6016
1211,48,6144
1212,48,6144
1213,48,6144
1214,48,6144
1215,48,6144
1216,47,6016
1217,47,6016
1218,48,6144
1219,48,6144
1220,47,6016
1221,50,6400
1222,50,6400
1223,51,6528
1224,50,6400
1225,50,6400
1226,50,6400
1227,50,6400
1228,50,6400
1229,50,6400
1230,50,6400
1231,50,6400
1232,50,6400
1233,50,6400
1234,50,6400
1235,50,6400
1236,51,6528
1237,51,6528
1238,51,6528
1239,51,6528
1240,51,6528
1241,52,6656
1242,51,6528
1243,51,6528
1244,51,6528
1245,51,6528
1246,51,6528
1247,52,6656
1248,51,6528
1249,52,6656
1250,53,6784
1251,53,6784
1252,54,6912
1253,53,6784
1254,53,6784
1255,53,6784
1256,53,6784
1257,51,6528
1258,51,6528
1259,52,6656
1260,51,6528
1261,52,6656
1262,52,6656
1263,52,6656
1264,52,6656
1265,52,6656
1266,52,6656
1267,52,6656
1268,50,6400
1269,50,6400
1270,50,6400
1271,50,6400
1272,50,6400
1273,49,6272
1274,49,6272
1275,49,6272
1276,49,6272
1277,49,6272
1278,49,6272
1279,49,6272
1280,49,6272
1281,50,6400
1282,50,6400
1283,50,6400
1284,48,6144
1285,48,6144
1286,48,6144
1287,48,6144
1288,49,6272
1289,49,6272
1290,49,6272
1291,49,6272
1292,49,6272
1293,49,6272
1294,50,6400
1295,50,6400
1296,48,6144
1297,48,6144
1298,48,6144
1299,48,6144
1300,48,6144
1301,49,6272
1302,49,6272
1303,49,6272
1304,49,6272
1305,49,6272
1306,49,6272
1307,50,6400
1308,51,6528
1309,51,6528
1310,51,6528
1311,50,6400
1312,50,6400
1313,50,6400
1314,50,6400
1315,50,6400
1316,50,6400
1317,50,6400
1318,50,6400
1319,50,6400
1320,49,6272
1321,49,6272
1322,49,6272
1323,49,6272
1324,49,6272
1325,48,6144
1326,48,6144
1327,49,6272
1328,49,6272
1329,49,6272
1330,48,6144
1331,48,6144
1332,47,6016
1333,48,6144
1334,48,6144
1335,49,6272
1336,49,6272
1337,49,6272
1338,49,6272
1339,49,6272
1340,49,6272
1341,48,6144
1342,49,6272
1343,49,6272
1344,49,6272
1345,49,6272
1346,49,6272
1347,48,6144
1348,49,6272
1349,48,6144
1350,49,6272
1351,50,6400
1352,50,6400
1353,50,6400
1354,49,6272
1355,47,6016
1356,47,6016
1357,47,6016
1358,47,6016
1359,48,6144
1360,48,6144
1361,48,6144
1362,47,6016
1363,48,6144
1364,47,6016
1365,46,5888
1366,48,6144
1367,47,6016
1368,47,6016
1369,47,6016
1370,47,6016
1371,47,6016
1372,46,5888
1373,46,5888
1374,46,5888
1375,46,5888
1376,45,5760
1377,45,5760
1378,46,5888
1379,46,5888
1380,46,5888
1381,46,5888
1382,47,6016
1383,46,5888
1384,46,5888
1385,45,5760
1386,46,5888
1387,44,5632
1388,44,5632
1389,44,5632
1390,44,5632
1391,44,5632
1392,44,5632
1393,44,5632
1394,45,5760
1395,45,5760
1396,45,5760
1397,46,5888
1398,46,5888
1399,46,5888
1400,45,5760
1401,46,5888
1402,47,6016
1403,47,6016
1404,48,6144
1405,47,6016
1406,46,5888
1407,46,5888
1408,46,5888
1409,46,5888
1410,47,6016
1411,47,6016
1412,48,6144
1413,48,6144
1414,48,6144
1415,47,6016
1416,47,6016
1417,47,6016
1418,47,6016
1419,47,6016
1420,47,6016
1421,47,6016
1422,48,6144
1423,47,6016
1424,47,6016
1425,48,6144
1426,48,6144
1427,48,6144
1428,48,6144
1429,48,6144
1430,48,6144
1431,48,6144
1432,48,6144
1433,49,6272
1434,48,6144
1435,48,6144
1436,48,6144
1437,48,6144
1438,48,6144
1439,48,6144
1440,49,6272
1441,48,6144
1442,47,6016
1443,47,6016
1444,48,6144
1445,48,6144
1446,48,6144
1447,48,6144
1448,49,6272
1449,49,6272
1450,49,6272
1451,48,6144
1452,48,6144
1453,48,6144
1454,48,6144
1455,48,6144
1456,49,6272
1457,49,6272
1458,49,6272
1459,48,6144
1460,48,6144
1461,47,6016
1462,48,6144
1463,48,6144
1464,48,6144
1465,48,6144
1466,48,6144
1467,48,6144
1468,48,6144
1469,48,6144
1470,48,6144
1471,49,6272
1472,50,6400
1473,49,6272
1474,49,6272
1475,49,6272
1476,49,6272
1477,49,6272
1478,49,6272
1479,49,6272
1480,49,6272
1481,49,6272
1482,49,6272
1483,49,6272
1484,49,6272
1485,49,6272
1486,49,6272
1487,50,6400
1488,50,6400
1489,50,6400
1490,50,6400
1491,49,6272
1492,50,6400
1493,49,6272
1494,50,6400
1495,50,6400
1496,49,6272
1497,49,6272
1498,49,6272
1499,49,6272
1500,50,6400
1501,50,6400
1502,50,6400
1503,49,6272
1504,49,6272
1505,49,6272
1506,49,6272
1507,50,6400
1508,50,6400
1509,50,6400
1510,50,6400
1511,50,6400
1512,49,6272
1513,49,6272
1514,49,6272
1515,50,6400
1516,50,6400
1517,50,6400
1518,51,6528
1519,51,6528
1520,51,6528
1521,50,6400
1522,50,6400
1523,50,6400
1524,50,6400
1525,50,6400
1526,49,6272
1527,50,6400
1528,49,6272
1529,49,6272
1530,49,6272
1531,49,6272
1532,50,6400
1533,49,6272
1534,48,6144
1535,48,6144
1536,48,6144
1537,48,6144
1538,48,6144
1539,48,6144
1540,48,6144
1541,48,6144
1542,49,6272
1543,49,6272
1544,46,5888
1545,46,5888
1546,46,5888
1547,47,6016
1548,46,5888
1549,46,5888
1550,46,5888
1551,47,6016
1552,46,5888
1553,47,6016
1554,47,6016
1555,47,6016
1556,47,6016
1557,47,6016
1558,47,6016
1559,47,6016
1560,47,6016
1561,48,6144
1562,47,6016
1563,47,6016
1564,46,5888
1565,46,5888
1566,46,5888
1567,46,5888
1568,47,6016
1569,47,6016
1570,47,6016
1571,47,6016
1572,48,6144
1573,47,6016
1574,47,6016
1575,45,5760
1576,45,5760
1577,45,5760
1578,45,5760
1579,45,5760
1580,45,5760
1581,45,5760
1582,45,5760
1583,44,5632
1584,45,5760
1585,45,5760
1586,45,5760
1587,45,5760
1588,45,5760
1589,45,5760
1590,46,5888
1591,46,5888
1592,46,5888
1593,45,5760
1594,46,5888
1595,46,5888
1596,46,5888
1597,46,5888
1598,46,5888
1599,46,5888
1600,46,5888
1601,47,6016
1602,47,6016
1603,47,6016
1604,47,6016
1605,46,5888
1606,46,5888
1607,46,5888
1608,47,6016
1609,46,5888
1610,47,6016
1611,47,6016
1612,47,6016
1613,47,6016
1614,47,6016
1615,47,6016
1616,47,6016
1617,47,6016
1618,47,6016
1619,47,6016
1620,48,6144
1621,47,6016
1622,47,6016
1623,47,6016
1624,47,6016
1625,47,6016
1626,47,6016
1627,48,6144
1628,46,5888
1629,47,6016
1630,47,6016
1631,46,5888
1632,46,5888
1633,46,5888
1634,47,6016
1635,47,6016
1636,47,6016
1637,47,6016
1638,47,6016
1639,46,5888
1640,46,5888
1641,47,6016
1642,48,6144
1643,48,6144
1644,48,6144
1645,48,6144
1646,48,6144
1647,48,6144
1648,47,6016
1649,48,6144
1650,48,6144
1651,48,6144
1652,48,6144
1653,48,6144
1654,49,6272
1655,49,6272
1656,49,6272
1657,49,6272
1658,49,6272
1659,50,6400
1660,49,6272
1661,50,6400
1662,50,6400
1663,50,6400
1664,50,6400
1665,50,6400
1666,50,6400
1667,50,6400
1668,51,6528
1669,51,6528
1670,51,6528
1671,51,6528
1672,50,6400
1673,50,6400
1674,50,6400
1675,50,6400
1676,50,6400
1677,50,6400
1678,50,6400
1679,51,6528
1680,49,6272
1681,48,6144
1682,48,6144
1683,48,6144
1684,48,6144
1685,48,6144
1686,48,6144
1687,48,6144
1688,48,6144
1689,49,6272
1690,50,6400
1691,50,6400
1692,51,6528
1693,51,6528
1694,51,6528
1695,51,6528
1696,51,6528
1697,51,6528
1698,52,6656
1699,52,6656
1700,52,6656
1701,52,6656
1702,53,6784
1703,52,6656
1704,51,6528
1705,51,6528
1706,51,6528
1707,52,6656
1708,51,6528
1709,51,6528
1710,51,6528
1711,51,6528
1712,51,6528
1713,51,6528
1714,51,6528
1715,51,6528
1716,52,6656
1717,52,6656
1718,52,6656
1719,52,6656
1720,52,6656
1721,52,6656
1722,53,6784
1723,53,6784
1724,53,6784
1725,52,6656
1726,52,6656
1727,53,6784
1728,52,6656
1729,52,6656
1730,52,6656
1731,52,6656
1732,52,6656
1733,53,6784
1734,52,6656
1735,52,6656
1736,52,6656
1737,52,6656
1738,53,6784
1739,53,6784
1740,53,6784
1741,53,6784
1742,53,6784
1743,54,6912
1744,54,6912
1745,54,6912
1746,54,6912
1747,54,6912
1748,53,6784
1749,53,6784
1750,53,6784
1751,52,6656
1752,53,6784
1753,52,6656
1754,52,6656
1755,52,6656
1756,52,6656
1757,52,6656
1758,52,6656
1759,52,6656
1760,52,6656
1761,52,6656
1762,51,6528
1763,50,6400
1764,50,6400
1765,50,6400
1766,50,6400
1767,50,6400
1768,51,6528
1769,51,6528
1770,51,6528
1771,51,6528
1772,52,6656
1773,52,6656
1774,52,6656
1775,53,6784
1776,52,6656
1777,52,6656
1778,52,6656
1779,52,6656
1780,49,6272
1781,49,6272
1782,49,6272
1783,49,6272
1784,49,6272
1785,49,6272
1786,49,6272
1787,49,6272
1788,49,6272
1789,49,6272
1790,49,6272
1791,49,6272
1792,49,6272
1793,49,6272
1794,49,6272
1795,49,6272
1796,49,6272
1797,48,6144
1798,48,6144
1799,48,6144
1800,48,6144
1801,47,6016
1802,47,6016
1803,48,6144
1804,49,6272
1805,49,6272
1806,49,6272
1807,49,6272
1808,49,6272
1809,49,6272
1810,49,6272
1811,49,6272
1812,49,6272
1813,49,6272
1814,50,6400
1815,49,6272
1816,49,6272
1817,50,6400
1818,51,6528
1819,52,6656
1820,52,6656
1821,52,6656
1822,52,6656
1823,52,6656
1824,52,6656
1825,52,6656
1826,52,6656
1827,52,6656
1828,52,6656
1829,52,6656
1830,52,6656
1831,52,6656
1832,53,6784
1833,52,6656
1834,52,6656
1835,52,6656
1836,52,6656
1837,52,6656
1838,53,6784
1839,52,6656
1840,53,6784
1841,53,6784
1842,53,6784
1843,54,6912
1844,53,6784
1845,53,6784
1846,53,6784
1847,53,6784
1848,52,6656
1849,51,6528
1850,51,6528
1851,51,6528
1852,51,6528
1853,51,6528
1854,52,6656
1855,51,6528
1856,51,6528
1857,51,6528
1858,52,6656
1859,52,6656
1860,52,6656
1861,52,6656
1862,52,6656
1863,52,6656
1864,52,6656
1865,53,6784
1866,52,6656
1867,53,6784
1868,53,6784
1869,53,6784
1870,53,6784
1871,53,6784
1872,53,6784
1873,53,6784
1874,52,6656
1875,52,6656
1876,52,6656
1877,52,6656
1878,51,6528
1879,49,6272
1880,49,6272
1881,49,6272
1882,49,6272
1883,49,6272
1884,49,6272
1885,50,6400
1886,50,6400
1887,50,6400
1888,50,6400
1889,51,6528
1890,51,6528
1891,51,6528
1892,51,6528
1893,51,6528
1894,51,6528
1895,51,6528
1896,52,6656
1897,52,6656
1898,50,6400
1899,50,6400
1900,51,6528
1901,50,6400
1902,50,6400
1903,50,6400
1904,50,6400
1905,49,6272
1906,49,6272
1907,50,6400
1908,49,6272
1909,49,6272
1910,49,6272
1911,48,6144
1912,48,6144
1913,48,6144
1914,48,6144
1915,48,6144
1916,49,6272
1917,48,6144
1918,48,6144
1919,48,6144
1920,48,6144
1921,48,6144
1922,47,6016
1923,46,5888
1924,46,5888
1925,46,5888
1926,46,5888
1927,47,6016
1928,47,6016
1929,47,6016
1930,47,6016
1931,48,6144
1932,48,6144
1933,46,5888
1934,46,5888
1935,46,5888
1936,47,6016
1937,47,6016
1938,47,6016
1939,47,6016
1940,46,5888
1941,47,6016
1942,47,6016
1943,47,6016
1944,47,6016
1945,46,5888
1946,47,6016
1947,46,5888
1948,47,6016
1949,47,6016
1950,47,6016
1951,47,6016
1952,47,6016
1953,47,6016
1954,47,6016
1955,48,6144
1956,48,6144
1957,48,6144
1958,47,6016
1959,47,6016
1960,47,6016
1961,47,6016
1962,48,6144
1963,48,6144
1964,49,6272
1965,49,6272
1966,49,6272
1967,50,6400
1968,50,6400
1969,50,6400
1970,50,6400
1971,50,6400
1972,51,6528
1973,51,6528
1974,52,6656
1975,52,6656
1976,52,6656
1977,50,6400
1978,51,6528
1979,51,6528
1980,51,6528
1981,51,6528
1982,52,6656
1983,51,6528
1984,51,6528
1985,51,6528
1986,51,6528
1987,51,6528
1988,51,6528
1989,51,6528
1990,50,6400
1991,50,6400
1992,50,6400
1993,50,6400
1994,51,6528
1995,52,6656
1996,52,6656
1997,51,6528
1998,51,6528
1999,51,6528
2000,51,6528
