RandomSeed,53339,Population size:128,Bit Length:64,Crossover Rate:0,Mutation Rate:0.005
gen,BestFitness,FitnessEval
1,38,4864
2,38,4864
3,38,4864
4,39,4992
5,39,4992
6,39,4992
7,39,4992
8,39,4992
9,40,5120
10,40,5120
11,40,5120
12,41,5248
13,41,5248
14,41,5248
15,41,5248
16,42,5376
17,42,5376
18,42,5376
19,42,5376
20,42,5376
21,42,5376
22,42,5376
23,42,5376
24,42,5376
25,42,5376
26,42,5376
27,42,5376
28,42,5376
29,42,5376
30,42,5376
31,42,5376
32,42,5376
33,42,5376
34,44,5632
35,43,5504
36,44,5632
37,44,5632
38,44,5632
39,44,5632
40,44,5632
41,44,5632
42,44,5632
43,44,5632
44,45,5760
45,45,5760
46,46,5888
47,45,5760
48,45,5760
49,45,5760
50,45,5760
51,46,5888
52,46,5888
53,46,5888
54,47,6016
55,44,5632
56,43,5504
57,43,5504
58,43,5504
59,44,5632
60,45,5760
61,45,5760
62,45,5760
63,45,5760
64,45,5760
65,45,5760
66,45,5760
67,45,5760
68,46,5888
69,46,5888
70,46,5888
71,46,5888
72,46,5888
73,46,5888
74,46,5888
75,46,5888
76,46,5888
77,46,5888
78,46,5888
79,46,5888
80,47,6016
81,47,6016
82,47,6016
83,48,6144
84,48,6144
85,48,6144
86,48,6144
87,48,6144
88,48,6144
89,48,6144
90,48,6144
91,47,6016
92,47,6016
93,47,6016
94,47,6016
95,49,6272
96,48,6144
97,47,6016
98,47,6016
99,48,6144
100,47,6016
101,47,6016
102,47,6016
103,47,6016
104,48,6144
105,47,6016
106,47,6016
107,47,6016
108,47,6016
109,47,6016
110,48,6144
111,48,6144
112,48,6144
113,48,6144
114,49,6272
115,49,6272
116,49,6272
117,49,6272
118,49,6272
119,49,6272
120,50,6400
121,50,6400
122,50,6400
123,50,6400
124,50,6400
125,50,6400
126,50,6400
127,50,6400
128,49,6272
129,49,6272
130,50,6400
131,50,6400
132,49,6272
133,50,6400
134,50,6400
135,51,6528
136,51,6528
137,50,6400
138,50,6400
139,50,6400
140,50,6400
141,49,6272
142,49,6272
143,49,6272
144,49,6272
145,49,6272
146,50,6400
147,50,6400
148,51,6528
149,51,6528
150,51,6528
151,51,6528
152,51,6528
153,51,6528
154,51,6528
155,51,6528
156,51,6528
157,51,6528
158,51,6528
159,50,6400
160,49,6272
161,49,6272
162,49,6272
163,50,6400
164,49,6272
165,49,6272
166,49,6272
167,50,6400
168,50,6400
169,50,6400
170,50,6400
171,49,6272
172,49,6272
173,49,6272
174,49,6272
175,49,6272
176,50,6400
177,49,6272
178,49,6272
179,49,6272
180,49,6272
181,49,6272
182,50,6400
183,50,6400
184,50,6400
185,51,6528
186,51,6528
187,51,6528
188,51,6528
189,51,6528
190,51,6528
191,52,6656
192,52,6656
193,53,6784
194,52,6656
195,52,6656
196,52,6656
197,52,6656
198,53,6784
199,53,6784
200,53,6784
201,53,6784
202,53,6784
203,53,6784
204,53,6784
205,53,6784
206,53,6784
207,53,6784
208,53,6784
209,53,6784
210,53,6784
211,53,6784
212,53,6784
213,52,6656
214,53,6784
215,53,6784
216,53,6784
217,54,6912
218,54,6912
219,54,6912
220,54,6912
221,54,6912
222,55,7040
223,55,7040
224,53,6784
225,53,6784
226,53,6784
227,54,6912
228,53,6784
229,53,6784
230,53,6784
231,53,6784
232,53,6784
233,53,6784
234,53,6784
235,53,6784
236,53,6784
237,53,6784
238,52,6656
239,53,6784
240,52,6656
241,53,6784
242,52,6656
243,52,6656
244,52,6656
245,52,6656
246,52,6656
247,52,6656
248,52,6656
249,52,6656
250,52,6656
251,51,6528
252,52,6656
253,52,6656
254,52,6656
255,52,6656
256,52,6656
257,51,6528
258,51,6528
259,51,6528
260,51,6528
261,51,6528
262,51,6528
263,51,6528
264,51,6528
265,51,6528
266,52,6656
267,52,6656
268,51,6528
269,51,6528
270,51,6528
271,51,6528
272,51,6528
273,51,6528
274,51,6528
275,51,6528
276,51,6528
277,52,6656
278,52,6656
279,52,6656
280,53,6784
281,52,6656
282,52,6656
283,52,6656
284,52,6656
285,52,6656
286,52,6656
287,53,6784
288,53,6784
289,53,6784
290,53,6784
291,54,6912
292,53,6784
293,53,6784
294,53,6784
295,53,6784
296,54,6912
297,54,6912
298,54,6912
299,54,6912
300,54,6912
301,55,7040
302,55,7040
303,55,7040
304,55,7040
305,55,7040
306,55,7040
307,56,7168
308,56,7168
309,56,7168
310,56,7168
311,56,7168
312,56,7168
313,53,6784
314,53,6784
315,53,6784
316,54,6912
317,54,6912
318,53,6784
319,54,6912
320,54,6912
321,54,6912
322,54,6912
323,53,6784
324,53,6784
325,53,6784
326,54,6912
327,54,6912
328,53,6784
329,53,6784
330,53,6784
331,53,6784
332,53,6784
333,53,6784
334,53,6784
335,54,6912
336,53,6784
337,53,6784
338,52,6656
339,53,6784
340,52,6656
341,52,6656
342,53,6784
343,53,6784
344,52,6656
345,53,6784
346,53,6784
347,53,6784
348,53,6784
349,53,6784
350,53,6784
351,52,6656
352,52,6656
353,52,6656
354,52,6656
355,53,6784
356,53,6784
357,53,6784
358,53,6784
359,54,6912
360,54,6912
361,54,6912
362,54,6912
363,54,6912
364,53,6784
365,53,6784
366,53,6784
367,53,6784
368,53,6784
369,52,6656
370,53,6784
371,54,6912
372,54,6912
373,55,7040
374,54,6912
375,51,6528
376,52,6656
377,51,6528
378,51,6528
379,52,6656
380,52,6656
381,51,6528
382,51,6528
383,51,6528
384,51,6528
385,51,6528
386,51,6528
387,52,6656
388,52,6656
389,53,6784
390,53,6784
391,54,6912
392,53,6784
393,53,6784
394,53,6784
395,53,6784
396,53,6784
397,53,6784
398,53,6784
399,53,6784
400,53,6784
401,54,6912
402,54,6912
403,54,6912
404,54,6912
405,54,6912
406,54,6912
407,54,6912
408,54,6912
409,54,6912
410,54,6912
411,52,6656
412,52,6656
413,52,6656
414,52,6656
415,52,6656
416,52,6656
417,52,6656
418,52,6656
419,52,6656
420,52,6656
421,52,6656
422,51,6528
423,51,6528
424,52,6656
425,51,6528
426,51,6528
427,51,6528
428,51,6528
429,52,6656
430,51,6528
431,51,6528
432,51,6528
433,50,6400
434,49,6272
435,48,6144
436,49,6272
437,49,6272
438,49,6272
439,49,6272
440,50,6400
441,49,6272
442,49,6272
443,49,6272
444,49,6272
445,49,6272
446,49,6272
447,47,6016
448,48,6144
449,48,6144
450,49,6272
451,49,6272
452,50,6400
453,50,6400
454,50,6400
455,49,6272
456,49,6272
457,49,6272
458,49,6272
459,50,6400
460,50,6400
461,49,6272
462,49,6272
463,49,6272
464,49,6272
465,49,6272
466,48,6144
467,49,6272
468,48,6144
469,48,6144
470,48,6144
471,48,6144
472,48,6144
473,49,6272
474,48,6144
475,49,6272
476,49,6272
477,50,6400
478,50,6400
479,50,6400
480,50,6400
481,49,6272
482,49,6272
483,50,6400
484,49,6272
485,49,6272
486,49,6272
487,49,6272
488,50,6400
489,49,6272
490,49,6272
491,49,6272
492,49,6272
493,51,6528
494,51,6528
495,49,6272
496,49,6272
497,49,6272
498,49,6272
499,50,6400
500,50,6400
501,50,6400
502,51,6528
503,51,6528
504,51,6528
505,51,6528
506,50,6400
507,50,6400
508,47,6016
509,47,6016
510,47,6016
511,47,6016
512,47,6016
513,47,6016
514,47,6016
515,48,6144
516,48,6144
517,46,5888
518,46,5888
519,47,6016
520,46,5888
521,46,5888
522,46,5888
523,47,6016
524,47,6016
525,46,5888
526,46,5888
527,46,5888
528,47,6016
529,45,5760
530,45,5760
531,46,5888
532,46,5888
533,46,5888
534,46,5888
535,47,6016
536,47,6016
537,47,6016
538,47,6016
539,47,6016
540,47,6016
541,47,6016
542,48,6144
543,48,6144
544,48,6144
545,48,6144
546,49,6272
547,49,6272
548,49,6272
549,47,6016
550,47,6016
551,47,6016
552,47,6016
553,47,6016
554,47,6016
555,46,5888
556,46,5888
557,46,5888
558,46,5888
559,46,5888
560,46,5888
561,47,6016
562,46,5888
563,46,5888
564,46,5888
565,46,5888
566,46,5888
567,46,5888
568,46,5888
569,46,5888
570,46,5888
571,46,5888
572,46,5888
573,47,6016
574,48,6144
575,47,6016
576,47,6016
577,47,6016
578,47,6016
579,47,6016
580,47,6016
581,47,6016
582,47,6016
583,47,6016
584,47,6016
585,47,6016
586,47,6016
587,47,6016
588,47,6016
589,48,6144
590,48,6144
591,48,6144
592,48,6144
593,48,6144
594,48,6144
595,48,6144
596,48,6144
597,48,6144
598,48,6144
599,48,6144
600,49,6272
601,50,6400
602,48,6144
603,48,6144
604,49,6272
605,49,6272
606,49,6272
607,49,6272
608,50,6400
609,51,6528
610,51,6528
611,51,6528
612,51,6528
613,51,6528
614,51,6528
615,51,6528
616,51,6528
617,51,6528
618,52,6656
619,51,6528
620,52,6656
621,52,6656
622,52,6656
623,52,6656
624,52,6656
625,51,6528
626,51,6528
627,51,6528
628,50,6400
629,50,6400
630,51,6528
631,52,6656
632,52,6656
633,52,6656
634,52,6656
635,50,6400
636,50,6400
637,49,6272
638,49,6272
639,50,6400
640,50,6400
641,50,6400
642,49,6272
643,50,6400
644,49,6272
645,49,6272
646,49,6272
647,49,6272
648,49,6272
649,49,6272
650,49,6272
651,50,6400
652,50,6400
653,50,6400
654,50,6400
655,50,6400
656,50,6400
657,50,6400
658,50,6400
659,50,6400
660,50,6400
661,50,6400
662,50,6400
663,50,6400
664,50,6400
665,50,6400
666,50,6400
667,50,6400
668,50,6400
669,50,6400
670,50,6400
671,50,6400
672,51,6528
673,50,6400
674,51,6528
675,50,6400
676,50,6400
677,51,6528
678,52,6656
679,52,6656
680,52,6656
681,51,6528
682,50,6400
683,50,6400
684,50,6400
685,51,6528
686,51,6528
687,50,6400
688,50,6400
689,50,6400
690,50,6400
691,51,6528
692,51,6528
693,51,6528
694,51,6528
695,50,6400
696,51,6528
697,52,6656
698,52,6656
699,52,6656
700,52,6656
701,52,6656
702,51,6528
703,51,6528
704,50,6400
705,50,6400
706,51,6528
707,51,6528
708,50,6400
709,50,6400
710,50,6400
711,51,6528
712,49,6272
713,49,6272
714,49,6272
715,49,6272
716,49,6272
717,50,6400
718,50,6400
719,50,6400
720,49,6272
721,49,6272
722,49,6272
723,50,6400
724,50,6400
725,48,6144
726,48,6144
727,48,6144
728,48,6144
729,48,6144
730,48,6144
731,48,6144
732,49,6272
733,49,6272
734,49,6272
735,48,6144
736,48,6144
737,48,6144
738,47,6016
739,47,6016
740,48,6144
741,48,6144
742,48,6144
743,47,6016
744,46,5888
745,46,5888
746,46,5888
747,47,6016
748,47,6016
749,47,6016
750,48,6144
751,48,6144
752,49,6272
753,48,6144
754,49,6272
755,49,6272
756,49,6272
757,48,6144
758,49,6272
759,49,6272
760,49,6272
761,48,6144
762,48,6144
763,47,6016
764,47,6016
765,48,6144
766,48,6144
767,48,6144
768,48,6144
769,48,6144
770,49,6272
771,49,6272
772,47,6016
773,47,6016
774,48,6144
775,48,6144
776,48,6144
777,48,6144
778,49,6272
779,49,6272
780,48,6144
781,48,6144
782,48,6144
783,48,6144
784,48,6144
785,48,6144
786,49,6272
787,47,6016
788,48,6144
789,47,6016
790,47,6016
791,47,6016
792,47,6016
793,47,6016
794,48,6144
795,49,6272
796,48,6144
797,48,6144
798,47,6016
799,47,6016
800,48,6144
801,48,6144
802,48,6144
803,48,6144
804,48,6144
805,48,6144
806,48,6144
807,48,6144
808,48,6144
809,48,6144
810,48,6144
811,48,6144
812,46,5888
813,46,5888
814,46,5888
815,46,5888
816,46,5888
817,46,5888
818,47,6016
819,48,6144
820,48,6144
821,48,6144
822,49,6272
823,49,6272
824,49,6272
825,49,6272
826,49,6272
827,50,6400
828,48,6144
829,47,6016
830,48,6144
831,47,6016
832,47,6016
833,47,6016
834,48,6144
835,48,6144
836,48,6144
837,48,6144
838,48,6144
839,48,6144
840,48,6144
841,48,6144
842,49,6272
843,49,6272
844,49,6272
845,49,6272
846,48,6144
847,49,6272
848,49,6272
849,49,6272
850,49,6272
851,49,6272
852,49,6272
853,50,6400
854,50,6400
855,51,6528
856,50,6400
857,50,6400
858,50,6400
859,50,6400
860,48,6144
861,49,6272
862,49,6272
863,48,6144
864,48,6144
865,48,6144
866,48,6144
867,49,6272
868,48,6144
869,48,6144
870,48,6144
871,48,6144
872,48,6144
873,48,6144
874,48,6144
875,48,6144
876,48,6144
877,49,6272
878,49,6272
879,49,6272
880,50,6400
881,49,6272
882,50,6400
883,50,6400
884,48,6144
885,49,6272
886,49,6272
887,49,6272
888,48,6144
889,49,6272
890,48,6144
891,48,6144
892,48,6144
893,47,6016
894,48,6144
895,48,6144
896,49,6272
897,50,6400
898,47,6016
899,48,6144
900,48,6144
901,48,6144
902,49,6272
903,48,6144
904,49,6272
905,49,6272
906,49,6272
907,49,6272
908,49,6272
909,49,6272
910,49,6272
911,49,6272
912,48,6144
913,49,6272
914,49,6272
915,49,6272
916,49,6272
917,49,6272
918,50,6400
919,50,6400
920,52,6656
921,52,6656
922,52,6656
923,52,6656
924,52,6656
925,51,6528
926,51,6528
927,51,6528
928,52,6656
929,53,6784
930,51,6528
931,52,6656
932,52,6656
933,52,6656
934,52,6656
935,53,6784
936,53,6784
937,53,6784
938,54,6912
939,54,6912
940,53,6784
941,54,6912
942,53,6784
943,53,6784
944,52,6656
945,53,6784
946,53,6784
947,53,6784
948,53,6784
949,53,6784
950,53,6784
951,53,6784
952,53,6784
953,52,6656
954,52,6656
955,53,6784
956,53,6784
957,53,6784
958,52,6656
959,53,6784
960,52,6656
961,52,6656
962,52,6656
963,52,6656
964,52,6656
965,52,6656
966,52,6656
967,52,6656
968,52,6656
969,52,6656
970,52,6656
971,53,6784
972,53,6784
973,52,6656
974,52,6656
975,51,6528
976,51,6528
977,50,6400
978,50,6400
979,50,6400
980,50,6400
981,50,6400
982,50,6400
983,50,6400
984,50,6400
985,51,6528
986,51,6528
987,50,6400
988,50,6400
989,50,6400
990,50,6400
991,48,6144
992,49,6272
993,50,6400
994,49,6272
995,50,6400
996,50,6400
997,50,6400
998,49,6272
999,48,6144
1000,49,6272
1001,48,6144
1002,49,6272
1003,49,6272
1004,49,6272
1005,50,6400
1006,50,6400
1007,50,6400
1008,50,6400
1009,50,6400
1010,51,6528
1011,51,6528
1012,51,6528
1013,50,6400
1014,50,6400
1015,50,6400
1016,50,6400
1017,49,6272
1018,49,6272
1019,49,6272
1020,50,6400
1021,51,6528
1022,50,6400
1023,50,6400
1024,50,6400
1025,49,6272
1026,47,6016
1027,47,6016
1028,47,6016
1029,47,6016
1030,47,6016
1031,47,6016
1032,47,6016
1033,47,6016
1034,47,6016
1035,47,6016
1036,47,6016
1037,46,5888
1038,46,5888
1039,46,5888
1040,46,5888
1041,47,6016
1042,48,6144
1043,48,6144
1044,46,5888
1045,46,5888
1046,46,5888
1047,47,6016
1048,46,5888
1049,46,5888
1050,46,5888
1051,45,5760
1052,45,5760
1053,46,5888
1054,45,5760
1055,46,5888
1056,46,5888
1057,45,5760
1058,45,5760
1059,47,6016
1060,47,6016
1061,47,6016
1062,47,6016
1063,47,6016
1064,48,6144
1065,48,6144
1066,48,6144
1067,47,6016
1068,47,6016
1069,47,6016
1070,47,6016
1071,47,6016
1072,47,6016
1073,48,6144
1074,48,6144
1075,48,6144
1076,48,6144
1077,47,6016
1078,47,6016
1079,47,6016
1080,47,6016
1081,47,6016
1082,46,5888
1083,46,5888
1084,46,5888
1085,46,5888
1086,46,5888
1087,45,5760
1088,46,5888
1089,46,5888
1090,46,5888
1091,45,5760
1092,45,5760
1093,45,5760
1094,44,5632
1095,45,5760
1096,45,5760
1097,45,5760
1098,45,5760
1099,45,5760
1100,46,5888
1101,44,5632
1102,45,5760
1103,45,5760
1104,46,5888
1105,47,6016
1106,46,5888
1107,46,5888
1108,46,5888
1109,46,5888
1110,46,5888
1111,46,5888
1112,46,5888
1113,46,5888
1114,47,6016
1115,47,6016
1116,47,6016
1117,49,6272
1118,49,6272
1119,49,6272
1120,49,6272
1121,49,6272
1122,49,6272
1123,50,6400
1124,50,6400
1125,50,6400
1126,51,6528
1127,49,6272
1128,49,6272
1129,50,6400
1130,50,6400
1131,47,6016
1132,47,6016
1133,47,6016
1134,46,5888
1135,46,5888
1136,46,5888
1137,46,5888
1138,45,5760
1139,45,5760
1140,45,5760
1141,45,5760
1142,45,5760
1143,45,5760
1144,46,5888
1145,46,5888
1146,44,5632
1147,44,5632
1148,45,5760
1149,45,5760
1150,45,5760
1151,45,5760
1152,45,5760
1153,46,5888
1154,46,5888
1155,46,5888
1156,45,5760
1157,46,5888
1158,45,5760
1159,45,5760
1160,45,5760
1161,46,5888
1162,46,5888
1163,46,5888
1164,47,6016
1165,46,5888
1166,46,5888
1167,46,5888
1168,46,5888
1169,46,5888
1170,45,5760
1171,45,5760
1172,46,5888
1173,47,6016
1174,47,6016
1175,47,6016
1176,48,6144
1177,49,6272
1178,48,6144
1179,48,6144
1180,47,6016
1181,48,6144
1182,48,6144
1183,48,6144
1184,47,6016
1185,47,6016
1186,48,6144
1187,49,6272
1188,49,6272
1189,47,6016
1190,48,6144
1191,48,6144
1192,48,6144
1193,48,6144
1194,48,6144
1195,48,6144
1196,49,6272
1197,49,6272
1198,48,6144
1199,48,6144
1200,49,6272
1201,49,6272
1202,49,6272
1203,49,6272
1204,49,6272
1205,49,6272
1206,49,6272
1207,49,6272
1208,49,6272
1209,50,6400
1210,50,6400
1211,50,6400
1212,50,6400
1213,50,6400
1214,51,6528
1215,51,6528
1216,51,6528
1217,52,6656
1218,52,6656
1219,52,6656
1220,52,6656
1221,52,6656
1222,52,6656
1223,52,6656
1224,52,6656
1225,52,6656
1226,52,6656
1227,53,6784
1228,53,6784
1229,53,6784
1230,53,6784
1231,53,6784
1232,52,6656
1233,52,6656
1234,52,6656
1235,52,6656
1236,52,6656
1237,53,6784
1238,54,6912
1239,52,6656
1240,52,6656
1241,52,6656
1242,52,6656
1243,52,6656
1244,52,6656
1245,53,6784
1246,53,6784
1247,52,6656
1248,52,6656
1249,53,6784
1250,53,6784
1251,53,6784
1252,53,6784
1253,52,6656
1254,52,6656
1255,53,6784
1256,52,6656
1257,52,6656
1258,52,6656
1259,52,6656
1260,51,6528
1261,51,6528
1262,51,6528
1263,52,6656
1264,52,6656
1265,52,6656
1266,52,6656
1267,53,6784
1268,53,6784
1269,53,6784
1270,53,6784
1271,53,6784
1272,53,6784
1273,53,6784
1274,52,6656
1275,52,6656
1276,53,6784
1277,53,6784
1278,53,6784
1279,51,6528
1280,51,6528
1281,51,6528
1282,51,6528
1283,51,6528
1284,51,6528
1285,51,6528
1286,51,6528
1287,51,6528
1288,51,6528
1289,51,6528
1290,51,6528
1291,52,6656
1292,52,6656
1293,53,6784
1294,53,6784
1295,53,6784
1296,53,6784
1297,52,6656
1298,52,6656
1299,52,6656
1300,52,6656
1301,52,6656
1302,52,6656
1303,52,6656
1304,53,6784
1305,52,6656
1306,52,6656
1307,52,6656
1308,52,6656
1309,52,6656
1310,52,6656
1311,52,6656
1312,52,6656
1313,52,6656
1314,52,6656
1315,52,6656
1316,52,6656
1317,52,6656
1318,52,6656
1319,52,6656
1320,52,6656
1321,52,6656
1322,52,6656
1323,52,6656
1324,52,6656
1325,50,6400
1326,50,6400
1327,50,6400
1328,51,6528
1329,51,6528
1330,51,6528
1331,50,6400
1332,50,6400
1333,50,6400
1334,50,6400
1335,50,6400
1336,50,6400
1337,50,6400
1338,50,6400
1339,50,6400
1340,49,6272
1341,48,6144
1342,48,6144
1343,48,6144
1344,48,6144
1345,48,6144
1346,49,6272
1347,49,6272
1348,49,6272
1349,49,6272
1350,49,6272
1351,49,6272
1352,49,6272
1353,50,6400
1354,50,6400
1355,50,6400
1356,50,6400
1357,50,6400
1358,49,6272
1359,49,6272
1360,49,6272
1361,48,6144
1362,48,6144
1363,48,6144
1364,49,6272
1365,50,6400
1366,50,6400
1367,50,6400
1368,51,6528
1369,49,6272
1370,49,6272
1371,49,6272
1372,49,6272
1373,48,6144
1374,48,6144
1375,49,6272
1376,48,6144
1377,48,6144
1378,49,6272
1379,48,6144
1380,48,6144
1381,49,6272
1382,49,6272
1383,49,6272
1384,49,6272
1385,49,6272
1386,49,6272
1387,49,6272
1388,49,6272
1389,49,6272
1390,49,6272
1391,50,6400
1392,49,6272
1393,49,6272
1394,50,6400
1395,50,6400
1396,50,6400
1397,50,6400
1398,50,6400
1399,50,6400
1400,50,6400
1401,49,6272
1402,49,6272
1403,50,6400
1404,50,6400
1405,50,6400
1406,49,6272
1407,49,6272
1408,49,6272
1409,50,6400
1410,51,6528
1411,51,6528
1412,51,6528
1413,51,6528
1414,51,6528
1415,51,6528
1416,52,6656
1417,52,6656
1418,52,6656
1419,51,6528
1420,51,6528
1421,51,6528
1422,52,6656
1423,51,6528
1424,52,6656
1425,53,6784
1426,53,6784
1427,52,6656
1428,52,6656
1429,52,6656
1430,52,6656
1431,53,6784
1432,53,6784
1433,54,6912
1434,54,6912
1435,55,7040
1436,53,6784
1437,53,6784
1438,53,6784
1439,53,6784
1440,53,6784
1441,50,6400
1442,50,6400
1443,48,6144
1444,48,6144
1445,48,6144
1446,48,6144
1447,49,6272
1448,49,6272
1449,49,6272
1450,48,6144
1451,48,6144
1452,48,6144
1453,48,6144
1454,48,6144
1455,48,6144
1456,48,6144
1457,48,6144
1458,48,6144
1459,49,6272
1460,49,6272
1461,49,6272
1462,48,6144
1463,48,6144
1464,48,6144
1465,49,6272
1466,49,6272
1467,48,6144
1468,48,6144
1469,47,6016
1470,47,6016
1471,48,6144
1472,46,5888
1473,46,5888
1474,47,6016
1475,47,6016
1476,47,6016
1477,47,6016
1478,48,6144
1479,48,6144
1480,48,6144
1481,48,6144
1482,48,6144
1483,50,6400
1484,49,6272
1485,50,6400
1486,50,6400
1487,50,6400
1488,49,6272
1489,50,6400
1490,50,6400
1491,49,6272
1492,49,6272
1493,49,6272
1494,48,6144
1495,48,6144
1496,47,6016
1497,48,6144
1498,48,6144
1499,48,6144
1500,47,6016
1501,48,6144
1502,48,6144
1503,48,6144
1504,48,6144
1505,49,6272
1506,49,6272
1507,48,6144
1508,48,6144
1509,48,6144
1510,49,6272
1511,49,6272
1512,50,6400
1513,50,6400
1514,50,6400
1515,51,6528
1516,49,6272
1517,49,6272
1518,49,6272
1519,49,6272
1520,50,6400
1521,50,6400
1522,50,6400
1523,50,6400
1524,50,6400
1525,50,6400
1526,51,6528
1527,51,6528
1528,51,6528
1529,51,6528
1530,51,6528
1531,51,6528
1532,51,6528
1533,50,6400
1534,50,6400
1535,49,6272
1536,49,6272
1537,49,6272
1538,49,6272
1539,49,6272
1540,49,6272
1541,49,6272
1542,49,6272
1543,49,6272
1544,50,6400
1545,50,6400
1546,50,6400
1547,51,6528
1548,50,6400
1549,50,6400
1550,50,6400
1551,50,6400
1552,50,6400
1553,50,6400
1554,49,6272
1555,49,6272
1556,49,6272
1557,48,6144
1558,48,6144
1559,49,6272
1560,49,6272
1561,50,6400
1562,50,6400
1563,50,6400
1564,50,6400
1565,50,6400
1566,51,6528
1567,48,6144
1568,50,6400
1569,50,6400
1570,50,6400
1571,50,6400
1572,50,6400
1573,50,6400
1574,48,6144
1575,48,6144
1576,48,6144
1577,48,6144
1578,48,6144
1579,48,6144
1580,48,6144
1581,48,6144
1582,49,6272
1583,49,6272
1584,48,6144
1585,48,6144
1586,48,6144
1587,49,6272
1588,49,6272
1589,48,6144
1590,48,6144
1591,49,6272
1592,49,6272
1593,49,6272
1594,48,6144
1595,49,6272
1596,49,6272
1597,48,6144
1598,48,6144
1599,49,6272
1600,49,6272
1601,49,6272
1602,48,6144
1603,48,6144
1604,48,6144
1605,48,6144
1606,49,6272
1607,49,6272
1608,48,6144
1609,49,6272
1610,49,6272
1611,48,6144
1612,48,6144
1613,48,6144
1614,48,6144
1615,48,6144
1616,48,6144
1617,48,6144
1618,49,6272
1619,49,6272
1620,48,6144
1621,48,6144
1622,49,6272
1623,49,6272
1624,48,6144
1625,48,6144
1626,48,6144
1627,49,6272
1628,49,6272
1629,49,6272
1630,49,6272
1631,49,6272
1632,49,6272
1633,50,6400
1634,50,6400
1635,50,6400
1636,50,6400
1637,50,6400
1638,49,6272
1639,49,6272
1640,49,6272
1641,49,6272
1642,50,6400
1643,50,6400
1644,51,6528
1645,51,6528
1646,51,6528
1647,50,6400
1648,51,6528
1649,51,6528
1650,50,6400
1651,50,6400
1652,51,6528
1653,50,6400
1654,49,6272
1655,50,6400
1656,50,6400
1657,50,6400
1658,50,6400
1659,50,6400
1660,50,6400
1661,50,6400
1662,51,6528
1663,51,6528
1664,51,6528
1665,50,6400
1666,50,6400
1667,50,6400
1668,51,6528
1669,51,6528
1670,50,6400
1671,51,6528
1672,50,6400
1673,51,6528
1674,51,6528
1675,51,6528
1676,51,6528
1677,51,6528
1678,50,6400
1679,49,6272
1680,48,6144
1681,48,6144
1682,47,6016
1683,48,6144
1684,48,6144
1685,47,6016
1686,46,5888
1687,47,6016
1688,48,6144
1689,48,6144
1690,47,6016
1691,47,6016
1692,47,6016
1693,47,6016
1694,47,6016
1695,47,6016
1696,47,6016
1697,47,6016
1698,47,6016
1699,47,6016
1700,47,6016
1701,47,6016
1702,47,6016
1703,47,6016
1704,47,6016
1705,47,6016
1706,47,6016
1707,47,6016
1708,47,6016
1709,46,5888
1710,46,5888
1711,47,6016
1712,47,6016
1713,47,6016
1714,48,6144
1715,48,6144
1716,48,6144
1717,47,6016
1718,47,6016
1719,47,6016
1720,47,6016
1721,47,6016
1722,47,6016
1723,47,6016
1724,47,6016
1725,48,6144
1726,46,5888
1727,46,5888
1728,47,6016
1729,47,6016
1730,46,5888
1731,47,6016
1732,47,6016
1733,47,6016
1734,48,6144
1735,48,6144
1736,47,6016
1737,48,6144
1738,48,6144
1739,48,6144
1740,49,6272
1741,46,5888
1742,46,5888
1743,46,5888
1744,46,5888
1745,46,5888
1746,46,5888
1747,46,5888
1748,47,6016
1749,46,5888
1750,47,6016
1751,47,6016
1752,47,6016
1753,47,6016
1754,45,5760
1755,47,6016
1756,47,6016
1757,45,5760
1758,45,5760
1759,45,5760
1760,46,5888
1761,46,5888
1762,46,5888
1763,46,5888
1764,46,5888
1765,46,5888
1766,45,5760
1767,46,5888
1768,45,5760
1769,45,5760
1770,46,5888
1771,46,5888
1772,46,5888
1773,46,5888
1774,45,5760
1775,44,5632
1776,45,5760
1777,45,5760
1778,46,5888
1779,45,5760
1780,46,5888
1781,45,5760
1782,45,5760
1783,45,5760
1784,46,5888
1785,47,6016
1786,47,6016
1787,47,6016
1788,48,6144
1789,47,6016
1790,47,6016
1791,47,6016
1792,47,6016
1793,47,6016
1794,47,6016
1795,47,6016
1796,47,6016
1797,48,6144
1798,47,6016
1799,47,6016
1800,47,6016
1801,47,6016
1802,47,6016
1803,48,6144
1804,48,6144
1805,47,6016
1806,47,6016
1807,47,6016
1808,47,6016
1809,47,6016
1810,47,6016
1811,48,6144
1812,48,6144
1813,48,6144
1814,48,6144
1815,48,6144
1816,47,6016
1817,47,6016
1818,46,5888
1819,46,5888
1820,46,5888
1821,46,5888
1822,46,5888
1823,46,5888
1824,46,5888
1825,46,5888
1826,46,5888
1827,46,5888
1828,46,5888
1829,46,5888
1830,46,5888
1831,46,5888
1832,46,5888
1833,47,6016
1834,47,6016
1835,48,6144
1836,47,6016
1837,48,6144
1838,48,6144
1839,48,6144
1840,48,6144
1841,49,6272
1842,48,6144
1843,48,6144
1844,49,6272
1845,48,6144
1846,48,6144
1847,47,6016
1848,48,6144
1849,48,6144
1850,48,6144
1851,48,6144
1852,48,6144
1853,48,6144
1854,48,6144
1855,48,6144
1856,49,6272
1857,50,6400
1858,50,6400
1859,49,6272
1860,50,6400
1861,50,6400
1862,49,6272
1863,49,6272
1864,48,6144
1865,48,6144
1866,48,6144
1867,49,6272
1868,49,6272
1869,49,6272
1870,49,6272
1871,48,6144
1872,49,6272
1873,49,6272
1874,48,6144
1875,48,6144
1876,48,6144
1877,48,6144
1878,48,6144
1879,50,6400
1880,49,6272
1881,50,6400
1882,50,6400
1883,50,6400
1884,50,6400
1885,50,6400
1886,51,6528
1887,49,6272
1888,49,6272
1889,49,6272
1890,49,6272
1891,49,6272
1892,49,6272
1893,49,6272
1894,49,6272
1895,48,6144
1896,48,6144
1897,48,6144
1898,48,6144
1899,48,6144
1900,48,6144
1901,48,6144
1902,48,6144
1903,49,6272
1904,49,6272
1905,49,6272
1906,49,6272
1907,49,6272
1908,49,6272
1909,49,6272
1910,50,6400
1911,50,6400
1912,51,6528
1913,51,6528
1914,52,6656
1915,51,6528
1916,51,6528
1917,51,6528
1918,50,6400
1919,50,6400
1920,51,6528
1921,50,6400
1922,51,6528
1923,51,6528
1924,51,6528
1925,51,6528
1926,51,6528
1927,50,6400
1928,50,6400
1929,50,6400
1930,50,6400
1931,50,6400
1932,51,6528
1933,52,6656
1934,52,6656
1935,52,6656
1936,52,6656
1937,50,6400
1938,50,6400
1939,50,6400
1940,50,6400
1941,49,6272
1942,50,6400
1943,49,6272
1944,49,6272
1945,50,6400
1946,50,6400
1947,50,6400
1948,50,6400
1949,50,6400
1950,49,6272
1951,49,6272
1952,49,6272
1953,50,6400
1954,49,6272
1955,49,6272
1956,49,6272
1957,49,6272
1958,49,6272
1959,49,6272
1960,50,6400
1961,50,6400
1962,50,6400
1963,50,6400
1964,50,6400
1965,50,6400
1966,50,6400
1967,50,6400
1968,50,6400
1969,49,6272
1970,49,6272
1971,49,6272
1972,50,6400
1973,49,6272
1974,50,6400
1975,49,6272
1976,49,6272
1977,50,6400
1978,49,6272
1979,49,6272
1980,50,6400
1981,50,6400
1982,50,6400
1983,50,6400
1984,50,6400
1985,51,6528
1986,50,6400
1987,51,6528
1988,51,6528
1989,51,6528
1990,52,6656
1991,51,6528
1992,51,6528
1993,51,6528
1994,51,6528
1995,52,6656
1996,52,6656
1997,50,6400
1998,50,6400
1999,51,6528
2000,51,6528
