RandomSeed,76569,Population size:128,Bit Length:64,Crossover Rate:0,Mutation Rate:0.005
gen,BestFitness,FitnessEval
1,40,5120
2,40,5120
3,40,5120
4,40,5120
5,41,5248
6,40,5120
7,40,5120
8,42,5376
9,41,5248
10,41,5248
11,41,5248
12,40,5120
13,41,5248
14,41,5248
15,41,5248
16,41,5248
17,41,5248
18,41,5248
19,42,5376
20,41,5248
21,41,5248
22,41,5248
23,41,5248
24,42,5376
25,42,5376
26,42,5376
27,42,5376
28,43,5504
29,43,5504
30,43,5504
31,43,5504
32,43,5504
33,44,5632
34,44,5632
35,43,5504
36,42,5376
37,43,5504
38,42,5376
39,42,5376
40,43,5504
41,42,5376
42,42,5376
43,43,5504
44,42,5376
45,42,5376
46,42,5376
47,42,5376
48,42,5376
49,42,5376
50,43,5504
51,43,5504
52,43,5504
53,44,5632
54,44,5632
55,43,5504
56,43,5504
57,44,5632
58,43,5504
59,44,5632
60,45,5760
61,46,5888
62,45,5760
63,44,5632
64,44,5632
65,45,5760
66,45,5760
67,45,5760
68,46,5888
69,46,5888
70,46,5888
71,46,5888
72,46,5888
73,46,5888
74,46,5888
75,46,5888
76,46,5888
77,46,5888
78,44,5632
79,44,5632
80,44,5632
81,45,5760
82,45,5760
83,46,5888
84,46,5888
85,46,5888
86,46,5888
87,47,6016
88,47,6016
89,47,6016
90,46,5888
91,46,5888
92,46,5888
93,47,6016
94,46,5888
95,46,5888
96,46,5888
97,46,5888
98,47,6016
99,47,6016
100,47,6016
101,46,5888
102,47,6016
103,47,6016
104,48,6144
105,48,6144
106,47,6016
107,47,6016
108,47,6016
109,47,6016
110,47,6016
111,47,6016
112,46,5888
113,47,6016
114,47,6016
115,47,6016
116,47,6016
117,47,6016
118,47,6016
119,47,6016
120,48,6144
121,48,6144
122,48,6144
123,48,6144
124,47,6016
125,47,6016
126,47,6016
127,46,5888
128,46,5888
129,47,6016
130,47,6016
131,47,6016
132,46,5888
133,46,5888
134,47,6016
135,46,5888
136,47,6016
137,47,6016
138,47,6016
139,47,6016
140,48,6144
141,48,6144
142,48,6144
143,48,6144
144,48,6144
145,48,6144
146,48,6144
147,48,6144
148,48,6144
149,47,6016
150,47,6016
151,48,6144
152,48,6144
153,48,6144
154,47,6016
155,47,6016
156,48,6144
157,48,6144
158,48,6144
159,48,6144
160,48,6144
161,48,6144
162,48,6144
163,48,6144
164,48,6144
165,48,6144
166,48,6144
167,49,6272
168,49,6272
169,49,6272
170,49,6272
171,48,6144
172,48,6144
173,48,6144
174,49,6272
175,48,6144
176,49,6272
177,49,6272
178,49,6272
179,49,6272
180,48,6144
181,48,6144
182,48,6144
183,48,6144
184,48,6144
185,48,6144
186,47,6016
187,48,6144
188,47,6016
189,48,6144
190,47,6016
191,47,6016
192,47,6016
193,47,6016
194,47,6016
195,47,6016
196,47,6016
197,49,6272
198,47,6016
199,46,5888
200,46,5888
201,45,5760
202,45,5760
203,45,5760
204,45,5760
205,45,5760
206,45,5760
207,44,5632
208,44,5632
209,45,5760
210,45,5760
211,45,5760
212,45,5760
213,45,5760
214,45,5760
215,45,5760
216,45,5760
217,45,5760
218,46,5888
219,45,5760
220,45,5760
221,46,5888
222,46,5888
223,45,5760
224,45,5760
225,45,5760
226,46,5888
227,45,5760
228,45,5760
229,45,5760
230,46,5888
231,46,5888
232,45,5760
233,45,5760
234,46,5888
235,47,6016
236,48,6144
237,48,6144
238,48,6144
239,49,6272
240,49,6272
241,49,6272
242,48,6144
243,48,6144
244,47,6016
245,48,6144
246,48,6144
247,47,6016
248,47,6016
249,47,6016
250,48,6144
251,48,6144
252,48,6144
253,48,6144
254,48,6144
255,48,6144
256,47,6016
257,47,6016
258,47,6016
259,47,6016
260,47,6016
261,47,6016
262,47,6016
263,47,6016
264,47,6016
265,48,6144
266,46,5888
267,46,5888
268,47,6016
269,47,6016
270,46,5888
271,46,5888
272,46,5888
273,45,5760
274,45,5760
275,45,5760
276,46,5888
277,46,5888
278,46,5888
279,45,5760
280,46,5888
281,45,5760
282,46,5888
283,45,5760
284,45,5760
285,44,5632
286,45,5760
287,45,5760
288,45,5760
289,45,5760
290,45,5760
291,44,5632
292,44,5632
293,44,5632
294,44,5632
295,44,5632
296,44,5632
297,44,5632
298,44,5632
299,45,5760
300,45,5760
301,44,5632
302,45,5760
303,45,5760
304,45,5760
305,45,5760
306,44,5632
307,45,5760
308,45,5760
309,44,5632
310,44,5632
311,44,5632
312,45,5760
313,44,5632
314,44,5632
315,44,5632
316,44,5632
317,45,5760
318,44,5632
319,43,5504
320,43,5504
321,43,5504
322,44,5632
323,44,5632
324,44,5632
325,44,5632
326,45,5760
327,45,5760
328,46,5888
329,45,5760
330,46,5888
331,46,5888
332,46,5888
333,46,5888
334,46,5888
335,46,5888
336,46,5888
337,46,5888
338,47,6016
339,47,6016
340,47,6016
341,47,6016
342,47,6016
343,47,6016
344,47,6016
345,47,6016
346,47,6016
347,48,6144
348,48,6144
349,48,6144
350,48,6144
351,48,6144
352,49,6272
353,48,6144
354,49,6272
355,49,6272
356,48,6144
357,48,6144
358,48,6144
359,49,6272
360,49,6272
361,49,6272
362,49,6272
363,50,6400
364,48,6144
365,48,6144
366,49,6272
367,48,6144
368,48,6144
369,48,6144
370,49,6272
371,50,6400
372,50,6400
373,50,6400
374,50,6400
375,50,6400
376,50,6400
377,49,6272
378,49,6272
379,50,6400
380,50,6400
381,50,6400
382,50,6400
383,50,6400
384,50,6400
385,51,6528
386,50,6400
387,50,6400
388,50,6400
389,50,6400
390,50,6400
391,49,6272
392,49,6272
393,49,6272
394,49,6272
395,49,6272
396,49,6272
397,49,6272
398,49,6272
399,49,6272
400,49,6272
401,49,6272
402,50,6400
403,50,6400
404,50,6400
405,50,6400
406,51,6528
407,50,6400
408,50,6400
409,50,6400
410,50,6400
411,50,6400
412,50,6400
413,50,6400
414,50,6400
415,50,6400
416,50,6400
417,50,6400
418,49,6272
419,49,6272
420,49,6272
421,49,6272
422,49,6272
423,49,6272
424,49,6272
425,49,6272
426,49,6272
427,49,6272
428,49,6272
429,48,6144
430,48,6144
431,47,6016
432,47,6016
433,48,6144
434,48,6144
435,48,6144
436,48,6144
437,49,6272
438,49,6272
439,50,6400
440,49,6272
441,49,6272
442,49,6272
443,49,6272
444,50,6400
445,50,6400
446,50,6400
447,50,6400
448,50,6400
449,50,6400
450,51,6528
451,51,6528
452,51,6528
453,50,6400
454,50,6400
455,50,6400
456,50,6400
457,49,6272
458,48,6144
459,48,6144
460,48,6144
461,49,6272
462,49,6272
463,49,6272
464,50,6400
465,50,6400
466,49,6272
467,49,6272
468,50,6400
469,50,6400
470,50,6400
471,49,6272
472,48,6144
473,48,6144
474,49,6272
475,49,6272
476,48,6144
477,48,6144
478,48,6144
479,49,6272
480,49,6272
481,49,6272
482,48,6144
483,48,6144
484,47,6016
485,47,6016
486,48,6144
487,48,6144
488,49,6272
489,50,6400
490,50,6400
491,50,6400
492,50,6400
493,50,6400
494,50,6400
495,49,6272
496,49,6272
497,50,6400
498,49,6272
499,50,6400
500,50,6400
501,50,6400
502,50,6400
503,49,6272
504,49,6272
505,50,6400
506,49,6272
507,49,6272
508,49,6272
509,49,6272
510,49,6272
511,49,6272
512,50,6400
513,50,6400
514,50,6400
515,50,6400
516,50,6400
517,50,6400
518,51,6528
519,50,6400
520,50,6400
521,50,6400
522,50,6400
523,49,6272
524,49,6272
525,49,6272
526,49,6272
527,49,6272
528,49,6272
529,49,6272
530,49,6272
531,50,6400
532,51,6528
533,51,6528
534,52,6656
535,51,6528
536,51,6528
537,51,6528
538,51,6528
539,50,6400
540,50,6400
541,50,6400
542,50,6400
543,49,6272
544,50,6400
545,50,6400
546,50,6400
547,50,6400
548,50,6400
549,50,6400
550,50,6400
551,50,6400
552,50,6400
553,50,6400
554,50,6400
555,50,6400
556,50,6400
557,50,6400
558,50,6400
559,50,6400
560,50,6400
561,50,6400
562,51,6528
563,51,6528
564,50,6400
565,50,6400
566,50,6400
567,50,6400
568,51,6528
569,51,6528
570,51,6528
571,51,6528
572,51,6528
573,51,6528
574,51,6528
575,52,6656
576,52,6656
577,52,6656
578,52,6656
579,52,6656
580,52,6656
581,52,6656
582,52,6656
583,52,6656
584,52,6656
585,52,6656
586,52,6656
587,52,6656
588,52,6656
589,52,6656
590,52,6656
591,52,6656
592,52,6656
593,52,6656
594,51,6528
595,52,6656
596,52,6656
597,52,6656
598,52,6656
599,52,6656
600,52,6656
601,52,6656
602,52,6656
603,52,6656
604,52,6656
605,52,6656
606,52,6656
607,52,6656
608,52,6656
609,52,6656
610,52,6656
611,52,6656
612,52,6656
613,53,6784
614,53,6784
615,53,6784
616,54,6912
617,53,6784
618,53,6784
619,54,6912
620,53,6784
621,53,6784
622,53,6784
623,52,6656
624,52,6656
625,53,6784
626,52,6656
627,52,6656
628,53,6784
629,52,6656
630,54,6912
631,52,6656
632,52,6656
633,52,6656
634,52,6656
635,51,6528
636,52,6656
637,52,6656
638,52,6656
639,52,6656
640,52,6656
641,52,6656
642,52,6656
643,52,6656
644,50,6400
645,50,6400
646,50,6400
647,50,6400
648,51,6528
649,50,6400
650,50,6400
651,50,6400
652,50,6400
653,50,6400
654,49,6272
655,49,6272
656,49,6272
657,48,6144
658,48,6144
659,49,6272
660,49,6272
661,49,6272
662,50,6400
663,48,6144
664,48,6144
665,49,6272
666,48,6144
667,48,6144
668,48,6144
669,49,6272
670,49,6272
671,49,6272
672,49,6272
673,49,6272
674,48,6144
675,49,6272
676,49,6272
677,49,6272
678,49,6272
679,49,6272
680,49,6272
681,49,6272
682,51,6528
683,51,6528
684,51,6528
685,51,6528
686,50,6400
687,50,6400
688,50,6400
689,50,6400
690,51,6528
691,50,6400
692,50,6400
693,50,6400
694,50,6400
695,50,6400
696,51,6528
697,51,6528
698,50,6400
699,50,6400
700,49,6272
701,49,6272
702,50,6400
703,49,6272
704,49,6272
705,49,6272
706,49,6272
707,48,6144
708,48,6144
709,48,6144
710,48,6144
711,48,6144
712,48,6144
713,48,6144
714,48,6144
715,49,6272
716,49,6272
717,48,6144
718,48,6144
719,48,6144
720,48,6144
721,49,6272
722,50,6400
723,50,6400
724,48,6144
725,47,6016
726,46,5888
727,46,5888
728,47,6016
729,46,5888
730,46,5888
731,46,5888
732,47,6016
733,47,6016
734,47,6016
735,47,6016
736,48,6144
737,48,6144
738,48,6144
739,48,6144
740,48,6144
741,48,6144
742,48,6144
743,48,6144
744,48,6144
745,47,6016
746,48,6144
747,49,6272
748,49,6272
749,49,6272
750,48,6144
751,48,6144
752,48,6144
753,49,6272
754,50,6400
755,50,6400
756,50,6400
757,51,6528
758,51,6528
759,50,6400
760,50,6400
761,50,6400
762,51,6528
763,51,6528
764,51,6528
765,51,6528
766,51,6528
767,51,6528
768,51,6528
769,51,6528
770,51,6528
771,52,6656
772,50,6400
773,51,6528
774,51,6528
775,51,6528
776,51,6528
777,50,6400
778,50,6400
779,50,6400
780,51,6528
781,50,6400
782,50,6400
783,50,6400
784,51,6528
785,51,6528
786,51,6528
787,51,6528
788,51,6528
789,52,6656
790,52,6656
791,52,6656
792,51,6528
793,52,6656
794,51,6528
795,51,6528
796,51,6528
797,51,6528
798,51,6528
799,51,6528
800,51,6528
801,50,6400
802,50,6400
803,50,6400
804,51,6528
805,51,6528
806,50,6400
807,50,6400
808,50,6400
809,50,6400
810,51,6528
811,51,6528
812,52,6656
813,52,6656
814,52,6656
815,52,6656
816,50,6400
817,51,6528
818,50,6400
819,51,6528
820,51,6528
821,51,6528
822,51,6528
823,51,6528
824,51,6528
825,51,6528
826,49,6272
827,50,6400
828,50,6400
829,49,6272
830,50,6400
831,50,6400
832,49,6272
833,49,6272
834,49,6272
835,49,6272
836,49,6272
837,49,6272
838,50,6400
839,49,6272
840,49,6272
841,49,6272
842,49,6272
843,49,6272
844,48,6144
845,48,6144
846,50,6400
847,50,6400
848,49,6272
849,48,6144
850,49,6272
851,49,6272
852,48,6144
853,48,6144
854,48,6144
855,48,6144
856,48,6144
857,48,6144
858,48,6144
859,48,6144
860,48,6144
861,49,6272
862,49,6272
863,49,6272
864,49,6272
865,49,6272
866,49,6272
867,48,6144
868,49,6272
869,48,6144
870,48,6144
871,48,6144
872,48,6144
873,48,6144
874,48,6144
875,48,6144
876,48,6144
877,48,6144
878,49,6272
879,48,6144
880,48,6144
881,48,6144
882,48,6144
883,48,6144
884,48,6144
885,48,6144
886,48,6144
887,48,6144
888,48,6144
889,47,6016
890,47,6016
891,47,6016
892,47,6016
893,47,6016
894,47,6016
895,47,6016
896,47,6016
897,48,6144
898,48,6144
899,48,6144
900,48,6144
901,48,6144
902,48,6144
903,49,6272
904,49,6272
905,49,6272
906,49,6272
907,49,6272
908,50,6400
909,49,6272
910,49,6272
911,51,6528
912,49,6272
913,49,6272
914,49,6272
915,49,6272
916,48,6144
917,48,6144
918,48,6144
919,49,6272
920,49,6272
921,48,6144
922,48,6144
923,48,6144
924,48,6144
925,48,6144
926,48,6144
927,48,6144
928,48,6144
929,48,6144
930,48,6144
931,48,6144
932,48,6144
933,48,6144
934,48,6144
935,48,6144
936,48,6144
937,48,6144
938,47,6016
939,47,6016
940,46,5888
941,46,5888
942,46,5888
943,46,5888
944,47,6016
945,47,6016
946,47,6016
947,47,6016
948,47,6016
949,47,6016
950,47,6016
951,47,6016
952,47,6016
953,48,6144
954,48,6144
955,48,6144
956,48,6144
957,48,6144
958,48,6144
959,48,6144
960,47,6016
961,47,6016
962,47,6016
963,48,6144
964,47,6016
965,47,6016
966,47,6016
967,47,6016
968,47,6016
969,47,6016
970,47,6016
971,47,6016
972,47,6016
973,47,6016
974,47,6016
975,48,6144
976,47,6016
977,47,6016
978,49,6272
979,49,6272
980,49,6272
981,49,6272
982,48,6144
983,49,6272
984,48,6144
985,49,6272
986,49,6272
987,49,6272
988,49,6272
989,49,6272
990,49,6272
991,49,6272
992,49,6272
993,49,6272
994,49,6272
995,49,6272
996,49,6272
997,50,6400
998,50,6400
999,51,6528
1000,50,6400
1001,51,6528
1002,51,6528
1003,51,6528
1004,51,6528
1005,50,6400
1006,50,6400
1007,51,6528
1008,51,6528
1009,52,6656
1010,51,6528
1011,50,6400
1012,51,6528
1013,51,6528
1014,51,6528
1015,51,6528
1016,51,6528
1017,50,6400
1018,51,6528
1019,51,6528
1020,51,6528
1021,52,6656
1022,52,6656
1023,53,6784
1024,53,6784
1025,50,6400
1026,50,6400
1027,50,6400
1028,50,6400
1029,50,6400
1030,50,6400
1031,51,6528
1032,51,6528
1033,50,6400
1034,50,6400
1035,50,6400
1036,50,6400
1037,50,6400
1038,51,6528
1039,51,6528
1040,51,6528
1041,51,6528
1042,51,6528
1043,51,6528
1044,51,6528
1045,51,6528
1046,50,6400
1047,50,6400
1048,50,6400
1049,48,6144
1050,48,6144
1051,48,6144
1052,48,6144
1053,49,6272
1054,49,6272
1055,49,6272
1056,49,6272
1057,49,6272
1058,49,6272
1059,49,6272
1060,50,6400
1061,50,6400
1062,47,6016
1063,47,6016
1064,48,6144
1065,50,6400
1066,48,6144
1067,48,6144
1068,48,6144
1069,48,6144
1070,48,6144
1071,48,6144
1072,48,6144
1073,47,6016
1074,48,6144
1075,48,6144
1076,48,6144
1077,47,6016
1078,47,6016
1079,46,5888
1080,46,5888
1081,46,5888
1082,47,6016
1083,47,6016
1084,48,6144
1085,47,6016
1086,47,6016
1087,47,6016
1088,47,6016
1089,47,6016
1090,48,6144
1091,48,6144
1092,48,6144
1093,48,6144
1094,48,6144
1095,48,6144
1096,47,6016
1097,47,6016
1098,47,6016
1099,47,6016
1100,47,6016
1101,45,5760
1102,46,5888
1103,47,6016
1104,47,6016
1105,47,6016
1106,46,5888
1107,46,5888
1108,46,5888
1109,46,5888
1110,46,5888
1111,46,5888
1112,46,5888
1113,45,5760
1114,45,5760
1115,46,5888
1116,46,5888
1117,47,6016
1118,46,5888
1119,47,6016
1120,47,6016
1121,47,6016
1122,47,6016
1123,47,6016
1124,47,6016
1125,46,5888
1126,47,6016
1127,46,5888
1128,47,6016
1129,47,6016
1130,46,5888
1131,46,5888
1132,47,6016
1133,48,6144
1134,48,6144
1135,45,5760
1136,46,5888
1137,46,5888
1138,46,5888
1139,46,5888
1140,47,6016
1141,47,6016
1142,47,6016
1143,47,6016
1144,47,6016
1145,47,6016
1146,47,6016
1147,47,6016
1148,47,6016
1149,48,6144
1150,48,6144
1151,48,6144
1152,48,6144
1153,48,6144
1154,49,6272
1155,49,6272
1156,49,6272
1157,48,6144
1158,48,6144
1159,48,6144
1160,48,6144
1161,47,6016
1162,47,6016
1163,47,6016
1164,47,6016
1165,46,5888
1166,46,5888
1167,47,6016
1168,47,6016
1169,47,6016
1170,46,5888
1171,46,5888
1172,46,5888
1173,46,5888
1174,46,5888
1175,46,5888
1176,46,5888
1177,46,5888
1178,46,5888
1179,47,6016
1180,47,6016
1181,47,6016
1182,47,6016
1183,48,6144
1184,48,6144
1185,46,5888
1186,47,6016
1187,46,5888
1188,46,5888
1189,46,5888
1190,46,5888
1191,46,5888
1192,46,5888
1193,47,6016
1194,47,6016
1195,47,6016
1196,48,6144
1197,48,6144
1198,48,6144
1199,48,6144
1200,48,6144
1201,48,6144
1202,48,6144
1203,48,6144
1204,48,6144
1205,48,6144
1206,49,6272
1207,48,6144
1208,47,6016
1209,47,6016
1210,48,6144
1211,47,6016
1212,47,6016
1213,47,6016
1214,48,6144
1215,48,6144
1216,48,6144
1217,48,6144
1218,47,6016
1219,46,5888
1220,47,6016
1221,48,6144
1222,48,6144
1223,48,6144
1224,48,6144
1225,48,6144
1226,49,6272
1227,49,6272
1228,48,6144
1229,48,6144
1230,48,6144
1231,48,6144
1232,48,6144
1233,49,6272
1234,48,6144
1235,48,6144
1236,49,6272
1237,48,6144
1238,49,6272
1239,49,6272
1240,48,6144
1241,49,6272
1242,47,6016
1243,48,6144
1244,48,6144
1245,48,6144
1246,48,6144
1247,48,6144
1248,49,6272
1249,49,6272
1250,49,6272
1251,48,6144
1252,48,6144
1253,48,6144
1254,48,6144
1255,48,6144
1256,48,6144
1257,48,6144
1258,48,6144
1259,47,6016
1260,47,6016
1261,47,6016
1262,48,6144
1263,48,6144
1264,49,6272
1265,49,6272
1266,49,6272
1267,50,6400
1268,50,6400
1269,50,6400
1270,49,6272
1271,49,6272
1272,50,6400
1273,50,6400
1274,49,6272
1275,49,6272
1276,50,6400
1277,50,6400
1278,50,6400
1279,49,6272
1280,49,6272
1281,48,6144
1282,47,6016
1283,47,6016
1284,47,6016
1285,49,6272
1286,49,6272
1287,48,6144
1288,48,6144
1289,48,6144
1290,48,6144
1291,49,6272
1292,48,6144
1293,48,6144
1294,47,6016
1295,48,6144
1296,47,6016
1297,47,6016
1298,47,6016
1299,47,6016
1300,48,6144
1301,48,6144
1302,48,6144
1303,48,6144
1304,48,6144
1305,49,6272
1306,49,6272
1307,49,6272
1308,49,6272
1309,47,6016
1310,47,6016
1311,47,6016
1312,47,6016
1313,48,6144
1314,48,6144
1315,49,6272
1316,49,6272
1317,45,5760
1318,45,5760
1319,45,5760
1320,45,5760
1321,44,5632
1322,46,5888
1323,45,5760
1324,46,5888
1325,47,6016
1326,46,5888
1327,47,6016
1328,46,5888
1329,46,5888
1330,45,5760
1331,42,5376
1332,42,5376
1333,42,5376
1334,42,5376
1335,43,5504
1336,43,5504
1337,43,5504
1338,42,5376
1339,43,5504
1340,44,5632
1341,44,5632
1342,44,5632
1343,45,5760
1344,44,5632
1345,43,5504
1346,43,5504
1347,43,5504
1348,43,5504
1349,42,5376
1350,43,5504
1351,43,5504
1352,43,5504
1353,42,5376
1354,43,5504
1355,43,5504
1356,43,5504
1357,43,5504
1358,43,5504
1359,44,5632
1360,43,5504
1361,43,5504
1362,43,5504
1363,44,5632
1364,44,5632
1365,44,5632
1366,43,5504
1367,44,5632
1368,43,5504
1369,43,5504
1370,43,5504
1371,43,5504
1372,43,5504
1373,44,5632
1374,43,5504
1375,44,5632
1376,43,5504
1377,45,5760
1378,45,5760
1379,45,5760
1380,45,5760
1381,45,5760
1382,45,5760
1383,44,5632
1384,44,5632
1385,44,5632
1386,45,5760
1387,44,5632
1388,44,5632
1389,44,5632
1390,44,5632
1391,44,5632
1392,44,5632
1393,44,5632
1394,44,5632
1395,44,5632
1396,45,5760
1397,45,5760
1398,45,5760
1399,45,5760
1400,44,5632
1401,44,5632
1402,44,5632
1403,45,5760
1404,45,5760
1405,45,5760
1406,46,5888
1407,46,5888
1408,45,5760
1409,45,5760
1410,46,5888
1411,45,5760
1412,45,5760
1413,45,5760
1414,44,5632
1415,44,5632
1416,44,5632
1417,45,5760
1418,45,5760
1419,45,5760
1420,45,5760
1421,45,5760
1422,45,5760
1423,45,5760
1424,45,5760
1425,45,5760
1426,45,5760
1427,46,5888
1428,46,5888
1429,47,6016
1430,47,6016
1431,47,6016
1432,48,6144
1433,48,6144
1434,47,6016
1435,47,6016
1436,47,6016
1437,48,6144
1438,48,6144
1439,48,6144
1440,48,6144
1441,48,6144
1442,48,6144
1443,47,6016
1444,47,6016
1445,47,6016
1446,47,6016
1447,46,5888
1448,47,6016
1449,47,6016
1450,47,6016
1451,46,5888
1452,47,6016
1453,47,6016
1454,46,5888
1455,46,5888
1456,46,5888
1457,46,5888
1458,47,6016
1459,48,6144
1460,46,5888
1461,47,6016
1462,47,6016
1463,45,5760
1464,45,5760
1465,44,5632
1466,44,5632
1467,45,5760
1468,45,5760
1469,46,5888
1470,46,5888
1471,46,5888
1472,46,5888
1473,45,5760
1474,45,5760
1475,46,5888
1476,46,5888
1477,46,5888
1478,46,5888
1479,47,6016
1480,46,5888
1481,47,6016
1482,47,6016
1483,47,6016
1484,48,6144
1485,48,6144
1486,48,6144
1487,47,6016
1488,47,6016
1489,47,6016
1490,47,6016
1491,47,6016
1492,47,6016
1493,47,6016
1494,48,6144
1495,47,6016
1496,47,6016
1497,47,6016
1498,47,6016
1499,48,6144
1500,48,6144
1501,48,6144
1502,48,6144
1503,49,6272
1504,49,6272
1505,49,6272
1506,48,6144
1507,46,5888
1508,47,6016
1509,48,6144
1510,48,6144
1511,47,6016
1512,47,6016
1513,47,6016
1514,48,6144
1515,48,6144
1516,48,6144
1517,48,6144
1518,48,6144
1519,48,6144
1520,47,6016
1521,48,6144
1522,49,6272
1523,49,6272
1524,47,6016
1525,48,6144
1526,48,6144
1527,47,6016
1528,47,6016
1529,47,6016
1530,48,6144
1531,47,6016
1532,47,6016
1533,46,5888
1534,47,6016
1535,47,6016
1536,47,6016
1537,47,6016
1538,47,6016
1539,48,6144
1540,48,6144
1541,48,6144
1542,48,6144
1543,48,6144
1544,48,6144
1545,48,6144
1546,48,6144
1547,48,6144
1548,48,6144
1549,49,6272
1550,49,6272
1551,49,6272
1552,49,6272
1553,49,6272
1554,49,6272
1555,49,6272
1556,49,6272
1557,49,6272
1558,49,6272
1559,49,6272
1560,49,6272
1561,51,6528
1562,51,6528
1563,50,6400
1564,50,6400
1565,51,6528
1566,51,6528
1567,49,6272
1568,49,6272
1569,49,6272
1570,48,6144
1571,48,6144
1572,48,6144
1573,48,6144
1574,48,6144
1575,48,6144
1576,48,6144
1577,48,6144
1578,48,6144
1579,47,6016
1580,48,6144
1581,48,6144
1582,48,6144
1583,48,6144
1584,48,6144
1585,49,6272
1586,49,6272
1587,49,6272
1588,48,6144
1589,48,6144
1590,49,6272
1591,49,6272
1592,49,6272
1593,50,6400
1594,51,6528
1595,50,6400
1596,50,6400
1597,51,6528
1598,50,6400
1599,50,6400
1600,50,6400
1601,50,6400
1602,50,6400
1603,47,6016
1604,48,6144
1605,48,6144
1606,48,6144
1607,48,6144
1608,48,6144
1609,48,6144
1610,47,6016
1611,47,6016
1612,47,6016
1613,47,6016
1614,47,6016
1615,47,6016
1616,47,6016
1617,46,5888
1618,46,5888
1619,46,5888
1620,46,5888
1621,46,5888
1622,46,5888
1623,46,5888
1624,46,5888
1625,46,5888
1626,46,5888
1627,46,5888
1628,46,5888
1629,45,5760
1630,45,5760
1631,45,5760
1632,45,5760
1633,45,5760
1634,45,5760
1635,45,5760
1636,44,5632
1637,44,5632
1638,44,5632
1639,44,5632
1640,44,5632
1641,45,5760
1642,45,5760
1643,45,5760
1644,45,5760
1645,45,5760
1646,46,5888
1647,46,5888
1648,47,6016
1649,47,6016
1650,47,6016
1651,47,6016
1652,47,6016
1653,47,6016
1654,48,6144
1655,47,6016
1656,47,6016
1657,47,6016
1658,47,6016
1659,47,6016
1660,47,6016
1661,46,5888
1662,46,5888
1663,46,5888
1664,45,5760
1665,46,5888
1666,46,5888
1667,46,5888
1668,46,5888
1669,46,5888
1670,46,5888
1671,47,6016
1672,47,6016
1673,47,6016
1674,46,5888
1675,45,5760
1676,46,5888
1677,46,5888
1678,46,5888
1679,46,5888
1680,47,6016
1681,47,6016
1682,47,6016
1683,47,6016
1684,47,6016
1685,47,6016
1686,47,6016
1687,47,6016
1688,48,6144
1689,48,6144
1690,49,6272
1691,49,6272
1692,50,6400
1693,50,6400
1694,50,6400
1695,50,6400
1696,49,6272
1697,49,6272
1698,49,6272
1699,50,6400
1700,50,6400
1701,50,6400
1702,51,6528
1703,52,6656
1704,51,6528
1705,51,6528
1706,52,6656
1707,53,6784
1708,49,6272
1709,49,6272
1710,48,6144
1711,48,6144
1712,49,6272
1713,49,6272
1714,48,6144
1715,49,6272
1716,50,6400
1717,49,6272
1718,49,6272
1719,50,6400
1720,50,6400
1721,51,6528
1722,51,6528
1723,50,6400
1724,50,6400
1725,50,6400
1726,50,6400
1727,49,6272
1728,49,6272
1729,49,6272
1730,50,6400
1731,50,6400
1732,50,6400
1733,51,6528
1734,50,6400
1735,49,6272
1736,50,6400
1737,49,6272
1738,49,6272
1739,49,6272
1740,49,6272
1741,49,6272
1742,50,6400
1743,49,6272
1744,49,6272
1745,49,6272
1746,49,6272
1747,49,6272
1748,50,6400
1749,51,6528
1750,51,6528
1751,53,6784
1752,53,6784
1753,53,6784
1754,53,6784
1755,53,6784
1756,53,6784
1757,53,6784
1758,54,6912
1759,54,6912
1760,54,6912
1761,55,7040
1762,55,7040
1763,56,7168
1764,55,7040
1765,55,7040
1766,55,7040
1767,55,7040
1768,55,7040
1769,55,7040
1770,55,7040
1771,55,7040
1772,55,7040
1773,55,7040
1774,55,7040
1775,55,7040
1776,55,7040
1777,56,7168
1778,55,7040
1779,55,7040
1780,55,7040
1781,55,7040
1782,55,7040
1783,54,6912
1784,54,6912
1785,55,7040
1786,54,6912
1787,54,6912
1788,54,6912
1789,54,6912
1790,53,6784
1791,54,6912
1792,53,6784
1793,53,6784
1794,54,6912
1795,54,6912
1796,55,7040
1797,55,7040
1798,55,7040
1799,55,7040
1800,55,7040
1801,55,7040
1802,55,7040
1803,55,7040
1804,55,7040
1805,55,7040
1806,54,6912
1807,54,6912
1808,54,6912
1809,54,6912
1810,54,6912
1811,54,6912
1812,54,6912
1813,54,6912
1814,54,6912
1815,53,6784
1816,53,6784
1817,53,6784
1818,53,6784
1819,52,6656
1820,52,6656
1821,52,6656
1822,53,6784
1823,53,6784
1824,53,6784
1825,53,6784
1826,53,6784
1827,53,6784
1828,53,6784
1829,53,6784
1830,53,6784
1831,53,6784
1832,53,6784
1833,53,6784
1834,53,6784
1835,53,6784
1836,54,6912
1837,54,6912
1838,54,6912
1839,53,6784
1840,53,6784
1841,53,6784
1842,53,6784
1843,52,6656
1844,52,6656
1845,52,6656
1846,51,6528
1847,50,6400
1848,50,6400
1849,50,6400
1850,51,6528
1851,51,6528
1852,51,6528
1853,51,6528
1854,51,6528
1855,51,6528
1856,52,6656
1857,52,6656
1858,52,6656
1859,52,6656
1860,52,6656
1861,52,6656
1862,53,6784
1863,52,6656
1864,52,6656
1865,52,6656
1866,52,6656
1867,51,6528
1868,51,6528
1869,50,6400
1870,50,6400
1871,50,6400
1872,50,6400
1873,50,6400
1874,50,6400
1875,50,6400
1876,50,6400
1877,50,6400
1878,50,6400
1879,50,6400
1880,50,6400
1881,50,6400
1882,50,6400
1883,50,6400
1884,51,6528
1885,51,6528
1886,51,6528
1887,51,6528
1888,51,6528
1889,52,6656
1890,51,6528
1891,51,6528
1892,53,6784
1893,53,6784
1894,53,6784
1895,53,6784
1896,53,6784
1897,53,6784
1898,54,6912
1899,54,6912
1900,54,6912
1901,54,6912
1902,54,6912
1903,54,6912
1904,55,7040
1905,55,7040
1906,55,7040
1907,55,7040
1908,54,6912
1909,54,6912
1910,54,6912
1911,54,6912
1912,53,6784
1913,53,6784
1914,53,6784
1915,53,6784
1916,53,6784
1917,53,6784
1918,54,6912
1919,54,6912
1920,54,6912
1921,54,6912
1922,54,6912
1923,55,7040
1924,55,7040
1925,55,7040
1926,55,7040
1927,55,7040
1928,55,7040
1929,55,7040
1930,56,7168
1931,54,6912
1932,54,6912
1933,54,6912
1934,54,6912
1935,54,6912
1936,54,6912
1937,55,7040
1938,54,6912
1939,54,6912
1940,53,6784
1941,54,6912
1942,53,6784
1943,53,6784
1944,52,6656
1945,52,6656
1946,52,6656
1947,52,6656
1948,53,6784
1949,52,6656
1950,51,6528
1951,51,6528
1952,52,6656
1953,52,6656
1954,52,6656
1955,52,6656
1956,52,6656
1957,52,6656
1958,53,6784
1959,52,6656
1960,52,6656
1961,52,6656
1962,53,6784
1963,53,6784
1964,52,6656
1965,52,6656
1966,51,6528
1967,51,6528
1968,51,6528
1969,51,6528
1970,52,6656
1971,53,6784
1972,53,6784
1973,53,6784
1974,53,6784
1975,53,6784
1976,53,6784
1977,53,6784
1978,53,6784
1979,53,6784
1980,52,6656
1981,52,6656
1982,52,6656
1983,52,6656
1984,52,6656
1985,52,6656
1986,52,6656
1987,51,6528
1988,51,6528
1989,51,6528
1990,51,6528
1991,52,6656
1992,52,6656
1993,53,6784
1994,53,6784
1995,53,6784
1996,53,6784
1997,53,6784
1998,53,6784
1999,52,6656
2000,52,6656
