RandomSeed,28751,Population size:128,Bit Length:64,Crossover Rate:0,Mutation Rate:0.005
gen,BestFitness,FitnessEval
1,42,5376
2,42,5376
3,41,5248
4,41,5248
5,41,5248
6,41,5248
7,41,5248
8,41,5248
9,40,5120
10,39,4992
11,39,4992
12,39,4992
13,40,5120
14,39,4992
15,40,5120
16,40,5120
17,41,5248
18,42,5376
19,42,5376
20,42,5376
21,43,5504
22,43,5504
23,43,5504
24,43,5504
25,43,5504
26,43,5504
27,43,5504
28,43,5504
29,43,5504
30,42,5376
31,42,5376
32,42,5376
33,42,5376
34,42,5376
35,42,5376
36,43,5504
37,43,5504
38,43,5504
39,43,5504
40,43,5504
41,43,5504
42,43,5504
43,43,5504
44,44,5632
45,45,5760
46,45,5760
47,45,5760
48,44,5632
49,44,5632
50,44,5632
51,45,5760
52,45,5760
53,45,5760
54,45,5760
55,45,5760
56,45,5760
57,45,5760
58,45,5760
59,45,5760
60,46,5888
61,46,5888
62,47,6016
63,47,6016
64,45,5760
65,46,5888
66,47,6016
67,47,6016
68,48,6144
69,48,6144
70,48,6144
71,46,5888
72,46,5888
73,46,5888
74,46,5888
75,47,6016
76,46,5888
77,47,6016
78,47,6016
79,47,6016
80,47,6016
81,47,6016
82,46,5888
83,46,5888
84,46,5888
85,46,5888
86,46,5888
87,46,5888
88,46,5888
89,46,5888
90,46,5888
91,47,6016
92,47,6016
93,47,6016
94,47,6016
95,47,6016
96,47,6016
97,47,6016
98,47,6016
99,48,6144
100,48,6144
101,48,6144
102,48,6144
103,48,6144
104,48,6144
105,49,6272
106,49,6272
107,49,6272
108,49,6272
109,50,6400
110,50,6400
111,49,6272
112,49,6272
113,50,6400
114,50,6400
115,50,6400
116,51,6528
117,51,6528
118,51,6528
119,51,6528
120,51,6528
121,51,6528
122,51,6528
123,51,6528
124,49,6272
125,49,6272
126,50,6400
127,50,6400
128,49,6272
129,49,6272
130,48,6144
131,47,6016
132,47,6016
133,47,6016
134,47,6016
135,47,6016
136,48,6144
137,47,6016
138,47,6016
139,48,6144
140,47,6016
141,47,6016
142,47,6016
143,47,6016
144,47,6016
145,47,6016
146,47,6016
147,47,6016
148,47,6016
149,47,6016
150,48,6144
151,48,6144
152,50,6400
153,50,6400
154,50,6400
155,50,6400
156,50,6400
157,49,6272
158,47,6016
159,47,6016
160,48,6144
161,48,6144
162,48,6144
163,48,6144
164,48,6144
165,49,6272
166,49,6272
167,49,6272
168,48,6144
169,48,6144
170,48,6144
171,48,6144
172,47,6016
173,47,6016
174,47,6016
175,47,6016
176,46,5888
177,46,5888
178,46,5888
179,46,5888
180,46,5888
181,46,5888
182,46,5888
183,47,6016
184,47,6016
185,47,6016
186,47,6016
187,47,6016
188,47,6016
189,47,6016
190,47,6016
191,47,6016
192,47,6016
193,47,6016
194,46,5888
195,46,5888
196,46,5888
197,46,5888
198,46,5888
199,46,5888
200,46,5888
201,46,5888
202,46,5888
203,46,5888
204,47,6016
205,46,5888
206,46,5888
207,47,6016
208,47,6016
209,47,6016
210,47,6016
211,47,6016
212,47,6016
213,46,5888
214,47,6016
215,46,5888
216,46,5888
217,46,5888
218,46,5888
219,46,5888
220,47,6016
221,47,6016
222,47,6016
223,48,6144
224,48,6144
225,48,6144
226,47,6016
227,48,6144
228,48,6144
229,48,6144
230,48,6144
231,48,6144
232,49,6272
233,49,6272
234,49,6272
235,48,6144
236,48,6144
237,48,6144
238,48,6144
239,48,6144
240,48,6144
241,48,6144
242,48,6144
243,48,6144
244,49,6272
245,49,6272
246,49,6272
247,49,6272
248,50,6400
249,50,6400
250,50,6400
251,50,6400
252,50,6400
253,50,6400
254,50,6400
255,50,6400
256,50,6400
257,50,6400
258,51,6528
259,52,6656
260,52,6656
261,53,6784
262,51,6528
263,51,6528
264,50,6400
265,51,6528
266,51,6528
267,51,6528
268,51,6528
269,51,6528
270,51,6528
271,51,6528
272,51,6528
273,51,6528
274,51,6528
275,51,6528
276,52,6656
277,52,6656
278,52,6656
279,52,6656
280,52,6656
281,53,6784
282,53,6784
283,53,6784
284,53,6784
285,52,6656
286,51,6528
287,51,6528
288,51,6528
289,51,6528
290,51,6528
291,50,6400
292,52,6656
293,52,6656
294,52,6656
295,52,6656
296,52,6656
297,53,6784
298,52,6656
299,52,6656
300,51,6528
301,52,6656
302,52,6656
303,51,6528
304,51,6528
305,51,6528
306,51,6528
307,50,6400
308,50,6400
309,51,6528
310,50,6400
311,50,6400
312,50,6400
313,50,6400
314,50,6400
315,51,6528
316,50,6400
317,50,6400
318,50,6400
319,50,6400
320,50,6400
321,51,6528
322,51,6528
323,51,6528
324,51,6528
325,51,6528
326,52,6656
327,51,6528
328,51,6528
329,51,6528
330,51,6528
331,51,6528
332,50,6400
333,50,6400
334,50,6400
335,51,6528
336,51,6528
337,52,6656
338,52,6656
339,52,6656
340,52,6656
341,52,6656
342,52,6656
343,51,6528
344,51,6528
345,49,6272
346,50,6400
347,50,6400
348,51,6528
349,51,6528
350,52,6656
351,49,6272
352,50,6400
353,50,6400
354,50,6400
355,50,6400
356,51,6528
357,51,6528
358,50,6400
359,50,6400
360,50,6400
361,51,6528
362,50,6400
363,50,6400
364,50,6400
365,50,6400
366,50,6400
367,50,6400
368,51,6528
369,50,6400
370,50,6400
371,50,6400
372,50,6400
373,50,6400
374,50,6400
375,51,6528
376,51,6528
377,50,6400
378,51,6528
379,51,6528
380,51,6528
381,51,6528
382,51,6528
383,51,6528
384,51,6528
385,52,6656
386,52,6656
387,52,6656
388,51,6528
389,51,6528
390,51,6528
391,51,6528
392,50,6400
393,50,6400
394,50,6400
395,50,6400
396,51,6528
397,50,6400
398,49,6272
399,50,6400
400,51,6528
401,51,6528
402,51,6528
403,51,6528
404,51,6528
405,51,6528
406,51,6528
407,51,6528
408,51,6528
409,51,6528
410,51,6528
411,51,6528
412,51,6528
413,51,6528
414,51,6528
415,51,6528
416,50,6400
417,49,6272
418,49,6272
419,49,6272
420,48,6144
421,48,6144
422,48,6144
423,48,6144
424,48,6144
425,48,6144
426,48,6144
427,48,6144
428,48,6144
429,49,6272
430,49,6272
431,49,6272
432,49,6272
433,49,6272
434,49,6272
435,49,6272
436,48,6144
437,48,6144
438,48,6144
439,48,6144
440,48,6144
441,49,6272
442,48,6144
443,49,6272
444,49,6272
445,49,6272
446,49,6272
447,49,6272
448,49,6272
449,49,6272
450,49,6272
451,49,6272
452,49,6272
453,48,6144
454,48,6144
455,48,6144
456,48,6144
457,48,6144
458,48,6144
459,48,6144
460,48,6144
461,48,6144
462,48,6144
463,48,6144
464,47,6016
465,47,6016
466,47,6016
467,48,6144
468,48,6144
469,48,6144
470,48,6144
471,49,6272
472,49,6272
473,49,6272
474,49,6272
475,47,6016
476,47,6016
477,47,6016
478,48,6144
479,47,6016
480,47,6016
481,48,6144
482,48,6144
483,49,6272
484,48,6144
485,49,6272
486,49,6272
487,48,6144
488,48,6144
489,49,6272
490,49,6272
491,49,6272
492,49,6272
493,49,6272
494,49,6272
495,49,6272
496,49,6272
497,49,6272
498,49,6272
499,51,6528
500,51,6528
501,51,6528
502,51,6528
503,51,6528
504,51,6528
505,51,6528
506,50,6400
507,47,6016
508,47,6016
509,47,6016
510,47,6016
511,46,5888
512,46,5888
513,47,6016
514,46,5888
515,46,5888
516,47,6016
517,48,6144
518,47,6016
519,48,6144
520,47,6016
521,48,6144
522,48,6144
523,48,6144
524,47,6016
525,48,6144
526,48,6144
527,48,6144
528,47,6016
529,47,6016
530,47,6016
531,47,6016
532,47,6016
533,47,6016
534,47,6016
535,47,6016
536,48,6144
537,46,5888
538,47,6016
539,46,5888
540,46,5888
541,46,5888
542,46,5888
543,46,5888
544,47,6016
545,47,6016
546,47,6016
547,47,6016
548,46,5888
549,46,5888
550,46,5888
551,46,5888
552,46,5888
553,46,5888
554,46,5888
555,45,5760
556,45,5760
557,45,5760
558,45,5760
559,45,5760
560,45,5760
561,46,5888
562,46,5888
563,47,6016
564,47,6016
565,47,6016
566,47,6016
567,47,6016
568,47,6016
569,47,6016
570,48,6144
571,48,6144
572,47,6016
573,47,6016
574,48,6144
575,47,6016
576,48,6144
577,47,6016
578,47,6016
579,48,6144
580,48,6144
581,48,6144
582,48,6144
583,48,6144
584,49,6272
585,48,6144
586,49,6272
587,49,6272
588,49,6272
589,49,6272
590,47,6016
591,47,6016
592,47,6016
593,47,6016
594,46,5888
595,47,6016
596,47,6016
597,47,6016
598,47,6016
599,47,6016
600,47,6016
601,47,6016
602,47,6016
603,47,6016
604,46,5888
605,46,5888
606,47,6016
607,48,6144
608,48,6144
609,47,6016
610,47,6016
611,48,6144
612,48,6144
613,47,6016
614,47,6016
615,47,6016
616,47,6016
617,46,5888
618,46,5888
619,45,5760
620,45,5760
621,46,5888
622,43,5504
623,44,5632
624,45,5760
625,45,5760
626,45,5760
627,45,5760
628,44,5632
629,45,5760
630,45,5760
631,45,5760
632,45,5760
633,46,5888
634,46,5888
635,46,5888
636,46,5888
637,47,6016
638,47,6016
639,47,6016
640,48,6144
641,47,6016
642,47,6016
643,47,6016
644,47,6016
645,47,6016
646,47,6016
647,47,6016
648,47,6016
649,47,6016
650,47,6016
651,48,6144
652,49,6272
653,49,6272
654,47,6016
655,47,6016
656,47,6016
657,47,6016
658,47,6016
659,48,6144
660,49,6272
661,49,6272
662,49,6272
663,49,6272
664,49,6272
665,49,6272
666,49,6272
667,49,6272
668,49,6272
669,49,6272
670,46,5888
671,46,5888
672,47,6016
673,46,5888
674,46,5888
675,45,5760
676,46,5888
677,45,5760
678,45,5760
679,46,5888
680,46,5888
681,45,5760
682,45,5760
683,45,5760
684,45,5760
685,45,5760
686,46,5888
687,46,5888
688,46,5888
689,46,5888
690,46,5888
691,46,5888
692,46,5888
693,46,5888
694,47,6016
695,46,5888
696,46,5888
697,46,5888
698,47,6016
699,46,5888
700,46,5888
701,46,5888
702,46,5888
703,46,5888
704,45,5760
705,46,5888
706,46,5888
707,46,5888
708,46,5888
709,45,5760
710,45,5760
711,46,5888
712,46,5888
713,46,5888
714,46,5888
715,47,6016
716,47,6016
717,46,5888
718,46,5888
719,45,5760
720,45,5760
721,45,5760
722,47,6016
723,45,5760
724,45,5760
725,45,5760
726,46,5888
727,46,5888
728,45,5760
729,45,5760
730,44,5632
731,44,5632
732,45,5760
733,44,5632
734,44,5632
735,44,5632
736,44,5632
737,44,5632
738,45,5760
739,46,5888
740,46,5888
741,46,5888
742,47,6016
743,46,5888
744,46,5888
745,46,5888
746,47,6016
747,47,6016
748,47,6016
749,47,6016
750,47,6016
751,48,6144
752,48,6144
753,48,6144
754,48,6144
755,47,6016
756,48,6144
757,48,6144
758,48,6144
759,48,6144
760,46,5888
761,46,5888
762,47,6016
763,47,6016
764,47,6016
765,45,5760
766,46,5888
767,46,5888
768,46,5888
769,46,5888
770,46,5888
771,45,5760
772,45,5760
773,45,5760
774,45,5760
775,46,5888
776,46,5888
777,46,5888
778,46,5888
779,46,5888
780,46,5888
781,47,6016
782,46,5888
783,46,5888
784,46,5888
785,46,5888
786,46,5888
787,46,5888
788,46,5888
789,46,5888
790,46,5888
791,47,6016
792,46,5888
793,46,5888
794,46,5888
795,47,6016
796,46,5888
797,46,5888
798,45,5760
799,45,5760
800,45,5760
801,46,5888
802,46,5888
803,46,5888
804,46,5888
805,46,5888
806,47,6016
807,46,5888
808,46,5888
809,46,5888
810,47,6016
811,47,6016
812,47,6016
813,47,6016
814,47,6016
815,47,6016
816,47,6016
817,47,6016
818,47,6016
819,47,6016
820,47,6016
821,47,6016
822,47,6016
823,46,5888
824,46,5888
825,47,6016
826,47,6016
827,47,6016
828,47,6016
829,46,5888
830,47,6016
831,47,6016
832,46,5888
833,47,6016
834,47,6016
835,47,6016
836,47,6016
837,47,6016
838,47,6016
839,47,6016
840,48,6144
841,48,6144
842,48,6144
843,48,6144
844,48,6144
845,46,5888
846,46,5888
847,45,5760
848,45,5760
849,46,5888
850,46,5888
851,46,5888
852,45,5760
853,46,5888
854,46,5888
855,47,6016
856,46,5888
857,46,5888
858,46,5888
859,47,6016
860,46,5888
861,46,5888
862,46,5888
863,46,5888
864,46,5888
865,46,5888
866,46,5888
867,46,5888
868,46,5888
869,46,5888
870,46,5888
871,46,5888
872,46,5888
873,45,5760
874,45,5760
875,46,5888
876,45,5760
877,45,5760
878,46,5888
879,46,5888
880,45,5760
881,46,5888
882,46,5888
883,46,5888
884,45,5760
885,45,5760
886,46,5888
887,46,5888
888,47,6016
889,47,6016
890,47,6016
891,47,6016
892,46,5888
893,46,5888
894,47,6016
895,47,6016
896,47,6016
897,47,6016
898,47,6016
899,47,6016
900,47,6016
901,48,6144
902,47,6016
903,47,6016
904,47,6016
905,47,6016
906,47,6016
907,47,6016
908,48,6144
909,49,6272
910,49,6272
911,48,6144
912,49,6272
913,49,6272
914,49,6272
915,49,6272
916,49,6272
917,49,6272
918,49,6272
919,49,6272
920,49,6272
921,48,6144
922,49,6272
923,48,6144
924,48,6144
925,48,6144
926,48,6144
927,48,6144
928,48,6144
929,48,6144
930,48,6144
931,48,6144
932,48,6144
933,48,6144
934,49,6272
935,48,6144
936,48,6144
937,49,6272
938,48,6144
939,48,6144
940,48,6144
941,48,6144
942,48,6144
943,49,6272
944,48,6144
945,49,6272
946,49,6272
947,50,6400
948,50,6400
949,51,6528
950,51,6528
951,51,6528
952,51,6528
953,51,6528
954,51,6528
955,51,6528
956,52,6656
957,52,6656
958,52,6656
959,52,6656
960,52,6656
961,52,6656
962,52,6656
963,52,6656
964,51,6528
965,51,6528
966,51,6528
967,51,6528
968,52,6656
969,52,6656
970,52,6656
971,53,6784
972,53,6784
973,52,6656
974,53,6784
975,52,6656
976,52,6656
977,52,6656
978,52,6656
979,52,6656
980,52,6656
981,52,6656
982,51,6528
983,50,6400
984,51,6528
985,51,6528
986,51,6528
987,51,6528
988,51,6528
989,50,6400
990,51,6528
991,50,6400
992,51,6528
993,51,6528
994,51,6528
995,50,6400
996,50,6400
997,49,6272
998,49,6272
999,50,6400
1000,50,6400
1001,50,6400
1002,50,6400
1003,50,6400
1004,49,6272
1005,48,6144
1006,48,6144
1007,48,6144
1008,48,6144
1009,48,6144
1010,47,6016
1011,47,6016
1012,47,6016
1013,47,6016
1014,48,6144
1015,48,6144
1016,47,6016
1017,47,6016
1018,47,6016
1019,47,6016
1020,48,6144
1021,47,6016
1022,48,6144
1023,48,6144
1024,48,6144
1025,47,6016
1026,48,6144
1027,48,6144
1028,48,6144
1029,48,6144
1030,48,6144
1031,49,6272
1032,49,6272
1033,50,6400
1034,50,6400
1035,50,6400
1036,50,6400
1037,50,6400
1038,49,6272
1039,49,6272
1040,50,6400
1041,50,6400
1042,49,6272
1043,48,6144
1044,49,6272
1045,49,6272
1046,49,6272
1047,49,6272
1048,49,6272
1049,49,6272
1050,49,6272
1051,49,6272
1052,48,6144
1053,48,6144
1054,48,6144
1055,48,6144
1056,48,6144
1057,48,6144
1058,48,6144
1059,49,6272
1060,49,6272
1061,50,6400
1062,50,6400
1063,49,6272
1064,49,6272
1065,49,6272
1066,49,6272
1067,49,6272
1068,49,6272
1069,49,6272
1070,49,6272
1071,49,6272
1072,49,6272
1073,50,6400
1074,50,6400
1075,51,6528
1076,50,6400
1077,50,6400
1078,51,6528
1079,51,6528
1080,50,6400
1081,50,6400
1082,49,6272
1083,50,6400
1084,49,6272
1085,50,6400
1086,50,6400
1087,50,6400
1088,50,6400
1089,50,6400
1090,50,6400
1091,50,6400
1092,50,6400
1093,50,6400
1094,50,6400
1095,50,6400
1096,51,6528
1097,50,6400
1098,50,6400
1099,50,6400
1100,49,6272
1101,49,6272
1102,50,6400
1103,49,6272
1104,49,6272
1105,49,6272
1106,49,6272
1107,49,6272
1108,49,6272
1109,50,6400
1110,50,6400
1111,51,6528
1112,51,6528
1113,50,6400
1114,50,6400
1115,50,6400
1116,51,6528
1117,52,6656
1118,52,6656
1119,52,6656
1120,52,6656
1121,52,6656
1122,52,6656
1123,53,6784
1124,53,6784
1125,53,6784
1126,53,6784
1127,53,6784
1128,53,6784
1129,53,6784
1130,53,6784
1131,53,6784
1132,54,6912
1133,53,6784
1134,52,6656
1135,52,6656
1136,52,6656
1137,53,6784
1138,52,6656
1139,52,6656
1140,53,6784
1141,53,6784
1142,52,6656
1143,52,6656
1144,52,6656
1145,52,6656
1146,52,6656
1147,52,6656
1148,52,6656
1149,52,6656
1150,53,6784
1151,52,6656
1152,53,6784
1153,53,6784
1154,53,6784
1155,52,6656
1156,52,6656
1157,52,6656
1158,52,6656
1159,51,6528
1160,51,6528
1161,51,6528
1162,51,6528
1163,51,6528
1164,51,6528
1165,52,6656
1166,52,6656
1167,53,6784
1168,52,6656
1169,52,6656
1170,52,6656
1171,52,6656
1172,52,6656
1173,52,6656
1174,52,6656
1175,52,6656
1176,52,6656
1177,52,6656
1178,52,6656
1179,52,6656
1180,52,6656
1181,51,6528
1182,51,6528
1183,52,6656
1184,50,6400
1185,50,6400
1186,50,6400
1187,51,6528
1188,51,6528
1189,51,6528
1190,51,6528
1191,51,6528
1192,51,6528
1193,51,6528
1194,53,6784
1195,51,6528
1196,51,6528
1197,51,6528
1198,51,6528
1199,52,6656
1200,52,6656
1201,51,6528
1202,51,6528
1203,51,6528
1204,51,6528
1205,51,6528
1206,52,6656
1207,51,6528
1208,51,6528
1209,51,6528
1210,51,6528
1211,50,6400
1212,50,6400
1213,50,6400
1214,50,6400
1215,50,6400
1216,50,6400
1217,50,6400
1218,50,6400
1219,50,6400
1220,50,6400
1221,51,6528
1222,50,6400
1223,50,6400
1224,51,6528
1225,49,6272
1226,49,6272
1227,50,6400
1228,50,6400
1229,51,6528
1230,50,6400
1231,49,6272
1232,49,6272
1233,49,6272
1234,49,6272
1235,49,6272
1236,50,6400
1237,50,6400
1238,50,6400
1239,49,6272
1240,49,6272
1241,49,6272
1242,49,6272
1243,49,6272
1244,49,6272
1245,49,6272
1246,49,6272
1247,49,6272
1248,50,6400
1249,50,6400
1250,50,6400
1251,50,6400
1252,51,6528
1253,50,6400
1254,51,6528
1255,51,6528
1256,51,6528
1257,51,6528
1258,51,6528
1259,51,6528
1260,51,6528
1261,51,6528
1262,51,6528
1263,50,6400
1264,49,6272
1265,49,6272
1266,49,6272
1267,49,6272
1268,49,6272
1269,49,6272
1270,48,6144
1271,49,6272
1272,49,6272
1273,49,6272
1274,50,6400
1275,49,6272
1276,50,6400
1277,48,6144
1278,49,6272
1279,50,6400
1280,50,6400
1281,51,6528
1282,51,6528
1283,51,6528
1284,51,6528
1285,51,6528
1286,50,6400
1287,50,6400
1288,49,6272
1289,50,6400
1290,49,6272
1291,49,6272
1292,50,6400
1293,50,6400
1294,49,6272
1295,49,6272
1296,49,6272
1297,49,6272
1298,49,6272
1299,50,6400
1300,50,6400
1301,51,6528
1302,51,6528
1303,51,6528
1304,51,6528
1305,52,6656
1306,51,6528
1307,52,6656
1308,49,6272
1309,50,6400
1310,50,6400
1311,49,6272
1312,49,6272
1313,49,6272
1314,49,6272
1315,48,6144
1316,48,6144
1317,48,6144
1318,48,6144
1319,48,6144
1320,48,6144
1321,49,6272
1322,49,6272
1323,49,6272
1324,49,6272
1325,49,6272
1326,49,6272
1327,49,6272
1328,49,6272
1329,50,6400
1330,50,6400
1331,50,6400
1332,49,6272
1333,49,6272
1334,50,6400
1335,51,6528
1336,52,6656
1337,52,6656
1338,48,6144
1339,48,6144
1340,48,6144
1341,47,6016
1342,47,6016
1343,47,6016
1344,47,6016
1345,48,6144
1346,48,6144
1347,46,5888
1348,47,6016
1349,47,6016
1350,48,6144
1351,48,6144
1352,49,6272
1353,49,6272
1354,50,6400
1355,50,6400
1356,50,6400
1357,50,6400
1358,50,6400
1359,50,6400
1360,49,6272
1361,49,6272
1362,49,6272
1363,50,6400
1364,49,6272
1365,47,6016
1366,47,6016
1367,47,6016
1368,47,6016
1369,47,6016
1370,47,6016
1371,48,6144
1372,48,6144
1373,48,6144
1374,47,6016
1375,48,6144
1376,47,6016
1377,47,6016
1378,46,5888
1379,47,6016
1380,47,6016
1381,47,6016
1382,47,6016
1383,47,6016
1384,45,5760
1385,45,5760
1386,45,5760
1387,46,5888
1388,45,5760
1389,45,5760
1390,45,5760
1391,45,5760
1392,46,5888
1393,46,5888
1394,46,5888
1395,46,5888
1396,46,5888
1397,46,5888
1398,46,5888
1399,46,5888
1400,45,5760
1401,45,5760
1402,46,5888
1403,46,5888
1404,46,5888
1405,45,5760
1406,46,5888
1407,45,5760
1408,45,5760
1409,45,5760
1410,45,5760
1411,45,5760
1412,45,5760
1413,44,5632
1414,45,5760
1415,44,5632
1416,43,5504
1417,43,5504
1418,43,5504
1419,44,5632
1420,44,5632
1421,44,5632
1422,44,5632
1423,45,5760
1424,44,5632
1425,44,5632
1426,45,5760
1427,45,5760
1428,44,5632
1429,44,5632
1430,45,5760
1431,44,5632
1432,44,5632
1433,44,5632
1434,44,5632
1435,44,5632
1436,44,5632
1437,44,5632
1438,44,5632
1439,44,5632
1440,45,5760
1441,45,5760
1442,45,5760
1443,45,5760
1444,44,5632
1445,44,5632
1446,45,5760
1447,45,5760
1448,45,5760
1449,45,5760
1450,45,5760
1451,44,5632
1452,43,5504
1453,43,5504
1454,44,5632
1455,44,5632
1456,44,5632
1457,44,5632
1458,44,5632
1459,45,5760
1460,44,5632
1461,44,5632
1462,44,5632
1463,44,5632
1464,45,5760
1465,45,5760
1466,46,5888
1467,46,5888
1468,46,5888
1469,47,6016
1470,46,5888
1471,47,6016
1472,47,6016
1473,48,6144
1474,47,6016
1475,47,6016
1476,47,6016
1477,47,6016
1478,47,6016
1479,47,6016
1480,48,6144
1481,49,6272
1482,49,6272
1483,49,6272
1484,49,6272
1485,49,6272
1486,48,6144
1487,48,6144
1488,48,6144
1489,49,6272
1490,49,6272
1491,49,6272
1492,49,6272
1493,49,6272
1494,48,6144
1495,48,6144
1496,48,6144
1497,48,6144
1498,50,6400
1499,50,6400
1500,50,6400
1501,50,6400
1502,51,6528
1503,50,6400
1504,49,6272
1505,49,6272
1506,50,6400
1507,50,6400
1508,50,6400
1509,51,6528
1510,50,6400
1511,51,6528
1512,51,6528
1513,51,6528
1514,50,6400
1515,50,6400
1516,51,6528
1517,51,6528
1518,51,6528
1519,51,6528
1520,51,6528
1521,50,6400
1522,50,6400
1523,50,6400
1524,50,6400
1525,51,6528
1526,51,6528
1527,51,6528
1528,51,6528
1529,51,6528
1530,51,6528
1531,51,6528
1532,50,6400
1533,49,6272
1534,50,6400
1535,50,6400
1536,50,6400
1537,50,6400
1538,50,6400
1539,50,6400
1540,50,6400
1541,50,6400
1542,50,6400
1543,51,6528
1544,50,6400
1545,50,6400
1546,49,6272
1547,49,6272
1548,50,6400
1549,49,6272
1550,49,6272
1551,49,6272
1552,49,6272
1553,49,6272
1554,50,6400
1555,51,6528
1556,50,6400
1557,49,6272
1558,49,6272
1559,49,6272
1560,49,6272
1561,49,6272
1562,50,6400
1563,49,6272
1564,49,6272
1565,48,6144
1566,48,6144
1567,48,6144
1568,49,6272
1569,49,6272
1570,48,6144
1571,47,6016
1572,48,6144
1573,48,6144
1574,47,6016
1575,47,6016
1576,47,6016
1577,48,6144
1578,48,6144
1579,47,6016
1580,47,6016
1581,47,6016
1582,47,6016
1583,47,6016
1584,47,6016
1585,47,6016
1586,47,6016
1587,47,6016
1588,48,6144
1589,47,6016
1590,48,6144
1591,48,6144
1592,49,6272
1593,49,6272
1594,49,6272
1595,49,6272
1596,48,6144
1597,49,6272
1598,49,6272
1599,49,6272
1600,49,6272
1601,50,6400
1602,49,6272
1603,49,6272
1604,49,6272
1605,48,6144
1606,48,6144
1607,48,6144
1608,49,6272
1609,48,6144
1610,48,6144
1611,48,6144
1612,47,6016
1613,48,6144
1614,47,6016
1615,47,6016
1616,46,5888
1617,46,5888
1618,46,5888
1619,47,6016
1620,47,6016
1621,47,6016
1622,47,6016
1623,47,6016
1624,47,6016
1625,47,6016
1626,46,5888
1627,47,6016
1628,48,6144
1629,48,6144
1630,49,6272
1631,47,6016
1632,47,6016
1633,47,6016
1634,47,6016
1635,48,6144
1636,48,6144
1637,48,6144
1638,48,6144
1639,48,6144
1640,48,6144
1641,48,6144
1642,48,6144
1643,48,6144
1644,48,6144
1645,48,6144
1646,48,6144
1647,48,6144
1648,48,6144
1649,48,6144
1650,47,6016
1651,47,6016
1652,48,6144
1653,48,6144
1654,48,6144
1655,48,6144
1656,49,6272
1657,49,6272
1658,49,6272
1659,49,6272
1660,48,6144
1661,48,6144
1662,48,6144
1663,48,6144
1664,48,6144
1665,50,6400
1666,49,6272
1667,48,6144
1668,49,6272
1669,48,6144
1670,49,6272
1671,49,6272
1672,49,6272
1673,50,6400
1674,49,6272
1675,49,6272
1676,48,6144
1677,49,6272
1678,49,6272
1679,49,6272
1680,49,6272
1681,50,6400
1682,49,6272
1683,50,6400
1684,50,6400
1685,51,6528
1686,50,6400
1687,51,6528
1688,50,6400
1689,50,6400
1690,50,6400
1691,51,6528
1692,52,6656
1693,51,6528
1694,51,6528
1695,51,6528
1696,51,6528
1697,51,6528
1698,51,6528
1699,51,6528
1700,51,6528
1701,51,6528
1702,51,6528
1703,51,6528
1704,50,6400
1705,51,6528
1706,51,6528
1707,51,6528
1708,51,6528
1709,52,6656
1710,52,6656
1711,52,6656
1712,52,6656
1713,53,6784
1714,52,6656
1715,51,6528
1716,51,6528
1717,49,6272
1718,49,6272
1719,49,6272
1720,49,6272
1721,49,6272
1722,49,6272
1723,49,6272
1724,49,6272
1725,48,6144
1726,48,6144
1727,49,6272
1728,49,6272
1729,50,6400
1730,47,6016
1731,47,6016
1732,47,6016
1733,48,6144
1734,48,6144
1735,49,6272
1736,50,6400
1737,48,6144
1738,48,6144
1739,49,6272
1740,49,6272
1741,49,6272
1742,50,6400
1743,50,6400
1744,50,6400
1745,49,6272
1746,50,6400
1747,50,6400
1748,50,6400
1749,50,6400
1750,50,6400
1751,50,6400
1752,49,6272
1753,49,6272
1754,49,6272
1755,50,6400
1756,49,6272
1757,49,6272
1758,49,6272
1759,49,6272
1760,49,6272
1761,49,6272
1762,50,6400
1763,50,6400
1764,50,6400
1765,49,6272
1766,49,6272
1767,49,6272
1768,50,6400
1769,50,6400
1770,50,6400
1771,50,6400
1772,50,6400
1773,50,6400
1774,50,6400
1775,50,6400
1776,50,6400
1777,50,6400
1778,51,6528
1779,51,6528
1780,51,6528
1781,51,6528
1782,50,6400
1783,50,6400
1784,51,6528
1785,50,6400
1786,50,6400
1787,50,6400
1788,49,6272
1789,49,6272
1790,49,6272
1791,49,6272
1792,49,6272
1793,48,6144
1794,48,6144
1795,49,6272
1796,49,6272
1797,49,6272
1798,49,6272
1799,48,6144
1800,48,6144
1801,48,6144
1802,48,6144
1803,48,6144
1804,48,6144
1805,48,6144
1806,48,6144
1807,47,6016
1808,47,6016
1809,47,6016
1810,47,6016
1811,48,6144
1812,48,6144
1813,48,6144
1814,48,6144
1815,48,6144
1816,48,6144
1817,48,6144
1818,47,6016
1819,47,6016
1820,47,6016
1821,47,6016
1822,48,6144
1823,48,6144
1824,48,6144
1825,49,6272
1826,48,6144
1827,48,6144
1828,47,6016
1829,47,6016
1830,47,6016
1831,46,5888
1832,47,6016
1833,46,5888
1834,46,5888
1835,46,5888
1836,46,5888
1837,46,5888
1838,47,6016
1839,47,6016
1840,47,6016
1841,47,6016
1842,46,5888
1843,47,6016
1844,47,6016
1845,48,6144
1846,47,6016
1847,48,6144
1848,47,6016
1849,47,6016
1850,47,6016
1851,47,6016
1852,47,6016
1853,47,6016
1854,48,6144
1855,48,6144
1856,48,6144
1857,47,6016
1858,47,6016
1859,48,6144
1860,48,6144
1861,49,6272
1862,47,6016
1863,47,6016
1864,47,6016
1865,47,6016
1866,47,6016
1867,47,6016
1868,47,6016
1869,46,5888
1870,46,5888
1871,46,5888
1872,46,5888
1873,47,6016
1874,46,5888
1875,46,5888
1876,46,5888
1877,46,5888
1878,46,5888
1879,46,5888
1880,47,6016
1881,46,5888
1882,46,5888
1883,46,5888
1884,47,6016
1885,46,5888
1886,47,6016
1887,48,6144
1888,47,6016
1889,46,5888
1890,46,5888
1891,46,5888
1892,46,5888
1893,46,5888
1894,46,5888
1895,46,5888
1896,46,5888
1897,46,5888
1898,46,5888
1899,46,5888
1900,46,5888
1901,46,5888
1902,46,5888
1903,46,5888
1904,46,5888
1905,46,5888
1906,46,5888
1907,47,6016
1908,48,6144
1909,47,6016
1910,47,6016
1911,47,6016
1912,47,6016
1913,47,6016
1914,47,6016
1915,46,5888
1916,47,6016
1917,48,6144
1918,47,6016
1919,47,6016
1920,47,6016
1921,47,6016
1922,47,6016
1923,47,6016
1924,47,6016
1925,48,6144
1926,48,6144
1927,48,6144
1928,48,6144
1929,49,6272
1930,49,6272
1931,48,6144
1932,48,6144
1933,49,6272
1934,49,6272
1935,49,6272
1936,48,6144
1937,48,6144
1938,50,6400
1939,51,6528
1940,51,6528
1941,49,6272
1942,48,6144
1943,48,6144
1944,48,6144
1945,48,6144
1946,49,6272
1947,49,6272
1948,49,6272
1949,49,6272
1950,49,6272
1951,49,6272
1952,49,6272
1953,47,6016
1954,47,6016
1955,47,6016
1956,47,6016
1957,47,6016
1958,47,6016
1959,47,6016
1960,47,6016
1961,46,5888
1962,46,5888
1963,46,5888
1964,47,6016
1965,47,6016
1966,46,5888
1967,46,5888
1968,46,5888
1969,46,5888
1970,46,5888
1971,47,6016
1972,47,6016
1973,46,5888
1974,46,5888
1975,46,5888
1976,46,5888
1977,46,5888
1978,46,5888
1979,45,5760
1980,45,5760
1981,45,5760
1982,45,5760
1983,45,5760
1984,46,5888
1985,46,5888
1986,44,5632
1987,44,5632
1988,45,5760
1989,44,5632
1990,44,5632
1991,44,5632
1992,44,5632
1993,44,5632
1994,44,5632
1995,44,5632
1996,44,5632
1997,45,5760
1998,45,5760
1999,46,5888
2000,46,5888
