RandomSeed,4864,Population size:128,Bit Length:64,Crossover Rate:0,Mutation Rate:0.005
gen,BestFitness,FitnessEval
1,46,5888
2,44,5632
3,38,4864
4,39,4992
5,37,4736
6,37,4736
7,37,4736
8,38,4864
9,38,4864
10,37,4736
11,38,4864
12,38,4864
13,38,4864
14,38,4864
15,38,4864
16,38,4864
17,38,4864
18,39,4992
19,39,4992
20,38,4864
21,38,4864
22,39,4992
23,38,4864
24,38,4864
25,38,4864
26,38,4864
27,39,4992
28,39,4992
29,40,5120
30,41,5248
31,41,5248
32,41,5248
33,41,5248
34,41,5248
35,42,5376
36,41,5248
37,41,5248
38,40,5120
39,41,5248
40,42,5376
41,42,5376
42,42,5376
43,41,5248
44,41,5248
45,42,5376
46,41,5248
47,41,5248
48,43,5504
49,43,5504
50,42,5376
51,42,5376
52,42,5376
53,42,5376
54,42,5376
55,42,5376
56,43,5504
57,42,5376
58,41,5248
59,41,5248
60,42,5376
61,42,5376
62,43,5504
63,43,5504
64,43,5504
65,44,5632
66,44,5632
67,44,5632
68,43,5504
69,43,5504
70,43,5504
71,43,5504
72,43,5504
73,43,5504
74,44,5632
75,44,5632
76,44,5632
77,44,5632
78,45,5760
79,45,5760
80,45,5760
81,45,5760
82,46,5888
83,46,5888
84,46,5888
85,46,5888
86,46,5888
87,46,5888
88,46,5888
89,46,5888
90,47,6016
91,46,5888
92,47,6016
93,46,5888
94,46,5888
95,46,5888
96,46,5888
97,46,5888
98,47,6016
99,46,5888
100,46,5888
101,46,5888
102,46,5888
103,46,5888
104,46,5888
105,47,6016
106,46,5888
107,46,5888
108,46,5888
109,46,5888
110,46,5888
111,46,5888
112,46,5888
113,46,5888
114,46,5888
115,46,5888
116,46,5888
117,47,6016
118,47,6016
119,46,5888
120,46,5888
121,47,6016
122,46,5888
123,46,5888
124,47,6016
125,48,6144
126,49,6272
127,47,6016
128,47,6016
129,47,6016
130,46,5888
131,46,5888
132,46,5888
133,46,5888
134,45,5760
135,45,5760
136,46,5888
137,46,5888
138,46,5888
139,46,5888
140,46,5888
141,46,5888
142,46,5888
143,46,5888
144,46,5888
145,46,5888
146,46,5888
147,46,5888
148,46,5888
149,47,6016
150,48,6144
151,48,6144
152,46,5888
153,46,5888
154,45,5760
155,45,5760
156,45,5760
157,45,5760
158,45,5760
159,46,5888
160,46,5888
161,46,5888
162,45,5760
163,45,5760
164,46,5888
165,46,5888
166,46,5888
167,47,6016
168,46,5888
169,46,5888
170,46,5888
171,47,6016
172,47,6016
173,47,6016
174,47,6016
175,47,6016
176,48,6144
177,47,6016
178,48,6144
179,48,6144
180,48,6144
181,49,6272
182,50,6400
183,50,6400
184,50,6400
185,50,6400
186,50,6400
187,50,6400
188,50,6400
189,50,6400
190,49,6272
191,49,6272
192,48,6144
193,48,6144
194,49,6272
195,48,6144
196,49,6272
197,49,6272
198,48,6144
199,48,6144
200,48,6144
201,48,6144
202,48,6144
203,48,6144
204,48,6144
205,48,6144
206,48,6144
207,49,6272
208,49,6272
209,49,6272
210,48,6144
211,48,6144
212,49,6272
213,48,6144
214,48,6144
215,48,6144
216,48,6144
217,48,6144
218,50,6400
219,50,6400
220,50,6400
221,50,6400
222,51,6528
223,51,6528
224,51,6528
225,50,6400
226,50,6400
227,50,6400
228,50,6400
229,51,6528
230,51,6528
231,51,6528
232,51,6528
233,51,6528
234,51,6528
235,50,6400
236,50,6400
237,50,6400
238,50,6400
239,50,6400
240,50,6400
241,50,6400
242,50,6400
243,50,6400
244,50,6400
245,50,6400
246,50,6400
247,50,6400
248,50,6400
249,50,6400
250,50,6400
251,49,6272
252,50,6400
253,50,6400
254,50,6400
255,50,6400
256,50,6400
257,51,6528
258,51,6528
259,51,6528
260,50,6400
261,50,6400
262,50,6400
263,50,6400
264,51,6528
265,51,6528
266,50,6400
267,50,6400
268,51,6528
269,51,6528
270,49,6272
271,50,6400
272,50,6400
273,50,6400
274,49,6272
275,49,6272
276,49,6272
277,49,6272
278,49,6272
279,49,6272
280,49,6272
281,50,6400
282,50,6400
283,50,6400
284,50,6400
285,50,6400
286,50,6400
287,50,6400
288,50,6400
289,50,6400
290,50,6400
291,51,6528
292,52,6656
293,51,6528
294,51,6528
295,51,6528
296,50,6400
297,50,6400
298,50,6400
299,51,6528
300,51,6528
301,51,6528
302,52,6656
303,52,6656
304,52,6656
305,51,6528
306,50,6400
307,50,6400
308,51,6528
309,51,6528
310,51,6528
311,52,6656
312,52,6656
313,52,6656
314,52,6656
315,52,6656
316,53,6784
317,53,6784
318,50,6400
319,52,6656
320,50,6400
321,50,6400
322,51,6528
323,50,6400
324,50,6400
325,51,6528
326,51,6528
327,51,6528
328,51,6528
329,52,6656
330,52,6656
331,50,6400
332,50,6400
333,50,6400
334,50,6400
335,50,6400
336,50,6400
337,50,6400
338,50,6400
339,50,6400
340,50,6400
341,51,6528
342,50,6400
343,50,6400
344,50,6400
345,50,6400
346,50,6400
347,50,6400
348,50,6400
349,49,6272
350,50,6400
351,50,6400
352,50,6400
353,50,6400
354,50,6400
355,49,6272
356,49,6272
357,49,6272
358,50,6400
359,49,6272
360,49,6272
361,50,6400
362,50,6400
363,50,6400
364,50,6400
365,50,6400
366,51,6528
367,51,6528
368,51,6528
369,51,6528
370,50,6400
371,50,6400
372,50,6400
373,50,6400
374,51,6528
375,51,6528
376,51,6528
377,51,6528
378,51,6528
379,51,6528
380,53,6784
381,53,6784
382,52,6656
383,51,6528
384,51,6528
385,51,6528
386,51,6528
387,51,6528
388,52,6656
389,52,6656
390,52,6656
391,52,6656
392,52,6656
393,52,6656
394,52,6656
395,52,6656
396,52,6656
397,53,6784
398,53,6784
399,53,6784
400,53,6784
401,53,6784
402,53,6784
403,53,6784
404,53,6784
405,53,6784
406,53,6784
407,53,6784
408,52,6656
409,52,6656
410,52,6656
411,52,6656
412,52,6656
413,53,6784
414,53,6784
415,53,6784
416,54,6912
417,55,7040
418,55,7040
419,54,6912
420,54,6912
421,53,6784
422,54,6912
423,54,6912
424,54,6912
425,54,6912
426,54,6912
427,54,6912
428,54,6912
429,54,6912
430,53,6784
431,53,6784
432,53,6784
433,53,6784
434,53,6784
435,53,6784
436,53,6784
437,53,6784
438,53,6784
439,53,6784
440,53,6784
441,52,6656
442,51,6528
443,51,6528
444,51,6528
445,51,6528
446,50,6400
447,50,6400
448,49,6272
449,50,6400
450,50,6400
451,51,6528
452,51,6528
453,51,6528
454,51,6528
455,52,6656
456,52,6656
457,52,6656
458,52,6656
459,52,6656
460,52,6656
461,52,6656
462,51,6528
463,51,6528
464,52,6656
465,52,6656
466,52,6656
467,52,6656
468,52,6656
469,52,6656
470,52,6656
471,52,6656
472,52,6656
473,52,6656
474,52,6656
475,53,6784
476,52,6656
477,53,6784
478,53,6784
479,53,6784
480,53,6784
481,54,6912
482,53,6784
483,52,6656
484,53,6784
485,53,6784
486,53,6784
487,52,6656
488,52,6656
489,53,6784
490,51,6528
491,51,6528
492,51,6528
493,51,6528
494,51,6528
495,52,6656
496,51,6528
497,51,6528
498,51,6528
499,51,6528
500,51,6528
501,51,6528
502,50,6400
503,49,6272
504,49,6272
505,49,6272
506,50,6400
507,50,6400
508,50,6400
509,50,6400
510,50,6400
511,50,6400
512,50,6400
513,51,6528
514,51,6528
515,51,6528
516,51,6528
517,50,6400
518,50,6400
519,50,6400
520,49,6272
521,49,6272
522,49,6272
523,48,6144
524,48,6144
525,49,6272
526,48,6144
527,48,6144
528,48,6144
529,50,6400
530,48,6144
531,47,6016
532,47,6016
533,47,6016
534,48,6144
535,48,6144
536,48,6144
537,48,6144
538,48,6144
539,46,5888
540,47,6016
541,47,6016
542,47,6016
543,48,6144
544,48,6144
545,48,6144
546,49,6272
547,49,6272
548,49,6272
549,49,6272
550,48,6144
551,48,6144
552,49,6272
553,49,6272
554,49,6272
555,49,6272
556,49,6272
557,49,6272
558,49,6272
559,49,6272
560,50,6400
561,50,6400
562,49,6272
563,49,6272
564,48,6144
565,48,6144
566,48,6144
567,48,6144
568,48,6144
569,48,6144
570,47,6016
571,48,6144
572,47,6016
573,48,6144
574,48,6144
575,48,6144
576,49,6272
577,49,6272
578,49,6272
579,49,6272
580,47,6016
581,47,6016
582,47,6016
583,47,6016
584,48,6144
585,48,6144
586,47,6016
587,47,6016
588,46,5888
589,47,6016
590,46,5888
591,47,6016
592,46,5888
593,46,5888
594,46,5888
595,47,6016
596,47,6016
597,46,5888
598,46,5888
599,46,5888
600,47,6016
601,46,5888
602,46,5888
603,46,5888
604,47,6016
605,47,6016
606,47,6016
607,48,6144
608,47,6016
609,47,6016
610,47,6016
611,47,6016
612,47,6016
613,47,6016
614,47,6016
615,48,6144
616,48,6144
617,48,6144
618,48,6144
619,48,6144
620,48,6144
621,49,6272
622,49,6272
623,48,6144
624,48,6144
625,47,6016
626,47,6016
627,46,5888
628,46,5888
629,47,6016
630,46,5888
631,46,5888
632,46,5888
633,46,5888
634,46,5888
635,47,6016
636,47,6016
637,47,6016
638,47,6016
639,48,6144
640,48,6144
641,48,6144
642,48,6144
643,48,6144
644,48,6144
645,48,6144
646,48,6144
647,49,6272
648,48,6144
649,47,6016
650,47,6016
651,48,6144
652,48,6144
653,48,6144
654,49,6272
655,47,6016
656,47,6016
657,47,6016
658,47,6016
659,48,6144
660,48,6144
661,48,6144
662,48,6144
663,48,6144
664,49,6272
665,48,6144
666,48,6144
667,47,6016
668,47,6016
669,48,6144
670,49,6272
671,49,6272
672,49,6272
673,49,6272
674,49,6272
675,49,6272
676,49,6272
677,49,6272
678,49,6272
679,49,6272
680,48,6144
681,47,6016
682,47,6016
683,47,6016
684,48,6144
685,48,6144
686,47,6016
687,47,6016
688,47,6016
689,47,6016
690,48,6144
691,48,6144
692,48,6144
693,48,6144
694,48,6144
695,49,6272
696,49,6272
697,50,6400
698,49,6272
699,48,6144
700,48,6144
701,49,6272
702,48,6144
703,48,6144
704,48,6144
705,48,6144
706,49,6272
707,48,6144
708,48,6144
709,48,6144
710,48,6144
711,48,6144
712,48,6144
713,48,6144
714,49,6272
715,48,6144
716,48,6144
717,49,6272
718,48,6144
719,48,6144
720,48,6144
721,49,6272
722,48,6144
723,49,6272
724,49,6272
725,49,6272
726,49,6272
727,50,6400
728,51,6528
729,49,6272
730,49,6272
731,49,6272
732,49,6272
733,49,6272
734,49,6272
735,48,6144
736,48,6144
737,48,6144
738,48,6144
739,47,6016
740,47,6016
741,47,6016
742,48,6144
743,47,6016
744,47,6016
745,47,6016
746,47,6016
747,47,6016
748,47,6016
749,47,6016
750,47,6016
751,47,6016
752,48,6144
753,47,6016
754,48,6144
755,48,6144
756,47,6016
757,47,6016
758,47,6016
759,48,6144
760,47,6016
761,47,6016
762,48,6144
763,48,6144
764,47,6016
765,47,6016
766,47,6016
767,47,6016
768,47,6016
769,47,6016
770,47,6016
771,47,6016
772,47,6016
773,47,6016
774,47,6016
775,47,6016
776,47,6016
777,47,6016
778,48,6144
779,48,6144
780,48,6144
781,48,6144
782,48,6144
783,50,6400
784,50,6400
785,50,6400
786,50,6400
787,50,6400
788,49,6272
789,49,6272
790,50,6400
791,51,6528
792,50,6400
793,50,6400
794,52,6656
795,49,6272
796,49,6272
797,50,6400
798,50,6400
799,50,6400
800,50,6400
801,50,6400
802,50,6400
803,50,6400
804,50,6400
805,50,6400
806,50,6400
807,51,6528
808,50,6400
809,50,6400
810,50,6400
811,49,6272
812,49,6272
813,49,6272
814,48,6144
815,48,6144
816,48,6144
817,48,6144
818,49,6272
819,49,6272
820,49,6272
821,49,6272
822,50,6400
823,50,6400
824,50,6400
825,50,6400
826,49,6272
827,50,6400
828,49,6272
829,48,6144
830,49,6272
831,50,6400
832,50,6400
833,50,6400
834,50,6400
835,50,6400
836,49,6272
837,49,6272
838,49,6272
839,49,6272
840,49,6272
841,50,6400
842,51,6528
843,50,6400
844,49,6272
845,49,6272
846,50,6400
847,49,6272
848,48,6144
849,48,6144
850,48,6144
851,48,6144
852,48,6144
853,49,6272
854,49,6272
855,48,6144
856,49,6272
857,49,6272
858,49,6272
859,49,6272
860,48,6144
861,48,6144
862,48,6144
863,49,6272
864,48,6144
865,48,6144
866,48,6144
867,48,6144
868,48,6144
869,47,6016
870,47,6016
871,48,6144
872,48,6144
873,47,6016
874,47,6016
875,47,6016
876,47,6016
877,47,6016
878,47,6016
879,48,6144
880,47,6016
881,47,6016
882,47,6016
883,48,6144
884,47,6016
885,47,6016
886,47,6016
887,47,6016
888,47,6016
889,47,6016
890,47,6016
891,48,6144
892,49,6272
893,49,6272
894,49,6272
895,49,6272
896,47,6016
897,47,6016
898,48,6144
899,48,6144
900,48,6144
901,48,6144
902,48,6144
903,48,6144
904,48,6144
905,48,6144
906,48,6144
907,48,6144
908,48,6144
909,48,6144
910,48,6144
911,48,6144
912,48,6144
913,49,6272
914,48,6144
915,49,6272
916,49,6272
917,49,6272
918,50,6400
919,49,6272
920,49,6272
921,50,6400
922,50,6400
923,50,6400
924,48,6144
925,48,6144
926,49,6272
927,49,6272
928,50,6400
929,50,6400
930,50,6400
931,50,6400
932,50,6400
933,50,6400
934,51,6528
935,49,6272
936,49,6272
937,50,6400
938,49,6272
939,49,6272
940,49,6272
941,49,6272
942,49,6272
943,50,6400
944,50,6400
945,49,6272
946,48,6144
947,48,6144
948,48,6144
949,48,6144
950,49,6272
951,49,6272
952,49,6272
953,49,6272
954,49,6272
955,49,6272
956,49,6272
957,50,6400
958,51,6528
959,51,6528
960,51,6528
961,51,6528
962,50,6400
963,50,6400
964,50,6400
965,50,6400
966,51,6528
967,51,6528
968,51,6528
969,50,6400
970,50,6400
971,50,6400
972,50,6400
973,50,6400
974,50,6400
975,50,6400
976,50,6400
977,50,6400
978,50,6400
979,51,6528
980,50,6400
981,50,6400
982,49,6272
983,49,6272
984,49,6272
985,49,6272
986,49,6272
987,49,6272
988,50,6400
989,50,6400
990,49,6272
991,49,6272
992,49,6272
993,49,6272
994,49,6272
995,49,6272
996,50,6400
997,51,6528
998,49,6272
999,50,6400
1000,50,6400
1001,50,6400
1002,50,6400
1003,50,6400
1004,50,6400
1005,49,6272
1006,49,6272
1007,49,6272
1008,48,6144
1009,49,6272
1010,48,6144
1011,49,6272
1012,49,6272
1013,49,6272
1014,48,6144
1015,48,6144
1016,49,6272
1017,48,6144
1018,48,6144
1019,48,6144
1020,49,6272
1021,49,6272
1022,49,6272
1023,49,6272
1024,49,6272
1025,49,6272
1026,49,6272
1027,49,6272
1028,49,6272
1029,49,6272
1030,49,6272
1031,49,6272
1032,49,6272
1033,49,6272
1034,49,6272
1035,50,6400
1036,50,6400
1037,49,6272
1038,50,6400
1039,49,6272
1040,49,6272
1041,49,6272
1042,49,6272
1043,50,6400
1044,49,6272
1045,49,6272
1046,49,6272
1047,50,6400
1048,50,6400
1049,50,6400
1050,48,6144
1051,48,6144
1052,48,6144
1053,47,6016
1054,47,6016
1055,47,6016
1056,47,6016
1057,47,6016
1058,47,6016
1059,48,6144
1060,48,6144
1061,48,6144
1062,48,6144
1063,48,6144
1064,48,6144
1065,48,6144
1066,49,6272
1067,49,6272
1068,47,6016
1069,47,6016
1070,47,6016
1071,47,6016
1072,47,6016
1073,48,6144
1074,48,6144
1075,48,6144
1076,48,6144
1077,48,6144
1078,48,6144
1079,47,6016
1080,47,6016
1081,46,5888
1082,46,5888
1083,47,6016
1084,47,6016
1085,47,6016
1086,47,6016
1087,47,6016
1088,47,6016
1089,47,6016
1090,48,6144
1091,48,6144
1092,48,6144
1093,48,6144
1094,48,6144
1095,48,6144
1096,48,6144
1097,49,6272
1098,48,6144
1099,48,6144
1100,48,6144
1101,48,6144
1102,48,6144
1103,48,6144
1104,47,6016
1105,49,6272
1106,49,6272
1107,49,6272
1108,49,6272
1109,49,6272
1110,47,6016
1111,46,5888
1112,48,6144
1113,48,6144
1114,46,5888
1115,47,6016
1116,46,5888
1117,46,5888
1118,46,5888
1119,46,5888
1120,46,5888
1121,46,5888
1122,46,5888
1123,46,5888
1124,46,5888
1125,46,5888
1126,46,5888
1127,46,5888
1128,46,5888
1129,48,6144
1130,48,6144
1131,48,6144
1132,46,5888
1133,46,5888
1134,47,6016
1135,47,6016
1136,47,6016
1137,47,6016
1138,47,6016
1139,47,6016
1140,46,5888
1141,46,5888
1142,46,5888
1143,47,6016
1144,47,6016
1145,47,6016
1146,47,6016
1147,46,5888
1148,46,5888
1149,47,6016
1150,47,6016
1151,47,6016
1152,48,6144
1153,48,6144
1154,47,6016
1155,46,5888
1156,46,5888
1157,47,6016
1158,47,6016
1159,48,6144
1160,47,6016
1161,48,6144
1162,47,6016
1163,47,6016
1164,48,6144
1165,48,6144
1166,47,6016
1167,47,6016
1168,47,6016
1169,47,6016
1170,47,6016
1171,48,6144
1172,49,6272
1173,48,6144
1174,48,6144
1175,49,6272
1176,49,6272
1177,49,6272
1178,49,6272
1179,49,6272
1180,49,6272
1181,49,6272
1182,48,6144
1183,48,6144
1184,47,6016
1185,48,6144
1186,48,6144
1187,49,6272
1188,49,6272
1189,49,6272
1190,49,6272
1191,50,6400
1192,50,6400
1193,50,6400
1194,50,6400
1195,50,6400
1196,49,6272
1197,50,6400
1198,51,6528
1199,50,6400
1200,50,6400
1201,50,6400
1202,50,6400
1203,50,6400
1204,50,6400
1205,51,6528
1206,51,6528
1207,51,6528
1208,50,6400
1209,50,6400
1210,50,6400
1211,50,6400
1212,51,6528
1213,51,6528
1214,50,6400
1215,50,6400
1216,49,6272
1217,49,6272
1218,49,6272
1219,51,6528
1220,51,6528
1221,51,6528
1222,50,6400
1223,50,6400
1224,50,6400
1225,50,6400
1226,50,6400
1227,50,6400
1228,50,6400
1229,51,6528
1230,51,6528
1231,51,6528
1232,51,6528
1233,51,6528
1234,50,6400
1235,50,6400
1236,50,6400
1237,50,6400
1238,50,6400
1239,50,6400
1240,50,6400
1241,50,6400
1242,50,6400
1243,51,6528
1244,51,6528
1245,51,6528
1246,51,6528
1247,51,6528
1248,51,6528
1249,51,6528
1250,51,6528
1251,51,6528
1252,52,6656
1253,52,6656
1254,52,6656
1255,52,6656
1256,52,6656
1257,51,6528
1258,51,6528
1259,51,6528
1260,51,6528
1261,51,6528
1262,51,6528
1263,52,6656
1264,52,6656
1265,52,6656
1266,53,6784
1267,51,6528
1268,52,6656
1269,51,6528
1270,50,6400
1271,50,6400
1272,50,6400
1273,50,6400
1274,51,6528
1275,51,6528
1276,51,6528
1277,51,6528
1278,51,6528
1279,51,6528
1280,51,6528
1281,51,6528
1282,51,6528
1283,50,6400
1284,50,6400
1285,49,6272
1286,49,6272
1287,49,6272
1288,49,6272
1289,50,6400
1290,50,6400
1291,50,6400
1292,51,6528
1293,51,6528
1294,50,6400
1295,50,6400
1296,49,6272
1297,49,6272
1298,49,6272
1299,50,6400
1300,49,6272
1301,49,6272
1302,48,6144
1303,49,6272
1304,49,6272
1305,47,6016
1306,48,6144
1307,48,6144
1308,48,6144
1309,48,6144
1310,48,6144
1311,49,6272
1312,49,6272
1313,50,6400
1314,50,6400
1315,50,6400
1316,50,6400
1317,50,6400
1318,50,6400
1319,50,6400
1320,50,6400
1321,49,6272
1322,49,6272
1323,49,6272
1324,49,6272
1325,49,6272
1326,49,6272
1327,49,6272
1328,49,6272
1329,49,6272
1330,49,6272
1331,50,6400
1332,50,6400
1333,50,6400
1334,50,6400
1335,49,6272
1336,49,6272
1337,49,6272
1338,50,6400
1339,49,6272
1340,49,6272
1341,49,6272
1342,49,6272
1343,49,6272
1344,49,6272
1345,49,6272
1346,49,6272
1347,49,6272
1348,49,6272
1349,49,6272
1350,49,6272
1351,50,6400
1352,50,6400
1353,50,6400
1354,50,6400
1355,51,6528
1356,51,6528
1357,50,6400
1358,50,6400
1359,50,6400
1360,51,6528
1361,51,6528
1362,49,6272
1363,49,6272
1364,49,6272
1365,49,6272
1366,49,6272
1367,50,6400
1368,50,6400
1369,49,6272
1370,49,6272
1371,49,6272
1372,48,6144
1373,48,6144
1374,48,6144
1375,48,6144
1376,48,6144
1377,48,6144
1378,48,6144
1379,48,6144
1380,48,6144
1381,49,6272
1382,48,6144
1383,48,6144
1384,48,6144
1385,48,6144
1386,49,6272
1387,48,6144
1388,48,6144
1389,49,6272
1390,49,6272
1391,48,6144
1392,48,6144
1393,48,6144
1394,49,6272
1395,49,6272
1396,50,6400
1397,49,6272
1398,49,6272
1399,50,6400
1400,50,6400
1401,49,6272
1402,49,6272
1403,48,6144
1404,48,6144
1405,48,6144
1406,49,6272
1407,49,6272
1408,49,6272
1409,48,6144
1410,48,6144
1411,48,6144
1412,48,6144
1413,49,6272
1414,50,6400
1415,50,6400
1416,50,6400
1417,50,6400
1418,50,6400
1419,50,6400
1420,50,6400
1421,50,6400
1422,50,6400
1423,50,6400
1424,50,6400
1425,50,6400
1426,50,6400
1427,50,6400
1428,50,6400
1429,50,6400
1430,50,6400
1431,49,6272
1432,48,6144
1433,48,6144
1434,49,6272
1435,49,6272
1436,49,6272
1437,49,6272
1438,49,6272
1439,49,6272
1440,49,6272
1441,50,6400
1442,50,6400
1443,50,6400
1444,50,6400
1445,48,6144
1446,47,6016
1447,47,6016
1448,47,6016
1449,47,6016
1450,47,6016
1451,47,6016
1452,48,6144
1453,48,6144
1454,48,6144
1455,48,6144
1456,47,6016
1457,48,6144
1458,48,6144
1459,48,6144
1460,49,6272
1461,48,6144
1462,49,6272
1463,49,6272
1464,49,6272
1465,49,6272
1466,49,6272
1467,49,6272
1468,49,6272
1469,49,6272
1470,48,6144
1471,46,5888
1472,46,5888
1473,47,6016
1474,47,6016
1475,48,6144
1476,48,6144
1477,49,6272
1478,49,6272
1479,49,6272
1480,48,6144
1481,48,6144
1482,48,6144
1483,48,6144
1484,48,6144
1485,48,6144
1486,48,6144
1487,48,6144
1488,48,6144
1489,49,6272
1490,49,6272
1491,50,6400
1492,50,6400
1493,50,6400
1494,50,6400
1495,49,6272
1496,50,6400
1497,50,6400
1498,51,6528
1499,49,6272
1500,49,6272
1501,49,6272
1502,50,6400
1503,49,6272
1504,50,6400
1505,50,6400
1506,50,6400
1507,50,6400
1508,49,6272
1509,49,6272
1510,49,6272
1511,49,6272
1512,49,6272
1513,49,6272
1514,51,6528
1515,51,6528
1516,51,6528
1517,52,6656
1518,52,6656
1519,52,6656
1520,52,6656
1521,52,6656
1522,52,6656
1523,52,6656
1524,52,6656
1525,52,6656
1526,51,6528
1527,51,6528
1528,51,6528
1529,49,6272
1530,50,6400
1531,50,6400
1532,50,6400
1533,50,6400
1534,50,6400
1535,49,6272
1536,48,6144
1537,49,6272
1538,49,6272
1539,49,6272
1540,49,6272
1541,48,6144
1542,48,6144
1543,48,6144
1544,49,6272
1545,49,6272
1546,49,6272
1547,49,6272
1548,49,6272
1549,49,6272
1550,49,6272
1551,50,6400
1552,49,6272
1553,49,6272
1554,49,6272
1555,49,6272
1556,49,6272
1557,50,6400
1558,49,6272
1559,49,6272
1560,49,6272
1561,48,6144
1562,48,6144
1563,49,6272
1564,49,6272
1565,49,6272
1566,48,6144
1567,48,6144
1568,48,6144
1569,48,6144
1570,48,6144
1571,48,6144
1572,48,6144
1573,48,6144
1574,49,6272
1575,49,6272
1576,49,6272
1577,49,6272
1578,49,6272
1579,49,6272
1580,49,6272
1581,49,6272
1582,49,6272
1583,48,6144
1584,48,6144
1585,48,6144
1586,49,6272
1587,48,6144
1588,49,6272
1589,49,6272
1590,49,6272
1591,48,6144
1592,48,6144
1593,48,6144
1594,49,6272
1595,49,6272
1596,49,6272
1597,49,6272
1598,49,6272
1599,49,6272
1600,49,6272
1601,49,6272
1602,50,6400
1603,49,6272
1604,49,6272
1605,49,6272
1606,49,6272
1607,48,6144
1608,48,6144
1609,48,6144
1610,49,6272
1611,49,6272
1612,49,6272
1613,50,6400
1614,49,6272
1615,50,6400
1616,50,6400
1617,50,6400
1618,50,6400
1619,50,6400
1620,49,6272
1621,48,6144
1622,48,6144
1623,48,6144
1624,49,6272
1625,49,6272
1626,49,6272
1627,49,6272
1628,49,6272
1629,49,6272
1630,49,6272
1631,49,6272
1632,49,6272
1633,49,6272
1634,48,6144
1635,48,6144
1636,48,6144
1637,49,6272
1638,48,6144
1639,46,5888
1640,47,6016
1641,47,6016
1642,46,5888
1643,46,5888
1644,47,6016
1645,47,6016
1646,48,6144
1647,48,6144
1648,48,6144
1649,48,6144
1650,48,6144
1651,48,6144
1652,48,6144
1653,48,6144
1654,49,6272
1655,49,6272
1656,48,6144
1657,48,6144
1658,48,6144
1659,48,6144
1660,49,6272
1661,49,6272
1662,49,6272
1663,49,6272
1664,50,6400
1665,50,6400
1666,50,6400
1667,50,6400
1668,50,6400
1669,50,6400
1670,50,6400
1671,50,6400
1672,49,6272
1673,49,6272
1674,49,6272
1675,49,6272
1676,49,6272
1677,50,6400
1678,50,6400
1679,49,6272
1680,49,6272
1681,49,6272
1682,49,6272
1683,49,6272
1684,49,6272
1685,49,6272
1686,49,6272
1687,49,6272
1688,49,6272
1689,49,6272
1690,48,6144
1691,48,6144
1692,48,6144
1693,48,6144
1694,48,6144
1695,48,6144
1696,47,6016
1697,48,6144
1698,48,6144
1699,48,6144
1700,48,6144
1701,48,6144
1702,49,6272
1703,48,6144
1704,48,6144
1705,48,6144
1706,47,6016
1707,48,6144
1708,48,6144
1709,47,6016
1710,47,6016
1711,47,6016
1712,48,6144
1713,48,6144
1714,48,6144
1715,48,6144
1716,47,6016
1717,47,6016
1718,48,6144
1719,48,6144
1720,48,6144
1721,48,6144
1722,48,6144
1723,49,6272
1724,49,6272
1725,50,6400
1726,50,6400
1727,49,6272
1728,49,6272
1729,49,6272
1730,48,6144
1731,48,6144
1732,48,6144
1733,49,6272
1734,49,6272
1735,49,6272
1736,49,6272
1737,48,6144
1738,49,6272
1739,49,6272
1740,49,6272
1741,50,6400
1742,50,6400
1743,50,6400
1744,50,6400
1745,50,6400
1746,51,6528
1747,50,6400
1748,50,6400
1749,50,6400
1750,50,6400
1751,50,6400
1752,51,6528
1753,51,6528
1754,51,6528
1755,49,6272
1756,50,6400
1757,49,6272
1758,48,6144
1759,48,6144
1760,49,6272
1761,50,6400
1762,50,6400
1763,50,6400
1764,51,6528
1765,51,6528
1766,50,6400
1767,50,6400
1768,50,6400
1769,48,6144
1770,48,6144
1771,48,6144
1772,49,6272
1773,48,6144
1774,48,6144
1775,48,6144
1776,49,6272
1777,48,6144
1778,48,6144
1779,49,6272
1780,48,6144
1781,48,6144
1782,49,6272
1783,49,6272
1784,49,6272
1785,49,6272
1786,49,6272
1787,49,6272
1788,49,6272
1789,49,6272
1790,49,6272
1791,49,6272
1792,49,6272
1793,49,6272
1794,48,6144
1795,48,6144
1796,48,6144
1797,48,6144
1798,48,6144
1799,49,6272
1800,49,6272
1801,49,6272
1802,49,6272
1803,48,6144
1804,48,6144
1805,48,6144
1806,48,6144
1807,47,6016
1808,48,6144
1809,48,6144
1810,48,6144
1811,48,6144
1812,48,6144
1813,49,6272
1814,49,6272
1815,48,6144
1816,48,6144
1817,48,6144
1818,48,6144
1819,48,6144
1820,48,6144
1821,47,6016
1822,48,6144
1823,47,6016
1824,48,6144
1825,48,6144
1826,48,6144
1827,47,6016
1828,47,6016
1829,47,6016
1830,47,6016
1831,47,6016
1832,47,6016
1833,47,6016
1834,47,6016
1835,47,6016
1836,48,6144
1837,49,6272
1838,48,6144
1839,49,6272
1840,49,6272
1841,49,6272
1842,50,6400
1843,49,6272
1844,49,6272
1845,48,6144
1846,48,6144
1847,48,6144
1848,48,6144
1849,48,6144
1850,48,6144
1851,48,6144
1852,49,6272
1853,49,6272
1854,49,6272
1855,48,6144
1856,49,6272
1857,50,6400
1858,50,6400
1859,48,6144
1860,48,6144
1861,49,6272
1862,49,6272
1863,49,6272
1864,49,6272
1865,49,6272
1866,48,6144
1867,48,6144
1868,48,6144
1869,47,6016
1870,47,6016
1871,47,6016
1872,47,6016
1873,47,6016
1874,47,6016
1875,47,6016
1876,47,6016
1877,48,6144
1878,47,6016
1879,47,6016
1880,48,6144
1881,48,6144
1882,48,6144
1883,49,6272
1884,49,6272
1885,48,6144
1886,48,6144
1887,47,6016
1888,47,6016
1889,48,6144
1890,47,6016
1891,47,6016
1892,48,6144
1893,48,6144
1894,49,6272
1895,49,6272
1896,49,6272
1897,49,6272
1898,49,6272
1899,50,6400
1900,50,6400
1901,50,6400
1902,50,6400
1903,50,6400
1904,50,6400
1905,51,6528
1906,50,6400
1907,51,6528
1908,51,6528
1909,49,6272
1910,49,6272
1911,49,6272
1912,49,6272
1913,49,6272
1914,50,6400
1915,50,6400
1916,50,6400
1917,51,6528
1918,50,6400
1919,50,6400
1920,50,6400
1921,50,6400
1922,50,6400
1923,50,6400
1924,49,6272
1925,49,6272
1926,49,6272
1927,49,6272
1928,50,6400
1929,50,6400
1930,50,6400
1931,50,6400
1932,49,6272
1933,49,6272
1934,49,6272
1935,49,6272
1936,49,6272
1937,48,6144
1938,48,6144
1939,48,6144
1940,48,6144
1941,48,6144
1942,46,5888
1943,47,6016
1944,47,6016
1945,47,6016
1946,47,6016
1947,47,6016
1948,46,5888
1949,46,5888
1950,46,5888
1951,46,5888
1952,46,5888
1953,46,5888
1954,45,5760
1955,45,5760
1956,45,5760
1957,46,5888
1958,46,5888
1959,46,5888
1960,47,6016
1961,47,6016
1962,46,5888
1963,46,5888
1964,46,5888
1965,46,5888
1966,47,6016
1967,47,6016
1968,47,6016
1969,46,5888
1970,46,5888
1971,47,6016
1972,46,5888
1973,46,5888
1974,47,6016
1975,47,6016
1976,47,6016
1977,47,6016
1978,47,6016
1979,46,5888
1980,45,5760
1981,47,6016
1982,47,6016
1983,47,6016
1984,47,6016
1985,47,6016
1986,46,5888
1987,46,5888
1988,46,5888
1989,46,5888
1990,46,5888
1991,47,6016
1992,47,6016
1993,47,6016
1994,47,6016
1995,47,6016
1996,47,6016
1997,47,6016
1998,48,6144
1999,48,6144
2000,48,6144
